   0.00000000       0.00000000       0.00000000       1.00000000    
   0.00000000       0.00000000       3.94020426E-05   1.00000000    
   0.00000000       0.00000000       1.57606788E-04   1.00000000    
   0.00000000       0.00000000       3.54611082E-04  0.999999940    
   0.00000000       0.00000000       6.30412251E-04  0.999999821    
   0.00000000       0.00000000       9.85007617E-04  0.999999523    
   0.00000000       0.00000000       1.41839380E-03  0.999998987    
   0.00000000       0.00000000       1.93056813E-03  0.999998152    
   0.00000000       0.00000000       2.52152723E-03  0.999996841    
   0.00000000       0.00000000       3.19126807E-03  0.999994934    
   0.00000000       0.00000000       3.93978599E-03  0.999992251    
   0.00000000       0.00000000       4.76707658E-03  0.999988675    
   0.00000000       0.00000000       5.67313610E-03  0.999983966    
   0.00000000       0.00000000       6.65795850E-03  0.999977887    
   0.00000000       0.00000000       7.72153866E-03  0.999970257    
   0.00000000       0.00000000       8.86387005E-03  0.999960780    
   0.00000000       0.00000000       1.00849448E-02  0.999949217    
   0.00000000       0.00000000       1.13847554E-02  0.999935269    
   0.00000000       0.00000000       1.27632916E-02  0.999918640    
   0.00000000       0.00000000       1.42205432E-02  0.999898970    
   0.00000000       0.00000000       1.57564990E-02  0.999875963    
   0.00000000       0.00000000       1.73711441E-02  0.999849200    
   0.00000000       0.00000000       1.90644674E-02  0.999818325    
   0.00000000       0.00000000       2.08364502E-02  0.999782979    
   0.00000000       0.00000000       2.26870738E-02  0.999742687    
   0.00000000       0.00000000       2.46163197E-02  0.999697030    
   0.00000000       0.00000000       2.66241636E-02  0.999645591    
   0.00000000       0.00000000       2.87105832E-02  0.999587834    
   0.00000000       0.00000000       3.08755506E-02  0.999523282    
   0.00000000       0.00000000       3.31190340E-02  0.999451458    
   0.00000000       0.00000000       3.54409963E-02  0.999371827    
   0.00000000       0.00000000       3.78414057E-02  0.999283791    
   0.00000000       0.00000000       4.03202251E-02  0.999186814    
   0.00000000       0.00000000       4.28774059E-02  0.999080360    
   0.00000000       0.00000000       4.55128998E-02  0.998963773    
   0.00000000       0.00000000       4.82266545E-02  0.998836458    
   0.00000000       0.00000000       5.10186180E-02  0.998697758    
   0.00000000       0.00000000       5.38887270E-02  0.998547018    
   0.00000000       0.00000000       5.68369180E-02  0.998383522    
   0.00000000       0.00000000       5.98631166E-02  0.998206615    
   0.00000000       0.00000000       6.29672483E-02  0.998015642    
   0.00000000       0.00000000       6.61492273E-02  0.997809768    
   0.00000000       0.00000000       6.94089681E-02  0.997588336    
   0.00000000       0.00000000       7.27463812E-02  0.997350514    
   0.00000000       0.00000000       7.61613697E-02  0.997095525    
   0.00000000       0.00000000       7.96538070E-02  0.996822596    
   0.00000000       0.00000000       8.32235888E-02  0.996530890    
   0.00000000       0.00000000       8.68705884E-02  0.996219575    
   0.00000000       0.00000000       9.05946717E-02  0.995887816    
   0.00000000       0.00000000       9.43957120E-02  0.995534718    
   0.00000000       0.00000000       9.82735530E-02  0.995159388    
   0.00000000       0.00000000      0.102228031      0.994760931    
   0.00000000       0.00000000      0.106258988      0.994338453    
   0.00000000       0.00000000      0.110366248      0.993890941    
   0.00000000       0.00000000      0.114549622      0.993417501    
   0.00000000       0.00000000      0.118808910      0.992917120    
   0.00000000       0.00000000      0.123143911      0.992388785    
   0.00000000       0.00000000      0.127554402      0.991831541    
   0.00000000       0.00000000      0.132040143      0.991244316    
   0.00000000       0.00000000      0.136600897      0.990626097    
   0.00000000       0.00000000      0.141236395      0.989975810    
   0.00000000       0.00000000      0.145946383      0.989292383    
   0.00000000       0.00000000      0.150730565      0.988574743    
   0.00000000       0.00000000      0.155588642      0.987821817    
   0.00000000       0.00000000      0.160520315      0.987032413    
   0.00000000       0.00000000      0.165525243      0.986205459    
   0.00000000       0.00000000      0.170603082      0.985339761    
   0.00000000       0.00000000      0.175753474      0.984434128    
   0.00000000       0.00000000      0.180976048      0.983487427    
   0.00000000       0.00000000      0.186270416      0.982498467    
   0.00000000       0.00000000      0.191636145      0.981465995    
   0.00000000       0.00000000      0.197072834      0.980388820    
   0.00000000       0.00000000      0.202580005      0.979265690    
   0.00000000       0.00000000      0.208157197      0.978095353    
   0.00000000       0.00000000      0.213803917      0.976876557    
   0.00000000       0.00000000      0.219519660      0.975608051    
   0.00000000       0.00000000      0.225303903      0.974288523    
   0.00000000       0.00000000      0.231156066      0.972916663    
   0.00000000       0.00000000      0.237075612      0.971491158    
   0.00000000       0.00000000      0.243061885      0.970010757    
   0.00000000       0.00000000      0.249114275      0.968474090    
   0.00000000       0.00000000      0.255232155      0.966879785    
   0.00000000       0.00000000      0.261414826      0.965226531    
   0.00000000       0.00000000      0.267661572      0.963512957    
   0.00000000       0.00000000      0.273971647      0.961737752    
   0.00000000       0.00000000      0.280344278      0.959899485    
   0.00000000       0.00000000      0.286778659      0.957996845    
   0.00000000       0.00000000      0.293273956      0.956028402    
   0.00000000       0.00000000      0.299829245      0.953992844    
   0.00000000       0.00000000      0.306443572      0.951888800    
   0.00000000       0.00000000      0.313115954      0.949714899    
   0.00000000       0.00000000      0.319845438      0.947469711    
   0.00000000       0.00000000      0.326630741      0.945151985    
   0.00000000       0.00000000      0.333470851      0.942760348    
   0.00000000       0.00000000      0.340364158      0.940293610    
   0.00000000       0.00000000      0.347309470      0.937750459    
   0.00000000       0.00000000      0.354304701      0.935129941    
   0.00000000       0.00000000      0.361348122      0.932430863    
   0.00000000       0.00000000      0.368434578      0.929653585    
   0.00000000       0.00000000      0.375562370      0.926797032    
   0.00000000       0.00000000      0.382712722      0.923867285    
   0.00000000       0.00000000      0.389831483      0.920886099    
   0.00000000       0.00000000      0.396876514      0.917871892    
   0.00000000       0.00000000      0.403836697      0.914830983    
   0.00000000       0.00000000      0.410709232      0.911766291    
   0.00000000       0.00000000      0.417492270      0.908680379    
   0.00000000       0.00000000      0.424184829      0.905575514    
   0.00000000       0.00000000      0.430786729      0.902453661    
   0.00000000       0.00000000      0.437297672      0.899316728    
   0.00000000       0.00000000      0.443717748      0.896166503    
   0.00000000       0.00000000      0.450046986      0.893004775    
   0.00000000       0.00000000      0.456285596      0.889833272    
   0.00000000       0.00000000      0.462433815      0.886653662    
   0.00000000       0.00000000      0.468491912      0.883467615    
   0.00000000       0.00000000      0.474460185      0.880276799    
   0.00000000       0.00000000      0.480338991      0.877082765    
   0.00000000       0.00000000      0.486128658      0.873887062    
   0.00000000       0.00000000      0.491829664      0.870691240    
   0.00000000       0.00000000      0.497442394      0.867496789    
   0.00000000       0.00000000      0.502967298      0.864305258    
   0.00000000       0.00000000      0.508404791      0.861118019    
   0.00000000       0.00000000      0.513755322      0.857936561    
   0.00000000       0.00000000      0.519019425      0.854762256    
   0.00000000       0.00000000      0.524197578      0.851596475    
   0.00000000       0.00000000      0.529290318      0.848440588    
   0.00000000       0.00000000      0.534298122      0.845295906    
   0.00000000       0.00000000      0.539221525      0.842163742    
   0.00000000       0.00000000      0.544061065      0.839045405    
   0.00000000       0.00000000      0.548817277      0.835942149    
   0.00000000       0.00000000      0.553490698      0.832855165    
   0.00000000       0.00000000      0.558081925      0.829785645    
   0.00000000       0.00000000      0.562591434      0.826734841    
   0.00000000       0.00000000      0.567019820      0.823703885    
   0.00000000       0.00000000      0.571367681      0.820693970    
   0.00000000       0.00000000      0.575635552      0.817706168    
   0.00000000       0.00000000      0.579823971      0.814741552    
   0.00000000       0.00000000      0.583933592      0.811801195    
   0.00000000       0.00000000      0.587964892      0.808886230    
   0.00000000       0.00000000      0.591918468      0.805997610    
   0.00000000       0.00000000      0.595794916      0.803136349    
   0.00000000       0.00000000      0.599594772      0.800303459    
   0.00000000       0.00000000      0.603318632      0.797499955    
   0.00000000       0.00000000      0.606967032      0.794726729    
   0.00000000       0.00000000      0.610540569      0.791984677    
   0.00000000       0.00000000      0.614039779      0.789274752    
   0.00000000       0.00000000      0.617465258      0.786597848    
   0.00000000       0.00000000      0.620817542      0.783954799    
   0.00000000       0.00000000      0.624097168      0.781346440    
   0.00000000       0.00000000      0.627304673      0.778773606    
   0.00000000       0.00000000      0.630440652      0.776237130    
   0.00000000       0.00000000      0.633505583      0.773737788    
   0.00000000       0.00000000      0.636500001      0.771276355    
   0.00000000       0.00000000      0.639424503      0.768853545    
   0.00000000       0.00000000      0.642279565      0.766470134    
   0.00000000       0.00000000      0.645065665      0.764126778    
   0.00000000       0.00000000      0.647783339      0.761824250    
   0.00000000       0.00000000      0.650433123      0.759563148    
   0.00000000       0.00000000      0.653015494      0.757344186    
   0.00000000       0.00000000      0.655530930      0.755167961    
   0.00000000       0.00000000      0.657979906      0.753035128    
   0.00000000       0.00000000      0.660362899      0.750946283    
   0.00000000       0.00000000      0.662680387      0.748902023    
   0.00000000       0.00000000      0.664932787      0.746902883    
   0.00000000       0.00000000      0.667120576      0.744949460    
   0.00000000       0.00000000      0.669244170      0.743042231    
   0.00000000       0.00000000      0.671304047      0.741181791    
   0.00000000       0.00000000      0.673300564      0.739368558    
   0.00000000       0.00000000      0.675234199      0.737603128    
   0.00000000       0.00000000      0.677105308      0.735885859    
   0.00000000       0.00000000      0.678914249      0.734217286    
   0.00000000       0.00000000      0.680661440      0.732597828    
   0.00000000       0.00000000      0.682347238      0.731027901    
   0.00000000       0.00000000      0.683972001      0.729507923    
   0.00000000       0.00000000      0.685536087      0.728038311    
   0.00000000       0.00000000      0.687039793      0.726619422    
   0.00000000       0.00000000      0.688483477      0.725251615    
   0.00000000       0.00000000      0.689867496      0.723935246    
   0.00000000       0.00000000      0.691192091      0.722670674    
   0.00000000       0.00000000      0.692457557      0.721458197    
   0.00000000       0.00000000      0.693664193      0.720298111    
   0.00000000       0.00000000      0.694812298      0.719190717    
   0.00000000       0.00000000      0.695902050      0.718136311    
   0.00000000       0.00000000      0.696933746      0.717135131    
   0.00000000       0.00000000      0.697907627      0.716187418    
   0.00000000       0.00000000      0.698823869      0.715293407    
   0.00000000       0.00000000      0.699682713      0.714453340    
   0.00000000       0.00000000      0.700484335      0.713667393    
   0.00000000       0.00000000      0.701228917      0.712935805    
   0.00000000       0.00000000      0.701916635      0.712258756    
   0.00000000       0.00000000      0.702547669      0.711636364    
   0.00000000       0.00000000      0.703122139      0.711068809    
   0.00000000       0.00000000      0.703640163      0.710556209    
   0.00000000       0.00000000      0.704101861      0.710098684    
   0.00000000       0.00000000      0.704507351      0.709696412    
   0.00000000       0.00000000      0.704856753      0.709349394    
   0.00000000       0.00000000      0.705150068      0.709057808    
   0.00000000       0.00000000      0.705387414      0.708821654    
   0.00000000       0.00000000      0.705568850      0.708641052    
   0.00000000       0.00000000      0.705694437      0.708516002    
   0.00000000       0.00000000      0.705764174      0.708446503    
   0.00000000       0.00000000      0.705778062      0.708432674    
