   0.00000000       0.00000000       0.00000000    
   0.00000000       0.00000000       1.25333974E-02
   0.00000000       0.00000000       2.50664204E-02
   0.00000000       0.00000000       3.75988968E-02
   0.00000000       0.00000000       5.01310229E-02
   0.00000000       0.00000000       6.26626611E-02
   0.00000000       0.00000000       7.51938149E-02
   0.00000000       0.00000000       8.77245814E-02
   0.00000000       0.00000000      0.100254871    
   0.00000000       0.00000000      0.112784706    
   0.00000000       0.00000000      0.125313908    
   0.00000000       0.00000000      0.137842610    
   0.00000000       0.00000000      0.150370955    
   0.00000000       0.00000000      0.162898585    
   0.00000000       0.00000000      0.175425783    
   0.00000000       0.00000000      0.187952310    
   0.00000000       0.00000000      0.200478435    
   0.00000000       0.00000000      0.213003770    
   0.00000000       0.00000000      0.225528598    
   0.00000000       0.00000000      0.238052815    
   0.00000000       0.00000000      0.250576288    
   0.00000000       0.00000000      0.263099164    
   0.00000000       0.00000000      0.275621593    
   0.00000000       0.00000000      0.288142860    
   0.00000000       0.00000000      0.300663799    
   0.00000000       0.00000000      0.313184142    
   0.00000000       0.00000000      0.325703800    
   0.00000000       0.00000000      0.338222474    
   0.00000000       0.00000000      0.350740671    
   0.00000000       0.00000000      0.363257408    
   0.00000000       0.00000000      0.375773758    
   0.00000000       0.00000000      0.388289213    
   0.00000000       0.00000000      0.400804251    
   0.00000000       0.00000000      0.413317472    
   0.00000000       0.00000000      0.425830245    
   0.00000000       0.00000000      0.438342094    
   0.00000000       0.00000000      0.450853050    
   0.00000000       0.00000000      0.463362813    
   0.00000000       0.00000000      0.475871772    
   0.00000000       0.00000000      0.488379240    
   0.00000000       0.00000000      0.500885844    
   0.00000000       0.00000000      0.513391256    
   0.00000000       0.00000000      0.525895715    
   0.00000000       0.00000000      0.538399577    
   0.00000000       0.00000000      0.550901353    
   0.00000000       0.00000000      0.563401341    
   0.00000000       0.00000000      0.575900674    
   0.00000000       0.00000000      0.588397980    
   0.00000000       0.00000000      0.600893915    
   0.00000000       0.00000000      0.613389313    
   0.00000000       0.00000000      0.625882506    
   0.00000000       0.00000000      0.638374031    
   0.00000000       0.00000000      0.650864244    
   0.00000000       0.00000000      0.663352668    
   0.00000000       0.00000000      0.675839186    
   0.00000000       0.00000000      0.688323855    
   0.00000000       0.00000000      0.700806201    
   0.00000000       0.00000000      0.713285863    
   0.00000000       0.00000000      0.725763679    
   0.00000000       0.00000000      0.738239527    
   0.00000000       0.00000000      0.750712872    
   0.00000000       0.00000000      0.763183236    
   0.00000000       0.00000000      0.775650740    
   0.00000000       0.00000000      0.788115382    
   0.00000000       0.00000000      0.800576329    
   0.00000000       0.00000000      0.813035190    
   0.00000000       0.00000000      0.825489819    
   0.00000000       0.00000000      0.837941229    
   0.00000000       0.00000000      0.850389957    
   0.00000000       0.00000000      0.862833261    
   0.00000000       0.00000000      0.875273168    
   0.00000000       0.00000000      0.887707412    
   0.00000000       0.00000000      0.900135219    
   0.00000000       0.00000000      0.912560523    
   0.00000000       0.00000000      0.924978495    
   0.00000000       0.00000000      0.937390983    
   0.00000000       0.00000000      0.949796200    
   0.00000000       0.00000000      0.962194145    
   0.00000000       0.00000000      0.974588156    
   0.00000000       0.00000000      0.986962199    
   0.00000000       0.00000000      0.999337375    
   0.00000000       0.00000000       1.01170111    
   0.00000000       0.00000000       1.02405059    
   0.00000000       0.00000000       1.03638983    
   0.00000000       0.00000000       1.04871047    
   0.00000000       0.00000000       1.06102073    
   0.00000000       0.00000000       1.07330704    
   0.00000000       0.00000000       1.08558178    
   0.00000000       0.00000000       1.09781885    
   0.00000000       0.00000000       1.11003077    
   0.00000000       0.00000000       1.12220955    
   0.00000000       0.00000000       1.13435912    
   0.00000000       0.00000000       1.14643335    
   0.00000000       0.00000000       1.15848231    
   0.00000000       0.00000000       1.17038894    
   0.00000000       0.00000000       1.18226099    
   0.00000000       0.00000000       1.19387448    
   0.00000000       0.00000000       1.20527613    
   0.00000000       0.00000000       1.21585953    
   0.00000000       0.00000000       1.22567332    
   0.00000000       0.00000000       1.22974586    
   0.00000000       0.00000000       1.22416806    
   0.00000000       0.00000000       1.21335220    
   0.00000000       0.00000000       1.20259392    
   0.00000000       0.00000000       1.19101703    
   0.00000000       0.00000000       1.17935336    
   0.00000000       0.00000000       1.16743541    
   0.00000000       0.00000000       1.15550208    
   0.00000000       0.00000000       1.14342308    
   0.00000000       0.00000000       1.13133478    
   0.00000000       0.00000000       1.11916709    
   0.00000000       0.00000000       1.10698366    
   0.00000000       0.00000000       1.09476113    
   0.00000000       0.00000000       1.08251381    
   0.00000000       0.00000000       1.07023287    
   0.00000000       0.00000000       1.05794096    
   0.00000000       0.00000000       1.04562593    
   0.00000000       0.00000000       1.03330588    
   0.00000000       0.00000000       1.02096200    
   0.00000000       0.00000000       1.00860953    
   0.00000000       0.00000000      0.996241391    
   0.00000000       0.00000000      0.983864725    
   0.00000000       0.00000000      0.971486151    
   0.00000000       0.00000000      0.959087610    
   0.00000000       0.00000000      0.946687996    
   0.00000000       0.00000000      0.934279919    
   0.00000000       0.00000000      0.921865702    
   0.00000000       0.00000000      0.909446239    
   0.00000000       0.00000000      0.897020280    
   0.00000000       0.00000000      0.884591222    
   0.00000000       0.00000000      0.872155368    
   0.00000000       0.00000000      0.859714031    
   0.00000000       0.00000000      0.847269177    
   0.00000000       0.00000000      0.834820151    
   0.00000000       0.00000000      0.822367132    
   0.00000000       0.00000000      0.809911072    
   0.00000000       0.00000000      0.797452807    
   0.00000000       0.00000000      0.784990132    
   0.00000000       0.00000000      0.772524238    
   0.00000000       0.00000000      0.760055780    
   0.00000000       0.00000000      0.747584701    
   0.00000000       0.00000000      0.735110223    
   0.00000000       0.00000000      0.722634852    
   0.00000000       0.00000000      0.710156441    
   0.00000000       0.00000000      0.697675705    
   0.00000000       0.00000000      0.685193062    
   0.00000000       0.00000000      0.672707975    
   0.00000000       0.00000000      0.660220325    
   0.00000000       0.00000000      0.647731960    
   0.00000000       0.00000000      0.635241389    
   0.00000000       0.00000000      0.622748971    
   0.00000000       0.00000000      0.610255480    
   0.00000000       0.00000000      0.597760320    
   0.00000000       0.00000000      0.585264027    
   0.00000000       0.00000000      0.572765172    
   0.00000000       0.00000000      0.560265899    
   0.00000000       0.00000000      0.547764897    
   0.00000000       0.00000000      0.535263240    
   0.00000000       0.00000000      0.522759616    
   0.00000000       0.00000000      0.510255098    
   0.00000000       0.00000000      0.497749060    
   0.00000000       0.00000000      0.485242099    
   0.00000000       0.00000000      0.472734094    
   0.00000000       0.00000000      0.460224956    
   0.00000000       0.00000000      0.447714627    
   0.00000000       0.00000000      0.435203463    
   0.00000000       0.00000000      0.422691405    
   0.00000000       0.00000000      0.410178721    
   0.00000000       0.00000000      0.397664309    
   0.00000000       0.00000000      0.385149211    
   0.00000000       0.00000000      0.372634083    
   0.00000000       0.00000000      0.360117435    
   0.00000000       0.00000000      0.347600192    
   0.00000000       0.00000000      0.335082173    
   0.00000000       0.00000000      0.322563231    
   0.00000000       0.00000000      0.310043275    
   0.00000000       0.00000000      0.297522902    
   0.00000000       0.00000000      0.285001844    
   0.00000000       0.00000000      0.272480190    
   0.00000000       0.00000000      0.259957790    
   0.00000000       0.00000000      0.247434989    
   0.00000000       0.00000000      0.234911099    
   0.00000000       0.00000000      0.222386658    
   0.00000000       0.00000000      0.209861696    
   0.00000000       0.00000000      0.197336137    
   0.00000000       0.00000000      0.184809938    
   0.00000000       0.00000000      0.172283396    
   0.00000000       0.00000000      0.159756050    
   0.00000000       0.00000000      0.147228122    
   0.00000000       0.00000000      0.134699777    
   0.00000000       0.00000000      0.122170947    
   0.00000000       0.00000000      0.109641470    
   0.00000000       0.00000000       9.71115381E-02
   0.00000000       0.00000000       8.45812783E-02
   0.00000000       0.00000000       7.20504373E-02
   0.00000000       0.00000000       5.95191009E-02
   0.00000000       0.00000000       4.69873436E-02
   0.00000000       0.00000000       3.44550908E-02
   0.00000000       0.00000000       2.19225064E-02
   0.00000000       0.00000000       9.38953087E-03
   0.00000000       2.78521166E-03  -1.05504319E-03
