   0.00000000       0.00000000       0.00000000       1.00000000    
   0.00000000       0.00000000       3.89568049E-05  0.999999881    
   0.00000000       0.00000000       1.56721857E-04   1.00000000    
   0.00000000       0.00000000       3.53263982E-04  0.999999940    
   0.00000000       0.00000000       6.28621259E-04  0.999999821    
   0.00000000       0.00000000       9.82767320E-04  0.999999583    
   0.00000000       0.00000000       1.41570810E-03  0.999998927    
   0.00000000       0.00000000       1.92743633E-03  0.999998212    
   0.00000000       0.00000000       2.51793978E-03  0.999996781    
   0.00000000       0.00000000       3.18723056E-03  0.999994934    
   0.00000000       0.00000000       3.93529702E-03  0.999992251    
   0.00000000       0.00000000       4.76213871E-03  0.999988675    
   0.00000000       0.00000000       5.66774933E-03  0.999983966    
   0.00000000       0.00000000       6.65212004E-03  0.999977946    
   0.00000000       0.00000000       7.71526573E-03  0.999970376    
   0.00000000       0.00000000       8.85716174E-03  0.999960840    
   0.00000000       0.00000000       1.00777727E-02  0.999949276    
   0.00000000       0.00000000       1.13771167E-02  0.999935329    
   0.00000000       0.00000000       1.27552254E-02  0.999918699    
   0.00000000       0.00000000       1.42120263E-02  0.999898970    
   0.00000000       0.00000000       1.57475509E-02  0.999876022    
   0.00000000       0.00000000       1.73617452E-02  0.999849379    
   0.00000000       0.00000000       1.90546215E-02  0.999818563    
   0.00000000       0.00000000       2.08261628E-02  0.999783099    
   0.00000000       0.00000000       2.26763524E-02  0.999742746    
   0.00000000       0.00000000       2.46051475E-02  0.999697328    
   0.00000000       0.00000000       2.66125556E-02  0.999645889    
   0.00000000       0.00000000       2.86985375E-02  0.999588311    
   0.00000000       0.00000000       3.08630634E-02  0.999523699    
   0.00000000       0.00000000       3.31061110E-02  0.999451935    
   0.00000000       0.00000000       3.54276374E-02  0.999372303    
   0.00000000       0.00000000       3.78275998E-02  0.999284565    
   0.00000000       0.00000000       4.03059758E-02  0.999187469    
   0.00000000       0.00000000       4.28627357E-02  0.999081016    
   0.00000000       0.00000000       4.54977900E-02  0.998964489    
   0.00000000       0.00000000       4.82111014E-02  0.998837411    
   0.00000000       0.00000000       5.10026291E-02  0.998698652    
   0.00000000       0.00000000       5.38722947E-02  0.998547792    
   0.00000000       0.00000000       5.68200722E-02  0.998384535    
   0.00000000       0.00000000       5.98458350E-02  0.998207748    
   0.00000000       0.00000000       6.29495308E-02  0.998016775    
   0.00000000       0.00000000       6.61311001E-02  0.997811079    
   0.00000000       0.00000000       6.93904310E-02  0.997589767    
   0.00000000       0.00000000       7.27274194E-02  0.997351885    
   0.00000000       0.00000000       7.61419833E-02  0.997097075    
   0.00000000       0.00000000       7.96340033E-02  0.996824265    
   0.00000000       0.00000000       8.32033455E-02  0.996532679    
   0.00000000       0.00000000       8.68499279E-02  0.996221721    
   0.00000000       0.00000000       9.05736163E-02  0.995889902    
   0.00000000       0.00000000       9.43742245E-02  0.995536923    
   0.00000000       0.00000000       9.82516557E-02  0.995161712    
   0.00000000       0.00000000      0.102205738      0.994763434    
   0.00000000       0.00000000      0.106236294      0.994341016    
   0.00000000       0.00000000      0.110343143      0.993893683    
   0.00000000       0.00000000      0.114526108      0.993420482    
   0.00000000       0.00000000      0.118785001      0.992920101    
   0.00000000       0.00000000      0.123119585      0.992392063    
   0.00000000       0.00000000      0.127529666      0.991834879    
   0.00000000       0.00000000      0.132015005      0.991247892    
   0.00000000       0.00000000      0.136575356      0.990629852    
   0.00000000       0.00000000      0.141210437      0.989979684    
   0.00000000       0.00000000      0.145920068      0.989296556    
   0.00000000       0.00000000      0.150703862      0.988579035    
   0.00000000       0.00000000      0.155561537      0.987826288    
   0.00000000       0.00000000      0.160492837      0.987037182    
   0.00000000       0.00000000      0.165497407      0.986210346    
   0.00000000       0.00000000      0.170574829      0.985344946    
   0.00000000       0.00000000      0.175724894      0.984439373    
   0.00000000       0.00000000      0.180947095      0.983492970    
   0.00000000       0.00000000      0.186241135      0.982504249    
   0.00000000       0.00000000      0.191606537      0.981471956    
   0.00000000       0.00000000      0.197042823      0.980394959    
   0.00000000       0.00000000      0.202549666      0.979272127    
   0.00000000       0.00000000      0.208126530      0.978102088    
   0.00000000       0.00000000      0.213772938      0.976883531    
   0.00000000       0.00000000      0.219488353      0.975615323    
   0.00000000       0.00000000      0.225272268      0.974295974    
   0.00000000       0.00000000      0.231124192      0.972924411    
   0.00000000       0.00000000      0.237043425      0.971499264    
   0.00000000       0.00000000      0.243029431      0.970019102    
   0.00000000       0.00000000      0.249081612      0.968482614    
   0.00000000       0.00000000      0.255199224      0.966888666    
   0.00000000       0.00000000      0.261381686      0.965235829    
   0.00000000       0.00000000      0.267628074      0.963522434    
   0.00000000       0.00000000      0.273938060      0.961747527    
   0.00000000       0.00000000      0.280310512      0.959909558    
   0.00000000       0.00000000      0.286744565      0.958007216    
   0.00000000       0.00000000      0.293239802      0.956039190    
   0.00000000       0.00000000      0.299795002      0.954003811    
   0.00000000       0.00000000      0.306409121      0.951900005    
   0.00000000       0.00000000      0.313081533      0.949726522    
   0.00000000       0.00000000      0.319810927      0.947481692    
   0.00000000       0.00000000      0.326596260      0.945164204    
   0.00000000       0.00000000      0.333436310      0.942772806    
   0.00000000       0.00000000      0.340329945      0.940306306    
   0.00000000       0.00000000      0.347275406      0.937763393    
   0.00000000       0.00000000      0.354271173      0.935142994    
   0.00000000       0.00000000      0.361315072      0.932443857    
   0.00000000       0.00000000      0.368403137      0.929666221    
   0.00000000       0.00000000      0.375532150      0.926809669    
   0.00000000       0.00000000      0.382683694      0.923879504    
   0.00000000       0.00000000      0.389812350      0.920894563    
   0.00000000       0.00000000      0.396873355      0.917873561    
   0.00000000       0.00000000      0.403849423      0.914825737    
   0.00000000       0.00000000      0.410738766      0.911753178    
   0.00000000       0.00000000      0.417538524      0.908659458    
   0.00000000       0.00000000      0.424247831      0.905546427    
   0.00000000       0.00000000      0.430866301      0.902415931    
   0.00000000       0.00000000      0.437393963      0.899270117    
   0.00000000       0.00000000      0.443830669      0.896110773    
   0.00000000       0.00000000      0.450176418      0.892939866    
   0.00000000       0.00000000      0.456431329      0.889758825    
   0.00000000       0.00000000      0.462596029      0.886569321    
   0.00000000       0.00000000      0.468670368      0.883373260    
   0.00000000       0.00000000      0.474654794      0.880172193    
   0.00000000       0.00000000      0.480549574      0.876967788    
   0.00000000       0.00000000      0.486355186      0.873761356    
   0.00000000       0.00000000      0.492072046      0.870554686    
   0.00000000       0.00000000      0.497700512      0.867349267    
   0.00000000       0.00000000      0.503240943      0.864146352    
   0.00000000       0.00000000      0.508694053      0.860947609    
   0.00000000       0.00000000      0.514059842      0.857754469    
   0.00000000       0.00000000      0.519339323      0.854568422    
   0.00000000       0.00000000      0.524532616      0.851390660    
   0.00000000       0.00000000      0.529640377      0.848222494    
   0.00000000       0.00000000      0.534663081      0.845065355    
   0.00000000       0.00000000      0.539601386      0.841920853    
   0.00000000       0.00000000      0.544455647      0.838789821    
   0.00000000       0.00000000      0.549226403      0.835673690    
   0.00000000       0.00000000      0.553914428      0.832573891    
   0.00000000       0.00000000      0.558520019      0.829491258    
   0.00000000       0.00000000      0.563043714      0.826427221    
   0.00000000       0.00000000      0.567486405      0.823383033    
   0.00000000       0.00000000      0.571848273      0.820359409    
   0.00000000       0.00000000      0.576130092      0.817358136    
   0.00000000       0.00000000      0.580332518      0.814379930    
   0.00000000       0.00000000      0.584455848      0.811425745    
   0.00000000       0.00000000      0.588500977      0.808496773    
   0.00000000       0.00000000      0.592468023      0.805594206    
   0.00000000       0.00000000      0.596358180      0.802718699    
   0.00000000       0.00000000      0.600171328      0.799871743    
   0.00000000       0.00000000      0.603908479      0.797053874    
   0.00000000       0.00000000      0.607570171      0.794266045    
   0.00000000       0.00000000      0.611156940      0.791509628    
   0.00000000       0.00000000      0.614669204      0.788785160    
   0.00000000       0.00000000      0.618107796      0.786093473    
   0.00000000       0.00000000      0.621473074      0.783435762    
   0.00000000       0.00000000      0.624765635      0.780812681    
   0.00000000       0.00000000      0.627985835      0.778225005    
   0.00000000       0.00000000      0.631134510      0.775673389    
   0.00000000       0.00000000      0.634212196      0.773159027    
   0.00000000       0.00000000      0.637219250      0.770682693    
   0.00000000       0.00000000      0.640156209      0.768244863    
   0.00000000       0.00000000      0.643023968      0.765846431    
   0.00000000       0.00000000      0.645822465      0.763487816    
   0.00000000       0.00000000      0.648552597      0.761170149    
   0.00000000       0.00000000      0.651214600      0.758893788    
   0.00000000       0.00000000      0.653809369      0.756659567    
   0.00000000       0.00000000      0.656337023      0.754468024    
   0.00000000       0.00000000      0.658798218      0.752319753    
   0.00000000       0.00000000      0.661193430      0.750215590    
   0.00000000       0.00000000      0.663523078      0.748155773    
   0.00000000       0.00000000      0.665787578      0.746141374    
   0.00000000       0.00000000      0.667987585      0.744172454    
   0.00000000       0.00000000      0.670123219      0.742249846    
   0.00000000       0.00000000      0.672195435      0.740374088    
   0.00000000       0.00000000      0.674204051      0.738545299    
   0.00000000       0.00000000      0.676149487      0.736764431    
   0.00000000       0.00000000      0.678032756      0.735031605    
   0.00000000       0.00000000      0.679853678      0.733347833    
   0.00000000       0.00000000      0.681612909      0.731712997    
   0.00000000       0.00000000      0.683310807      0.730127513    
   0.00000000       0.00000000      0.684947670      0.728592396    
   0.00000000       0.00000000      0.686523974      0.727107286    
   0.00000000       0.00000000      0.688039660      0.725673199    
   0.00000000       0.00000000      0.689495504      0.724289954    
   0.00000000       0.00000000      0.690891623      0.722958326    
   0.00000000       0.00000000      0.692228377      0.721678615    
   0.00000000       0.00000000      0.693505943      0.720450878    
   0.00000000       0.00000000      0.694724917      0.719275713    
   0.00000000       0.00000000      0.695885181      0.718153119    
   0.00000000       0.00000000      0.696987331      0.717083633    
   0.00000000       0.00000000      0.698031366      0.716067314    
   0.00000000       0.00000000      0.699017406      0.715104520    
   0.00000000       0.00000000      0.699946165      0.714195788    
   0.00000000       0.00000000      0.700817466      0.713340819    
   0.00000000       0.00000000      0.701631486      0.712540090    
   0.00000000       0.00000000      0.702388763      0.711793661    
   0.00000000       0.00000000      0.703089118      0.711101890    
   0.00000000       0.00000000      0.703732789      0.710464954    
   0.00000000       0.00000000      0.704319954      0.709882855    
   0.00000000       0.00000000      0.704850793      0.709355712    
   0.00000000       0.00000000      0.705325425      0.708883762    
   0.00000000       0.00000000      0.705743968      0.708467185    
   0.00000000       0.00000000      0.706106305      0.708105862    
   0.00000000       0.00000000      0.706412852      0.707799971    
   0.00000000       0.00000000      0.706663370      0.707549810    
   0.00000000       0.00000000      0.706858337      0.707355440    
   0.00000000       0.00000000      0.706997275      0.707216322    
   0.00000000       0.00000000      0.707080483      0.707133114    
   0.00000000       0.00000000      0.707108080      0.707105517    
