   0.00000000       0.00000000       0.00000000    
   7.79136026E-05   0.00000000       0.00000000    
   3.13443743E-04   0.00000000       0.00000000    
   7.06527964E-04   0.00000000       0.00000000    
   1.25724252E-03   0.00000000       0.00000000    
   1.96553487E-03   0.00000000       0.00000000    
   2.83141714E-03   0.00000000       0.00000000    
   3.85487522E-03   0.00000000       0.00000000    
   5.03588468E-03   0.00000000       0.00000000    
   6.37447229E-03   0.00000000       0.00000000    
   7.87061453E-03   0.00000000       0.00000000    
   9.52431373E-03   0.00000000       0.00000000    
   1.13355601E-02   0.00000000       0.00000000    
   1.33043397E-02   0.00000000       0.00000000    
   1.54306861E-02   0.00000000       0.00000000    
   1.77145563E-02   0.00000000       0.00000000    
   2.01558862E-02   0.00000000       0.00000000    
   2.27547251E-02   0.00000000       0.00000000    
   2.55111437E-02   0.00000000       0.00000000    
   2.84250081E-02   0.00000000       0.00000000    
   3.14964056E-02   0.00000000       0.00000000    
   3.47252376E-02   0.00000000       0.00000000    
   3.81115563E-02   0.00000000       0.00000000    
   4.16553393E-02   0.00000000       0.00000000    
   4.53565866E-02   0.00000000       0.00000000    
   4.92152646E-02   0.00000000       0.00000000    
   5.32313995E-02   0.00000000       0.00000000    
   5.74049689E-02   0.00000000       0.00000000    
   6.17359355E-02   0.00000000       0.00000000    
   6.62243217E-02   0.00000000       0.00000000    
   7.08701164E-02   0.00000000       0.00000000    
   7.56732747E-02   0.00000000       0.00000000    
   8.06338042E-02   0.00000000       0.00000000    
   8.57517496E-02   0.00000000       0.00000000    
   9.10270065E-02   0.00000000       0.00000000    
   9.64596123E-02   0.00000000       0.00000000    
  0.102049544       0.00000000       0.00000000    
  0.107796766       0.00000000       0.00000000    
  0.113701388       0.00000000       0.00000000    
  0.119763248       0.00000000       0.00000000    
  0.125982359       0.00000000       0.00000000    
  0.132358804       0.00000000       0.00000000    
  0.138892502       0.00000000       0.00000000    
  0.145583376       0.00000000       0.00000000    
  0.152431503       0.00000000       0.00000000    
  0.159436852       0.00000000       0.00000000    
  0.166599303       0.00000000       0.00000000    
  0.173919007       0.00000000       0.00000000    
  0.181395844       0.00000000       0.00000000    
  0.189029783       0.00000000       0.00000000    
  0.196820870       0.00000000       0.00000000    
  0.204769075       0.00000000       0.00000000    
  0.212874323       0.00000000       0.00000000    
  0.221136615       0.00000000       0.00000000    
  0.229555964       0.00000000       0.00000000    
  0.238132283       0.00000000       0.00000000    
  0.246865600       0.00000000       0.00000000    
  0.255755842       0.00000000       0.00000000    
  0.264803052       0.00000000       0.00000000    
  0.274007142       0.00000000       0.00000000    
  0.283368021       0.00000000       0.00000000    
  0.292885900       0.00000000       0.00000000    
  0.302560449       0.00000000       0.00000000    
  0.312391788       0.00000000       0.00000000    
  0.322379917       0.00000000       0.00000000    
  0.332524747       0.00000000       0.00000000    
  0.342826098       0.00000000       0.00000000    
  0.353284150       0.00000000       0.00000000    
  0.363898784       0.00000000       0.00000000    
  0.374669969       0.00000000       0.00000000    
  0.385597527       0.00000000       0.00000000    
  0.396681398       0.00000000       0.00000000    
  0.407921761       0.00000000       0.00000000    
  0.419318378       0.00000000       0.00000000    
  0.430871189       0.00000000       0.00000000    
  0.442580074       0.00000000       0.00000000    
  0.454445034       0.00000000       0.00000000    
  0.466466069       0.00000000       0.00000000    
  0.478642881       0.00000000       0.00000000    
  0.490975469       0.00000000       0.00000000    
  0.503463745       0.00000000       0.00000000    
  0.516107559       0.00000000       0.00000000    
  0.528906882       0.00000000       0.00000000    
  0.541860998       0.00000000       0.00000000    
  0.554970801       0.00000000       0.00000000    
  0.568235219       0.00000000       0.00000000    
  0.581654012       0.00000000       0.00000000    
  0.595227897       0.00000000       0.00000000    
  0.608955622       0.00000000       0.00000000    
  0.622836828       0.00000000       0.00000000    
  0.636872053       0.00000000       0.00000000    
  0.651060045       0.00000000       0.00000000    
  0.665400386       0.00000000       0.00000000    
  0.679892361       0.00000000       0.00000000    
  0.694535613       0.00000000       0.00000000    
  0.709328353       0.00000000       0.00000000    
  0.724269331       0.00000000       0.00000000    
  0.739355743       0.00000000       0.00000000    
  0.754581511       0.00000000       0.00000000    
  0.769941986       0.00000000       0.00000000    
  0.785398841       0.00000000       0.00000000    
  0.800855756       0.00000000       0.00000000    
  0.816215992       0.00000000       0.00000000    
  0.831441700       0.00000000       0.00000000    
  0.846528411       0.00000000       0.00000000    
  0.861469567       0.00000000       0.00000000    
  0.876262367       0.00000000       0.00000000    
  0.890905142       0.00000000       0.00000000    
  0.905397415       0.00000000       0.00000000    
  0.919737935       0.00000000       0.00000000    
  0.933925867       0.00000000       0.00000000    
  0.947960556       0.00000000       0.00000000    
  0.961842358       0.00000000       0.00000000    
  0.975570083       0.00000000       0.00000000    
  0.989143610       0.00000000       0.00000000    
   1.00256264       0.00000000       0.00000000    
   1.01582706       0.00000000       0.00000000    
   1.02893674       0.00000000       0.00000000    
   1.04189134       0.00000000       0.00000000    
   1.05469036       0.00000000       0.00000000    
   1.06733453       0.00000000       0.00000000    
   1.07982254       0.00000000       0.00000000    
   1.09215546       0.00000000       0.00000000    
   1.10433233       0.00000000       0.00000000    
   1.11635315       0.00000000       0.00000000    
   1.12821805       0.00000000       0.00000000    
   1.13992727       0.00000000       0.00000000    
   1.15148008       0.00000000       0.00000000    
   1.16287649       0.00000000       0.00000000    
   1.17411721       0.00000000       0.00000000    
   1.18520117       0.00000000       0.00000000    
   1.19612837       0.00000000       0.00000000    
   1.20689988       0.00000000       0.00000000    
   1.21751428       0.00000000       0.00000000    
   1.22797227       0.00000000       0.00000000    
   1.23827398       0.00000000       0.00000000    
   1.24841869       0.00000000       0.00000000    
   1.25840712       0.00000000       0.00000000    
   1.26823807       0.00000000       0.00000000    
   1.27791321       0.00000000       0.00000000    
   1.28743064       0.00000000       0.00000000    
   1.29679143       0.00000000       0.00000000    
   1.30599558       0.00000000       0.00000000    
   1.31504297       0.00000000       0.00000000    
   1.32393312       0.00000000       0.00000000    
   1.33266664       0.00000000       0.00000000    
   1.34124327       0.00000000       0.00000000    
   1.34966278       0.00000000       0.00000000    
   1.35792470       0.00000000       0.00000000    
   1.36602998       0.00000000       0.00000000    
   1.37397826       0.00000000       0.00000000    
   1.38176942       0.00000000       0.00000000    
   1.38940310       0.00000000       0.00000000    
   1.39688063       0.00000000       0.00000000    
   1.40420008       0.00000000       0.00000000    
   1.41136277       0.00000000       0.00000000    
   1.41836774       0.00000000       0.00000000    
   1.42521608       0.00000000       0.00000000    
   1.43190682       0.00000000       0.00000000    
   1.43844044       0.00000000       0.00000000    
   1.44481695       0.00000000       0.00000000    
   1.45103598       0.00000000       0.00000000    
   1.45709777       0.00000000       0.00000000    
   1.46300256       0.00000000       0.00000000    
   1.46874952       0.00000000       0.00000000    
   1.47434020       0.00000000       0.00000000    
   1.47977293       0.00000000       0.00000000    
   1.48504746       0.00000000       0.00000000    
   1.49016583       0.00000000       0.00000000    
   1.49512625       0.00000000       0.00000000    
   1.49992931       0.00000000       0.00000000    
   1.50457525       0.00000000       0.00000000    
   1.50906372       0.00000000       0.00000000    
   1.51339519       0.00000000       0.00000000    
   1.51756835       0.00000000       0.00000000    
   1.52158463       0.00000000       0.00000000    
   1.52544320       0.00000000       0.00000000    
   1.52914453       0.00000000       0.00000000    
   1.53268814       0.00000000       0.00000000    
   1.53607476       0.00000000       0.00000000    
   1.53930342       0.00000000       0.00000000    
   1.54237521       0.00000000       0.00000000    
   1.54528916       0.00000000       0.00000000    
   1.54804504       0.00000000       0.00000000    
   1.55064428       0.00000000       0.00000000    
   1.55308568       0.00000000       0.00000000    
   1.55536926       0.00000000       0.00000000    
   1.55749583       0.00000000       0.00000000    
   1.55946469       0.00000000       0.00000000    
   1.56127584       0.00000000       0.00000000    
   1.56292939       0.00000000       0.00000000    
   1.56442559       0.00000000       0.00000000    
   1.56576419       0.00000000       0.00000000    
   1.56694543       0.00000000       0.00000000    
   1.56796861       0.00000000       0.00000000    
   1.56883454       0.00000000       0.00000000    
   1.56954253       0.00000000       0.00000000    
   1.57009375       0.00000000       0.00000000    
   1.57048666       0.00000000       0.00000000    
   1.57072198       0.00000000       0.00000000    
   1.57079995       0.00000000       0.00000000    
