   1.00000000    
  0.999999762    
   1.00000000    
   1.00000000    
   1.00000000    
   1.00000012    
  0.999999881    
   1.00000012    
  0.999999881    
   1.00000000    
   1.00000000    
   1.00000000    
   1.00000000    
   1.00000012    
   1.00000024    
   1.00000012    
   1.00000012    
   1.00000012    
   1.00000012    
  0.999999940    
   1.00000000    
   1.00000024    
   1.00000024    
   1.00000000    
  0.999999762    
   1.00000024    
   1.00000012    
   1.00000036    
   1.00000012    
   1.00000024    
   1.00000012    
   1.00000060    
   1.00000012    
   1.00000012    
   1.00000012    
   1.00000048    
   1.00000024    
  0.999999881    
   1.00000024    
   1.00000024    
   1.00000012    
   1.00000024    
   1.00000036    
   1.00000012    
   1.00000012    
   1.00000012    
   1.00000024    
   1.00000072    
   1.00000024    
   1.00000024    
   1.00000024    
   1.00000036    
   1.00000024    
   1.00000024    
   1.00000048    
   1.00000024    
   1.00000048    
   1.00000024    
   1.00000036    
   1.00000036    
   1.00000024    
   1.00000036    
   1.00000012    
   1.00000012    
   1.00000036    
   1.00000024    
   1.00000048    
   1.00000012    
   1.00000024    
   1.00000036    
   1.00000024    
   1.00000012    
   1.00000024    
   1.00000036    
   1.00000024    
   1.00000036    
   1.00000024    
   1.00000024    
   1.00000036    
   1.00000036    
   1.00000024    
   1.00000036    
   1.00000060    
   1.00000024    
   1.00000036    
   1.00000036    
   1.00000024    
   1.00000048    
   1.00000036    
   1.00000012    
   1.00000048    
   1.00000060    
   1.00000048    
   1.00000036    
   1.00000048    
   1.00000036    
   1.00000048    
   1.00000012    
   1.00000012    
   1.00000060    
   1.00000012    
   1.00000048    
   1.00000036    
   1.00000048    
   1.00000024    
   1.00000048    
   1.00000060    
   1.00000036    
   1.00000024    
   1.00000024    
   1.00000036    
   1.00000024    
   1.00000024    
   1.00000024    
   1.00000024    
   1.00000036    
   1.00000024    
   1.00000036    
   1.00000060    
   1.00000036    
   1.00000048    
   1.00000024    
   1.00000048    
   1.00000048    
   1.00000036    
   1.00000012    
   1.00000036    
   1.00000024    
   1.00000012    
   1.00000048    
   1.00000036    
   1.00000024    
   1.00000048    
   1.00000000    
   1.00000024    
   1.00000048    
   1.00000036    
   1.00000048    
   1.00000048    
   1.00000048    
   1.00000048    
   1.00000024    
   1.00000000    
   1.00000024    
   1.00000024    
   1.00000024    
   1.00000036    
   1.00000048    
   1.00000036    
   1.00000000    
   1.00000000    
   1.00000024    
   1.00000012    
   1.00000060    
   1.00000024    
   1.00000048    
   1.00000024    
   1.00000048    
   1.00000024    
   1.00000012    
   1.00000024    
   1.00000000    
   1.00000000    
   1.00000000    
   1.00000000    
   1.00000048    
   1.00000024    
  0.999999940    
  0.999999881    
   1.00000012    
   1.00000000    
  0.999999881    
   1.00000024    
   1.00000024    
   1.00000024    
   1.00000000    
  0.999999940    
   1.00000012    
   1.00000000    
   1.00000024    
   1.00000012    
   1.00000024    
   1.00000024    
  0.999999821    
   1.00000024    
   1.00000024    
   1.00000012    
   1.00000024    
   1.00000024    
   1.00000024    
   1.00000024    
   1.00000012    
   1.00000024    
   1.00000036    
   1.00000000    
  0.999999881    
  0.999999881    
   1.00000048    
   1.00000000    
   1.00000000    
   1.00000000    
