   0.00000000    
   1.25750005E-02
   2.51500010E-02
   3.77250016E-02
   5.03000021E-02
   6.28750026E-02
   7.54500031E-02
   8.80250037E-02
  0.100600004    
  0.113175005    
  0.125750005    
  0.138325006    
  0.150900006    
  0.163474992    
  0.176050007    
  0.188625008    
  0.201200008    
  0.213775009    
  0.226350009    
  0.238925025    
  0.251500010    
  0.264075011    
  0.276650012    
  0.289225012    
  0.301800013    
  0.314375013    
  0.326949984    
  0.339525044    
  0.352100015    
  0.364675015    
  0.377250016    
  0.389825016    
  0.402400017    
  0.414975017    
  0.427550018    
  0.440125018    
  0.452700019    
  0.465274990    
  0.477850050    
  0.490425020    
  0.503000021    
  0.515575051    
  0.528150022    
  0.540724993    
  0.553300023    
  0.565874994    
  0.578450024    
  0.591024995    
  0.603600025    
  0.616175056    
  0.628750026    
  0.641324997    
  0.653899968    
  0.666474998    
  0.679050088    
  0.691625059    
  0.704200029    
  0.716775060    
  0.729350030    
  0.741925061    
  0.754500031    
  0.767075062    
  0.779650033    
  0.792225063    
  0.804800034    
  0.817375004    
  0.829950035    
  0.842525005    
  0.855100036    
  0.867675006    
  0.880250037    
  0.892825007    
  0.905400038    
  0.917975008    
  0.930549979    
  0.943125069    
  0.955700099    
  0.968275070    
  0.980850041    
  0.993425071    
   1.00600004    
   1.01857507    
   1.03115010    
   1.04372501    
   1.05630004    
   1.06887507    
   1.08144999    
   1.09402502    
   1.10660005    
   1.11917508    
   1.13174999    
   1.14432502    
   1.15690005    
   1.16947508    
   1.18204999    
   1.19462502    
   1.20720005    
   1.21977508    
   1.23235011    
   1.24492502    
   1.25750005    
   1.27007508    
   1.28264999    
   1.29522502    
   1.30779994    
   1.32037508    
   1.33295000    
   1.34552503    
   1.35810018    
   1.37067509    
   1.38325012    
   1.39582503    
   1.40840006    
   1.42097509    
   1.43355012    
   1.44612503    
   1.45870006    
   1.47127497    
   1.48385012    
   1.49642503    
   1.50900006    
   1.52157497    
   1.53415012    
   1.54672503    
   1.55930007    
   1.57187498    
   1.58445013    
   1.59702504    
   1.60960007    
   1.62217510    
   1.63475001    
   1.64732516    
   1.65990007    
   1.67247510    
   1.68505001    
   1.69762516    
   1.71020007    
   1.72277510    
   1.73535001    
   1.74792516    
   1.76050007    
   1.77307510    
   1.78565001    
   1.79822505    
   1.81080008    
   1.82337511    
   1.83595002    
   1.84852505    
   1.86109996    
   1.87367511    
   1.88625014    
   1.89882505    
   1.91140020    
   1.92397511    
   1.93655014    
   1.94912505    
   1.96170008    
   1.97427511    
   1.98685014    
   1.99942505    
   2.01200008    
   2.02457500    
   2.03715014    
   2.04972506    
   2.06230021    
   2.07487512    
   2.08745003    
   2.10002494    
   2.11260009    
   2.12517500    
   2.13775015    
   2.15032506    
   2.16289997    
   2.17547512    
   2.18805003    
   2.20062518    
   2.21320009    
   2.22577524    
   2.23835015    
   2.25092506    
   2.26349998    
   2.27607512    
   2.28865004    
   2.30122519    
   2.31380010    
   2.32637501    
   2.33895016    
   2.35152507    
   2.36409998    
   2.37667513    
   2.38925004    
   2.40182519    
   2.41440010    
   2.42697501    
   2.43955016    
   2.45212507    
   2.46470022    
   2.47727513    
   2.48985004    
   2.50242519    
   2.51500010    
