   1.00000000    
  0.367879450    
  0.310890555    
  0.239418060    
  0.197635755    
  0.168562159    
  0.145602167    
  0.129834533    
  0.117252201    
  0.104645602    
   9.85101461E-02
   8.98209065E-02
   8.22283775E-02
   7.61873573E-02
   7.31502771E-02
   7.03484416E-02
   6.61668926E-02
   6.19744100E-02
   5.86772934E-02
   5.53358048E-02
   5.25155701E-02
   5.05798720E-02
   4.87239473E-02
   4.73419726E-02
   4.53029051E-02
   4.33928333E-02
   4.20822538E-02
   4.05058600E-02
   3.90787832E-02
   3.77249271E-02
   3.63478214E-02
   3.50503772E-02
   3.42027247E-02
   3.33498642E-02
   3.27633508E-02
   3.21544223E-02
   3.13348770E-02
   3.03743295E-02
   2.95552276E-02
   2.87902895E-02
   2.80597620E-02
   2.73662973E-02
   2.66324319E-02
   2.59951670E-02
   2.53464673E-02
   2.47652438E-02
   2.41637658E-02
   2.37968229E-02
   2.32412070E-02
   2.27834340E-02
   2.24015210E-02
   2.19336394E-02
   2.16331724E-02
   2.13277154E-02
   2.10454985E-02
   2.06278674E-02
   2.03216523E-02
   1.99436732E-02
   1.95909627E-02
   1.92305576E-02
   1.91473644E-02
   1.87910106E-02
   1.85511280E-02
   1.82101578E-02
   1.79129336E-02
   1.75949167E-02
   1.73198152E-02
   1.70307178E-02
   1.67974867E-02
   1.65369790E-02
   1.62657555E-02
   1.60064474E-02
   1.58219915E-02
   1.55757545E-02
   1.53647084E-02
   1.51421148E-02
   1.49346702E-02
   1.47216879E-02
   1.45120192E-02
   1.43191991E-02
   1.41238943E-02
   1.39311375E-02
   1.37598179E-02
   1.35795074E-02
   1.34191513E-02
   1.32823084E-02
   1.31073277E-02
   1.29414881E-02
   1.27932075E-02
   1.26398262E-02
   1.24879936E-02
   1.23622958E-02
   1.22515885E-02
   1.21378414E-02
   1.19914049E-02
   1.18804527E-02
   1.17737968E-02
   1.16557432E-02
   1.15229692E-02
   1.13990372E-02
   1.12798419E-02
   1.11729400E-02
   1.10590924E-02
   1.09393541E-02
   1.08605595E-02
   1.07912561E-02
   1.06755383E-02
   1.05675049E-02
   1.04722930E-02
   1.03666410E-02
   1.02699045E-02
   1.01682954E-02
   1.00838505E-02
   9.98267718E-03
   9.88351926E-03
   9.79727320E-03
   9.70642641E-03
   9.62336734E-03
   9.53874551E-03
   9.46289673E-03
   9.37531888E-03
   9.31572542E-03
   9.22934618E-03
   9.15832072E-03
   9.07482859E-03
   9.00587533E-03
   8.93435627E-03
   8.87134206E-03
   8.79842509E-03
   8.73969309E-03
   8.68051406E-03
   8.60748626E-03
   8.53371527E-03
   8.46120063E-03
   8.39847233E-03
   8.33205134E-03
   8.26968811E-03
   8.20732675E-03
   8.16162955E-03
   8.10024422E-03
   8.06589890E-03
   8.00593477E-03
   7.95011595E-03
   7.89027754E-03
   7.83144124E-03
   7.77810067E-03
   7.71795958E-03
   7.66180595E-03
   7.61086168E-03
   7.55468383E-03
   7.49814510E-03
   7.44213257E-03
   7.38695217E-03
   7.35580735E-03
   7.30189821E-03
   7.24877510E-03
   7.21398601E-03
   7.17263343E-03
   7.12216087E-03
   7.07434490E-03
   7.02852104E-03
   7.00369384E-03
   6.96674455E-03
   6.91837771E-03
   6.87197875E-03
   6.82491669E-03
   6.78878743E-03
   6.75367936E-03
   6.71162829E-03
   6.67699333E-03
   6.63751736E-03
   6.59608655E-03
   6.55395305E-03
   6.51236344E-03
   6.47795899E-03
   6.43878197E-03
   6.39865780E-03
   6.36026450E-03
   6.32458227E-03
   6.28585322E-03
   6.25465764E-03
   6.22131303E-03
   6.19225344E-03
   6.16858061E-03
   6.13727560E-03
   6.10193145E-03
   6.06935471E-03
   6.03966834E-03
   6.00986369E-03
   5.97708486E-03
   5.94149716E-03
   5.90736419E-03
   5.87565405E-03
   5.86735085E-03
   5.84216882E-03
   5.81318745E-03
   5.78253437E-03
   5.75212995E-03
   5.72999986E-03
   5.70216728E-03
   5.67266019E-03
   5.64063014E-03
   5.61175682E-03
   5.58083598E-03
   5.55070816E-03
   5.52180829E-03
   5.49229560E-03
   5.46221249E-03
   5.43342484E-03
   5.40406536E-03
   5.37493965E-03
   5.34919836E-03
   5.32412110E-03
   5.29584987E-03
   5.27295982E-03
   5.24616009E-03
   5.22876764E-03
   5.21974545E-03
   5.20074274E-03
   5.17642312E-03
   5.15130395E-03
   5.12483669E-03
   5.10025630E-03
   5.07903285E-03
   5.05637517E-03
   5.03393076E-03
   5.02396794E-03
   5.00261923E-03
   4.97914897E-03
   4.95441863E-03
   4.92993323E-03
   4.90801968E-03
   4.88403859E-03
   4.86386288E-03
   4.84236609E-03
   4.82710591E-03
   4.80383728E-03
   4.78150696E-03
   4.76005021E-03
   4.73876810E-03
   4.71838564E-03
   4.69629234E-03
   4.67694178E-03
   4.65625385E-03
   4.63526929E-03
   4.61511826E-03
   4.59576445E-03
   4.57469188E-03
   4.55566822E-03
   4.53496119E-03
   4.51565348E-03
   4.50077979E-03
   4.48176917E-03
   4.46232595E-03
   4.44245804E-03
   4.42395080E-03
   4.40745847E-03
   4.39092517E-03
   4.37285611E-03
   4.35545668E-03
   4.33659228E-03
   4.32118261E-03
   4.30363603E-03
   4.28623520E-03
   4.26790304E-03
   4.25289944E-03
   4.23913915E-03
   4.22224822E-03
   4.20605578E-03
   4.18990990E-03
   4.17288486E-03
   4.15802794E-03
   4.14130511E-03
   4.12516529E-03
   4.10917494E-03
   4.09423839E-03
   4.07750998E-03
   4.06279694E-03
   4.04725922E-03
   4.03138809E-03
   4.01745969E-03
   4.00231592E-03
   3.98680009E-03
   3.97136621E-03
   3.95562593E-03
   3.94045562E-03
   3.92586505E-03
   3.91090568E-03
   3.89732444E-03
   3.88342282E-03
   3.86837102E-03
   3.85343586E-03
   3.83944437E-03
   3.82553856E-03
   3.81093170E-03
   3.79723683E-03
   3.78403254E-03
   3.77035071E-03
   3.75697226E-03
   3.74326902E-03
   3.72964866E-03
   3.71651095E-03
   3.70308710E-03
   3.68939945E-03
   3.67730786E-03
   3.66488681E-03
   3.65255284E-03
   3.64012667E-03
   3.62871075E-03
   3.61698214E-03
   3.60459276E-03
   3.59265902E-03
   3.58043960E-03
   3.57020576E-03
   3.55814234E-03
   3.54616228E-03
   3.53395450E-03
   3.52148758E-03
   3.50910844E-03
   3.49744782E-03
   3.48523702E-03
   3.47341644E-03
   3.46263964E-03
   3.45200440E-03
   3.44115682E-03
   3.42985755E-03
   3.42117879E-03
   3.40949418E-03
   3.39995720E-03
   3.38942860E-03
   3.38094495E-03
   3.37004522E-03
   3.36018018E-03
   3.35039571E-03
   3.33967735E-03
   3.33048729E-03
   3.31991678E-03
   3.30941472E-03
   3.30040627E-03
   3.29001131E-03
   3.28073185E-03
   3.27046262E-03
   3.26168491E-03
   3.25319450E-03
   3.24473437E-03
   3.23938066E-03
   3.22935497E-03
   3.21894302E-03
   3.20859812E-03
   3.19924857E-03
   3.18949251E-03
   3.17977974E-03
   3.16968490E-03
   3.16009484E-03
   3.15147801E-03
   3.14224558E-03
   3.13284202E-03
   3.12304264E-03
   3.11419019E-03
   3.10580549E-03
   3.09703755E-03
   3.08789057E-03
   3.07927909E-03
   3.07068392E-03
   3.06212157E-03
   3.05362605E-03
   3.04473937E-03
   3.03636142E-03
   3.02885682E-03
   3.02011636E-03
   3.01186275E-03
   3.00300564E-03
   2.99400091E-03
   2.98546511E-03
   2.97739240E-03
   2.96934880E-03
   2.96054501E-03
   2.95187510E-03
   2.94317445E-03
   2.93493224E-03
   2.92753358E-03
   2.91980198E-03
   2.91254930E-03
   2.90452992E-03
   2.89610587E-03
   2.88851536E-03
   2.88138166E-03
   2.87347334E-03
   2.86640367E-03
   2.85900640E-03
   2.85122334E-03
   2.84348312E-03
   2.83580157E-03
   2.82777124E-03
   2.82056676E-03
   2.81382119E-03
   2.80630286E-03
   2.79882574E-03
   2.79100309E-03
   2.78433273E-03
   2.77769612E-03
   2.77017523E-03
   2.76396214E-03
   2.75634858E-03
   2.74947495E-03
   2.74230423E-03
   2.73628905E-03
   2.73060380E-03
   2.72315787E-03
   2.71609682E-03
   2.70944647E-03
   2.70284526E-03
   2.69696093E-03
   2.69077858E-03
   2.68356269E-03
   2.67704879E-03
   2.67022988E-03
   2.66483892E-03
   2.65774713E-03
   2.65172799E-03
   2.64505437E-03
   2.63806735E-03
   2.63144984E-03
   2.62486632E-03
   2.61798548E-03
   2.61322176E-03
   2.60640169E-03
   2.60080211E-03
   2.59504351E-03
   2.58897129E-03
   2.58292863E-03
   2.57626595E-03
   2.56963726E-03
   2.56368937E-03
   2.55778432E-03
   2.55160010E-03
   2.54671602E-03
   2.54023843E-03
   2.53409916E-03
   2.52769957E-03
   2.52289278E-03
   2.51656328E-03
   2.51055439E-03
   2.50457437E-03
   2.49862415E-03
   2.49238848E-03
   2.48771696E-03
   2.48154951E-03
   2.47539906E-03
   2.47059367E-03
   2.46480736E-03
   2.46054004E-03
   2.45523057E-03
   2.45038653E-03
   2.44528311E-03
   2.43931124E-03
   2.43512029E-03
   2.42948905E-03
   2.42359377E-03
   2.41888664E-03
   2.41333223E-03
   2.40809191E-03
   2.40287557E-03
   2.39710882E-03
   2.39363499E-03
   2.38791225E-03
   2.38364236E-03
   2.37823860E-03
   2.37371144E-03
   2.36808369E-03
   2.36248248E-03
   2.35718931E-03
   2.35163933E-03
   2.34639621E-03
   2.34089699E-03
   2.33542360E-03
   2.33105174E-03
   2.32588942E-03
   2.32049660E-03
   2.31513055E-03
   2.30978942E-03
   2.30447296E-03
   2.29997979E-03
   2.29475833E-03
   2.28949822E-03
   2.28531612E-03
   2.28068093E-03
   2.27548531E-03
   2.27031345E-03
   2.26517720E-03
   2.26030941E-03
   2.25570775E-03
   2.25062529E-03
   2.24607717E-03
   2.24168203E-03
   2.23666267E-03
   2.23216158E-03
   2.22743792E-03
   2.22324044E-03
   2.21880758E-03
   2.21388997E-03
   2.20899400E-03
   2.20411969E-03
   2.19926704E-03
   2.19467329E-03
   2.19009910E-03
   2.18531978E-03
   2.18056119E-03
   2.17605871E-03
   2.17132852E-03
   2.16686539E-03
   2.16242112E-03
   2.15852074E-03
   2.15433235E-03
   2.14994024E-03
   2.14539282E-03
   2.14079511E-03
   2.13621696E-03
   2.13170447E-03
   2.12716521E-03
   2.12264503E-03
   2.11861380E-03
   2.11414159E-03
   2.10967660E-03
   2.10523070E-03
   2.10103043E-03
   2.09708535E-03
   2.09269207E-03
   2.08900589E-03
   2.08534487E-03
   2.08143913E-03
   2.07781815E-03
   2.07506097E-03
   2.07075966E-03
   2.06714473E-03
   2.06287601E-03
   2.05862499E-03
   2.05461308E-03
   2.05105939E-03
   2.04729801E-03
   2.04332033E-03
   2.03978666E-03
   2.03583878E-03
   2.03190628E-03
   2.02820799E-03
   2.02452345E-03
   2.02042889E-03
   2.01677415E-03
   2.01271079E-03
   2.00866372E-03
   2.00464390E-03
   2.00061849E-03
   1.99663080E-03
   1.99264823E-03
   1.98894925E-03
   1.98499719E-03
   1.98128494E-03
   1.97736337E-03
   1.97388185E-03
   1.96998962E-03
   1.96611253E-03
   1.96252507E-03
   1.95887778E-03
   1.95504422E-03
   1.95122568E-03
   1.94742216E-03
   1.94363331E-03
   1.93985924E-03
   1.93611020E-03
   1.93237572E-03
   1.92864519E-03
   1.92492921E-03
   1.92122743E-03
   1.91753986E-03
   1.91386649E-03
   1.91096764E-03
   1.90731941E-03
   1.90408435E-03
   1.90066674E-03
   1.89706765E-03
   1.89350278E-03
   1.88992079E-03
   1.88635220E-03
   1.88298954E-03
   1.87944702E-03
   1.87610963E-03
   1.87278423E-03
   1.86928024E-03
   1.86633074E-03
   1.86285074E-03
   1.85938377E-03
   1.85610924E-03
   1.85266742E-03
   1.84941699E-03
   1.84636668E-03
   1.84296083E-03
   1.83992297E-03
   1.83654088E-03
   1.83317100E-03
   1.82981370E-03
   1.82735105E-03
   1.82401482E-03
   1.82069081E-03
   1.81773002E-03
   1.81460415E-03
   1.81131437E-03
   1.80821109E-03
   1.80494448E-03
   1.80185377E-03
   1.79861975E-03
   1.79538759E-03
   1.79234019E-03
   1.78913074E-03
   1.78593257E-03
   1.78293721E-03
   1.77976117E-03
   1.77660608E-03
   1.77362375E-03
   1.77115493E-03
   1.76818203E-03
   1.76506757E-03
   1.76211540E-03
   1.75901304E-03
   1.75624166E-03
   1.75315992E-03
   1.75008911E-03
   1.74702902E-03
   1.74397964E-03
   1.74109940E-03
   1.73807063E-03
   1.73505233E-03
   1.73204462E-03
   1.72904716E-03
   1.72621745E-03
   1.72324956E-03
   1.72059587E-03
   1.71763799E-03
   1.71469024E-03
   1.71175261E-03
   1.70899881E-03
   1.70639146E-03
   1.70363719E-03
   1.70073728E-03
   1.69808383E-03
   1.69538427E-03
   1.69255782E-03
   1.68969552E-03
   1.68698723E-03
   1.68414379E-03
   1.68176892E-03
   1.67894294E-03
   1.67644036E-03
   1.67364115E-03
   1.67113729E-03
   1.66835589E-03
   1.66558381E-03
   1.66281185E-03
   1.66062638E-03
   1.65787095E-03
   1.65512471E-03
   1.65239640E-03
   1.65011827E-03
   1.64739753E-03
   1.64482661E-03
   1.64214103E-03
   1.63944659E-03
   1.63676101E-03
   1.63408427E-03
   1.63141615E-03
   1.62918353E-03
   1.62653136E-03
   1.62417442E-03
   1.62167719E-03
   1.61904958E-03
   1.61643035E-03
   1.61438016E-03
   1.61206024E-03
   1.60960108E-03
   1.60714961E-03
   1.60484307E-03
   1.60254340E-03
   1.60011393E-03
   1.59769203E-03
   1.59527769E-03
   1.59300677E-03
   1.59101433E-03
   1.58862059E-03
   1.58609881E-03
   1.58358517E-03
   1.58133253E-03
   1.57883391E-03
   1.57647755E-03
   1.57399429E-03
   1.57177856E-03
   1.56996271E-03
   1.56775885E-03
   1.56557804E-03
   1.56312902E-03
   1.56068755E-03
   1.55850279E-03
   1.55620836E-03
   1.55392091E-03
   1.55163207E-03
   1.54935836E-03
   1.54709152E-03
   1.54508639E-03
   1.54296379E-03
   1.54058484E-03
   1.53835234E-03
   1.53597945E-03
   1.53362204E-03
   1.53151643E-03
   1.52929465E-03
   1.52695773E-03
   1.52487936E-03
   1.52255595E-03
   1.52097549E-03
   1.51867210E-03
   1.51636743E-03
   1.51431130E-03
   1.51201990E-03
   1.50973548E-03
   1.50745793E-03
   1.50518725E-03
   1.50329084E-03
   1.50127197E-03
   1.49913935E-03
   1.49725156E-03
   1.49513071E-03
   1.49301579E-03
   1.49090716E-03
   1.48880470E-03
   1.48658978E-03
   1.48438150E-03
   1.48217985E-03
   1.48045621E-03
   1.47827063E-03
   1.47619681E-03
   1.47425407E-03
   1.47208222E-03
   1.47003704E-03
   1.46799453E-03
   1.46595773E-03
   1.46392675E-03
   1.46201788E-03
   1.45988958E-03
   1.45775988E-03
   1.45574450E-03
   1.45375018E-03
   1.45198486E-03
   1.44987809E-03
   1.44777761E-03
   1.44590542E-03
   1.44403835E-03
   1.44206174E-03
   1.43999886E-03
   1.43815542E-03
   1.43609627E-03
   1.43414189E-03
   1.43220031E-03
   1.43015059E-03
   1.42810668E-03
   1.42628781E-03
   1.42437581E-03
   1.42245390E-03
   1.42065005E-03
   1.41874608E-03
   1.41673465E-03
   1.41472893E-03
   1.41305802E-03
   1.41106278E-03
   1.40917755E-03
   1.40729744E-03
   1.40531838E-03
   1.40334491E-03
   1.40159205E-03
   1.39962893E-03
   1.39818934E-03
   1.39623589E-03
   1.39440573E-03
   1.39246276E-03
   1.39062817E-03
   1.38901162E-03
   1.38719380E-03
   1.38536608E-03
   1.38355058E-03
   1.38244883E-03
   1.38064125E-03
   1.37873634E-03
   1.37682946E-03
   1.37493515E-03
   1.37314037E-03
   1.37125608E-03
   1.36957970E-03
   1.36780646E-03
   1.36623275E-03
   1.36436743E-03
   1.36270153E-03
   1.36115495E-03
   1.35930348E-03
   1.35755027E-03
   1.35570858E-03
   1.35387899E-03
   1.35214010E-03
   1.35031308E-03
   1.34858361E-03
   1.34695100E-03
   1.34523038E-03
   1.34352117E-03
   1.34171743E-03
   1.34020136E-03
   1.33860426E-03
   1.33699703E-03
   1.33552053E-03
   1.33382960E-03
   1.33205170E-03
   1.33046100E-03
   1.32878311E-03
   1.32701860E-03
   1.32525887E-03
   1.32359436E-03
   1.32193428E-03
   1.32018793E-03
   1.31853658E-03
   1.31679920E-03
   1.31515646E-03
   1.31351803E-03
   1.31188368E-03
   1.31016388E-03
   1.30853814E-03
   1.30691647E-03
   1.30520959E-03
   1.30359642E-03
   1.30198745E-03
   1.30038243E-03
   1.29895937E-03
   1.29736215E-03
   1.29585748E-03
   1.29417935E-03
   1.29259413E-03
   1.29093125E-03
   1.28935406E-03
   1.28778093E-03
   1.28621166E-03
   1.28472748E-03
   1.28325366E-03
   1.28160801E-03
   1.28004747E-03
   1.27849751E-03
   1.27694476E-03
   1.27539574E-03
   1.27385068E-03
   1.27231597E-03
   1.27086532E-03
   1.26933155E-03
   1.26780802E-03
   1.26627495E-03
   1.26467249E-03
   1.26349949E-03
   1.26190402E-03
   1.26048480E-03
   1.25897652E-03
   1.25739258E-03
   1.25589175E-03
   1.25440117E-03
   1.25298672E-03
   1.25141779E-03
   1.24985282E-03
   1.24837039E-03
   1.24680635E-03
   1.24533137E-03
   1.24378141E-03
   1.24239863E-03
   1.24093436E-03
   1.23939535E-03
   1.23787322E-03
   1.23642629E-03
   1.23489858E-03
   1.23353652E-03
   1.23201590E-03
   1.23057654E-03
   1.22921809E-03
   1.22779200E-03
   1.22629176E-03
   1.22486614E-03
   1.22336682E-03
   1.22194830E-03
   1.22047530E-03
   1.21899298E-03
   1.21758482E-03
   1.21625641E-03
   1.21477805E-03
   1.21337955E-03
   1.21198455E-03
   1.21051015E-03
   1.20912190E-03
   1.20767334E-03
   1.20636774E-03
   1.20491337E-03
   1.20353827E-03
   1.20216643E-03
   1.20072206E-03
   1.19935663E-03
   1.19806372E-03
   1.19662913E-03
   1.19519804E-03
   1.19398977E-03
   1.19256496E-03
   1.19114364E-03
   1.18972559E-03
   1.18837948E-03
   1.18725467E-03
   1.18606351E-03
   1.18465757E-03
   1.18347234E-03
   1.18214067E-03
   1.18074403E-03
   1.17941876E-03
   1.17809651E-03
   1.17670943E-03
   1.17539335E-03
   1.17414806E-03
   1.17284409E-03
   1.17161660E-03
   1.17046561E-03
   1.16916373E-03
   1.16790168E-03
   1.16653834E-03
   1.16517837E-03
   1.16382155E-03
   1.16254087E-03
   1.16125715E-03
   1.15998229E-03
   1.15863758E-03
   1.15729589E-03
   1.15623593E-03
   1.15523254E-03
   1.15389866E-03
   1.15256791E-03
   1.15124020E-03
   1.15018128E-03
   1.14885916E-03
   1.14754005E-03
   1.14628987E-03
   1.14497659E-03
   1.14366633E-03
   1.14275375E-03
   1.14158005E-03
   1.14028354E-03
   1.13911508E-03
   1.13794929E-03
   1.13665510E-03
   1.13549444E-03
   1.13420584E-03
   1.13292015E-03
   1.13163737E-03
   1.13048754E-03
   1.12933933E-03
   1.12813537E-03
   1.12705783E-03
   1.12578820E-03
   1.12452148E-03
   1.12325768E-03
   1.12199655E-03
   1.12073845E-03
   1.11954752E-03
   1.11842330E-03
   1.11723738E-03
   1.11604936E-03
   1.11480453E-03
   1.11356238E-03
   1.11232302E-03
   1.11108646E-03
   1.10985269E-03
   1.10874337E-03
   1.10757852E-03
   1.10641017E-03
   1.10524450E-03
   1.10414461E-03
   1.10292621E-03
   1.10171037E-03
   1.10049732E-03
   1.09940744E-03
   1.09833712E-03
   1.09713152E-03
   1.09592848E-03
   1.09478529E-03
   1.09365024E-03
   1.09257456E-03
   1.09138724E-03
   1.09032204E-03
   1.08913379E-03
   1.08811853E-03
   1.08693528E-03
   1.08581118E-03
   1.08491583E-03
   1.08373945E-03
   1.08256564E-03
   1.08163140E-03
   1.08046213E-03
   1.07929530E-03
   1.07813114E-03
   1.07696943E-03
   1.07592240E-03
   1.07493368E-03
   1.07377872E-03
   1.07262644E-03
   1.07170572E-03
   1.07061351E-03
   1.06946786E-03
   1.06838054E-03
   1.06723979E-03
   1.06621243E-03
   1.06518739E-03
   1.06405339E-03
   1.06292183E-03
   1.06190331E-03
   1.06083159E-03
   1.05981738E-03
   1.05891551E-03
   1.05779478E-03
   1.05673145E-03
   1.05567044E-03
   1.05466647E-03
   1.05355470E-03
   1.05244538E-03
   1.05139322E-03
   1.05034292E-03
   1.04924024E-03
   1.04835839E-03
   1.04726001E-03
   1.04616373E-03
   1.04517862E-03
   1.04408688E-03
   1.04299735E-03
   1.04191003E-03
   1.04082504E-03
   1.03974226E-03
   1.03866181E-03
   1.03763747E-03
   1.03666948E-03
   1.03596738E-03
   1.03495934E-03
   1.03394792E-03
   1.03287934E-03
   1.03181298E-03
   1.03074894E-03
   1.02973520E-03
   1.02887885E-03
   1.02792773E-03
   1.02691958E-03
   1.02597231E-03
   1.02492026E-03
   1.02387031E-03
   1.02287042E-03
   1.02182466E-03
   1.02078111E-03
   1.01973966E-03
   1.01870031E-03
   1.01766305E-03
   1.01662788E-03
   1.01559493E-03
   1.01461145E-03
   1.01362995E-03
   1.01265043E-03
   1.01173064E-03
   1.01070758E-03
   1.00968662E-03
   1.00871490E-03
   1.00779743E-03
   1.00677717E-03
   1.00576412E-03
   1.00480008E-03
   1.00407808E-03
   1.00307039E-03
   1.00216304E-03
   1.00129971E-03
   1.00039190E-03
   9.99485026E-04
   9.98533331E-04
   9.97583382E-04
   9.96681978E-04
   9.95828654E-04
   9.94837494E-04
   9.93848196E-04
   9.92907444E-04
   9.91921988E-04
   9.90938628E-04
   9.90003464E-04
   9.89116263E-04
   9.88138490E-04
   9.87162581E-04
   9.86188534E-04
   9.85216466E-04
   9.84246260E-04
   9.83359641E-04
   9.82439145E-04
   9.81566147E-04
   9.80648212E-04
   9.79732838E-04
   9.78956348E-04
   9.78181139E-04
   9.77224787E-04
   9.76315932E-04
   9.75408766E-04
   9.74457711E-04
   9.73554153E-04
   9.72743030E-04
   9.71797213E-04
   9.70898662E-04
   9.69956396E-04
   9.69061337E-04
   9.68213077E-04
   9.67321219E-04
   9.66521271E-04
   9.65587562E-04
   9.64655716E-04
   9.63765604E-04
   9.62922175E-04
   9.62035265E-04
   9.61150159E-04
   9.60226753E-04
   9.59394732E-04
   9.58469755E-04
   9.57547047E-04
   9.56630567E-04
   9.55795171E-04
   9.54921648E-04
   9.54099232E-04
   9.53273324E-04
   9.52404516E-04
   9.51497874E-04
   9.50671849E-04
   9.49768466E-04
   9.48974979E-04
   9.48074798E-04
   9.47176304E-04
   9.46358137E-04
   9.45546257E-04
   9.44652595E-04
   9.43760679E-04
   9.42953164E-04
   9.42191284E-04
   9.41347855E-04
   9.40501108E-04
   9.39616933E-04
   9.38734447E-04
   9.37936245E-04
   9.37100616E-04
   9.36339144E-04
   9.35583957E-04
   9.34796117E-04
   9.33922711E-04
   9.33050876E-04
   9.32180672E-04
   9.31312155E-04
   9.30527051E-04
   9.29661677E-04
   9.28797759E-04
   9.27973888E-04
   9.27151530E-04
   9.26292327E-04
   9.25434753E-04
   9.24770196E-04
   9.23953601E-04
   9.23100335E-04
   9.22248582E-04
   9.21474712E-04
   9.20625986E-04
   9.19778831E-04
   9.18933249E-04
   9.18165140E-04
   9.17398429E-04
   9.16595163E-04
   9.15793236E-04
   9.14992823E-04
   9.14156029E-04
   9.13396419E-04
   9.12562478E-04
   9.11730051E-04
   9.10899253E-04
   9.10069910E-04
   9.09317285E-04
   9.08528396E-04
   9.07844224E-04
   9.07057954E-04
   9.06268309E-04
   9.05522378E-04
   9.04740125E-04
   9.04035114E-04
   9.03218228E-04
   9.02472762E-04
   9.01658728E-04
   9.00920597E-04
   9.00146610E-04
   8.99411039E-04
   8.98639730E-04
   8.97869642E-04
   8.97063816E-04
   8.96259444E-04
   8.95456469E-04
   8.94691970E-04
   8.93891847E-04
   8.93162331E-04
   8.92549520E-04
   8.91817675E-04
   8.91022675E-04
   8.90298106E-04
   8.89579358E-04
   8.88889364E-04
   8.88214272E-04
   8.87425733E-04
   8.86666006E-04
   8.85953428E-04
   8.85168905E-04
   8.84417677E-04
   8.83667730E-04
   8.82887223E-04
   8.82203691E-04
   8.81457643E-04
   8.80681037E-04
   8.79937608E-04
   8.79163679E-04
   8.78490799E-04
   8.77719373E-04
   8.77012732E-04
   8.76243925E-04
   8.75476515E-04
   8.74741992E-04
   8.74080870E-04
   8.73317185E-04
   8.72622419E-04
   8.71968281E-04
   8.71208264E-04
   8.70512449E-04
   8.69786367E-04
   8.69093987E-04
   8.68338975E-04
   8.67585302E-04
   8.66831862E-04
   8.66080809E-04
   8.65327660E-04
   8.64579168E-04
   8.63938883E-04
   8.63255118E-04
   8.62603658E-04
   8.61859880E-04
   8.61152948E-04
   8.60411674E-04
   8.59671680E-04
   8.58999323E-04
   8.58292799E-04
   8.57587438E-04
   8.56852275E-04
   8.56118393E-04
   8.55416583E-04
   8.54716054E-04
   8.54012207E-04
   8.53283214E-04
   8.52555386E-04
   8.51859571E-04
   8.51134188E-04
   8.50440818E-04
   8.49748554E-04
   8.49026779E-04
   8.48306285E-04
   8.47586954E-04
   8.46868847E-04
   8.46152019E-04
   8.45492992E-04
   8.44808877E-04
   8.44156428E-04
   8.43444082E-04
   8.42789421E-04
   8.42079404E-04
   8.41370609E-04
   8.40662979E-04
   8.40017165E-04
   8.39342072E-04
   8.38663720E-04
   8.38081643E-04
   8.37439846E-04
   8.36769061E-04
   8.36099323E-04
   8.35581275E-04
   8.34883365E-04
   8.34186620E-04
   8.33491038E-04
   8.32856633E-04
   8.32283287E-04
   8.31590849E-04
   8.30976642E-04
   8.30406032E-04
   8.29716737E-04
   8.29028606E-04
   8.28371383E-04
   8.27715325E-04
   8.27081618E-04
   8.26397853E-04
   8.25770432E-04
   8.25088879E-04
   8.24408373E-04
   8.23728973E-04
   8.23076058E-04
   8.22398870E-04
   8.21722788E-04
   8.21047812E-04
   8.20483780E-04
   8.19865731E-04
   8.19278124E-04
   8.18607165E-04
   8.17966764E-04
   8.17323162E-04
   8.16705811E-04
   8.16097949E-04
   8.15490901E-04
   8.14826111E-04
   8.14162428E-04
   8.13499792E-04
   8.12863349E-04
   8.12228012E-04
   8.11568578E-04
   8.10910191E-04
   8.10252852E-04
   8.09596677E-04
   8.08941491E-04
   8.08287412E-04
   8.07684148E-04
   8.07061035E-04
   8.06409982E-04
   8.05809628E-04
   8.05160555E-04
   8.04512529E-04
   8.03865551E-04
   8.03219620E-04
   8.02624330E-04
   8.02005059E-04
   8.01362155E-04
   8.00720241E-04
   8.00079375E-04
   7.99439498E-04
   7.98800611E-04
   7.98216206E-04
   7.97603861E-04
   7.97017128E-04
   7.96382141E-04
   7.95748201E-04
   7.95115193E-04
   7.94483232E-04
   7.93852261E-04
   7.93246785E-04
   7.93086539E-04
   7.93010928E-04
   7.92935258E-04
   7.92803767E-04
   7.92175473E-04
   7.91548169E-04
   7.90921855E-04
   7.91838160E-04
   7.91706727E-04
   7.91574828E-04
   7.90948514E-04
   7.91311206E-04
   7.91233557E-04
   7.90607708E-04
   7.90968596E-04
   7.90343212E-04
   7.90702936E-04
   7.90569407E-04
   7.89944665E-04
   7.89320853E-04
   7.88698089E-04
   7.88076257E-04
   7.87455414E-04
   7.87325087E-04
   7.87194236E-04
   7.86574732E-04
   7.87909084E-04
   7.87776196E-04
   7.87155877E-04
   7.88051926E-04
   7.87431141E-04
   7.86811288E-04
   7.86192482E-04
   7.85574666E-04
   7.84957723E-04
   7.84341828E-04
   7.83726864E-04
   7.83596712E-04
   7.84433563E-04
   7.83818541E-04
   7.83204392E-04
   7.82591174E-04
   7.82461255E-04
   7.82330811E-04
   7.82307470E-04
   7.82657298E-04
   7.82472373E-04
   7.82820745E-04
   7.82208226E-04
   7.83514173E-04
   7.82900490E-04
   7.82766612E-04
   7.84067146E-04
   7.83930765E-04
   7.83793861E-04
   7.83603813E-04
   7.82989955E-04
   7.82377203E-04
   7.82241521E-04
   7.81682669E-04
   7.82392162E-04
   7.81780283E-04
   7.82065850E-04
   7.81454437E-04
   7.80844013E-04
   7.80234521E-04
   7.79626018E-04
   7.79018446E-04
   7.78411806E-04
   7.78277928E-04
   7.78511050E-04
   7.77905225E-04
   7.77300273E-04
   7.76644039E-04
   7.76041066E-04
   7.75439083E-04
   7.74838030E-04
   7.74237851E-04
   7.74576154E-04
   7.74392625E-04
   7.73793203E-04
   7.73662177E-04
   7.74310145E-04
   7.73702341E-04
   7.73933018E-04
   7.74214859E-04
   7.74029933E-04
   7.75085704E-04
   7.74898450E-04
   7.74711487E-04
   7.74111599E-04
   7.73512584E-04
   7.72914500E-04
   7.72729050E-04
   7.72132131E-04
   7.71536143E-04
   7.70941144E-04
   7.70808721E-04
   7.70266401E-04
   7.70083105E-04
   7.69950915E-04
   7.69358303E-04
   7.69175764E-04
   7.69708015E-04
   7.69881124E-04
   7.69645907E-04
   7.69766979E-04
   7.69582228E-04
   7.68990256E-04
   7.68805796E-04
   7.68977101E-04
   7.68792001E-04
   7.68251892E-04
   7.68067606E-04
   7.67477904E-04
   7.67293910E-04
   7.66705372E-04
   7.66117824E-04
   7.66288547E-04
   7.66054669E-04
   7.66274752E-04
   7.66040350E-04
   7.65806006E-04
   7.65622419E-04
   7.65388191E-04
   7.65505771E-04
   7.66425452E-04
   7.65838253E-04
   7.65652745E-04
   7.65417470E-04
   7.64831784E-04
   7.64246972E-04
   7.64412223E-04
   7.64887547E-04
   7.64302677E-04
   7.64765427E-04
   7.64180790E-04
   7.63995398E-04
   7.63759832E-04
   7.63176766E-04
   7.62991607E-04
   7.62360054E-04
   7.62126409E-04
   7.61545845E-04
   7.60966039E-04
   7.60387222E-04
   7.60846946E-04
   7.60268304E-04
   7.59690534E-04
   7.59113580E-04
   7.59610848E-04
   7.59821618E-04
   7.59244489E-04
   7.58668233E-04
   7.58436916E-04
   7.57861941E-04
   7.57287838E-04
   7.57743779E-04
   7.57512578E-04
   7.56938942E-04
   7.57050933E-04
   7.57161935E-04
   7.57272530E-04
   7.56699301E-04
   7.56419380E-04
   7.55847432E-04
   7.55276356E-04
   7.54706154E-04
   7.54476932E-04
   7.53907894E-04
   7.53970759E-04
   7.53402535E-04
   7.52835127E-04
   7.52268534E-04
   7.52960797E-04
   7.52394088E-04
   7.52118009E-04
   7.51552521E-04
   7.51663349E-04
   7.51098618E-04
   7.50534644E-04
   7.50308449E-04
   7.50082545E-04
   7.49520084E-04
   7.48958555E-04
   7.48397782E-04
   7.47837883E-04
   7.47278798E-04
   7.47007842E-04
   7.46784848E-04
   7.46562204E-04
   7.46339385E-04
   7.46068952E-04
   7.45560159E-04
   7.45290716E-04
   7.45640253E-04
   7.45132042E-04
   7.44577032E-04
   7.44022836E-04
   7.44087039E-04
   7.44435238E-04
   7.43881275E-04
   7.43328070E-04
   7.42775737E-04
   7.42224220E-04
   7.42240692E-04
   7.41689990E-04
   7.41423573E-04
   7.40874035E-04
   7.40608084E-04
   7.40342366E-04
   7.40688818E-04
   7.41034106E-04
   7.40485149E-04
   7.40500749E-04
   7.40797084E-04
   7.40530086E-04
   7.40263029E-04
   7.39668438E-04
   7.39121519E-04
   7.38575472E-04
   7.38030125E-04
   7.37999100E-04
   7.38574541E-04
   7.38308940E-04
   7.38043396E-04
   7.37498922E-04
   7.36955204E-04
   7.36412243E-04
   7.35916605E-04
   7.35653623E-04
   7.35112582E-04
   7.34850648E-04
   7.34310888E-04
   7.33771885E-04
   7.33510999E-04
   7.32973160E-04
   7.32713088E-04
   7.32176413E-04
   7.31640554E-04
   7.31105509E-04
   7.30893633E-04
   7.30359578E-04
   7.30102067E-04
   7.29798863E-04
   7.29541818E-04
   7.29285239E-04
   7.28753570E-04
   7.28497456E-04
   7.27966893E-04
   7.27665785E-04
   7.27136503E-04
   7.27064849E-04
   7.26810191E-04
   7.26555649E-04
   7.26027938E-04
   7.25500984E-04
   7.24974845E-04
   7.24449463E-04
   7.24424841E-04
   7.23900273E-04
   7.23920763E-04
   7.23396894E-04
   7.23326986E-04
   7.23618723E-04
   7.23095261E-04
   7.22572557E-04
   7.22321856E-04
   7.21800316E-04
   7.21279532E-04
   7.20984826E-04
   7.20465148E-04
   7.19946285E-04
   7.19428179E-04
   7.18910713E-04
   7.19112926E-04
   7.18595984E-04
   7.18079740E-04
   7.17788353E-04
   7.17497198E-04
   7.16982584E-04
   7.17184332E-04
   7.17116927E-04
   7.16826413E-04
   7.16446608E-04
   7.15933507E-04
   7.15421163E-04
   7.15488277E-04
   7.14976515E-04
   7.14465510E-04
   7.13955262E-04
   7.13889953E-04
   7.13868416E-04
   7.14024296E-04
   7.13957590E-04
   7.13448040E-04
   7.12939189E-04
   7.12431094E-04
   7.11923756E-04
   7.11593952E-04
   7.11528817E-04
   7.11022760E-04
   7.11178349E-04
   7.10672757E-04
   7.10827648E-04
   7.10322580E-04
   7.09818210E-04
   7.09314540E-04
   7.08767737E-04
   7.08484964E-04
   7.08421227E-04
   7.08357198E-04
   7.07855681E-04
   7.07573548E-04
   7.07073079E-04
   7.06791529E-04
   7.06292165E-04
   7.06621853E-04
   7.06340419E-04
   7.06407707E-04
   7.06893450E-04
   7.06393970E-04
   7.05895189E-04
   7.05397048E-04
   7.05420040E-04
   7.05139304E-04
   7.04859034E-04
   7.04724633E-04
   7.04574108E-04
   7.04510254E-04
   7.04014092E-04
   7.03734346E-04
   7.03454891E-04
   7.03160069E-04
   7.02665828E-04
   7.02387711E-04
   7.02238642E-04
   7.01745739E-04
   7.01253419E-04
   7.00976409E-04
   7.00656732E-04
   7.00380537E-04
   6.99890254E-04
   6.99400553E-04
   6.98911550E-04
   6.98594202E-04
   6.98319869E-04
   6.98173768E-04
   6.97857351E-04
   6.97370560E-04
   6.96884352E-04
   6.96611707E-04
   6.96509320E-04
   6.96534640E-04
   6.96049596E-04
   6.95565250E-04
   6.95251219E-04
   6.94937597E-04
   6.94454764E-04
   6.94565475E-04
   6.94252376E-04
   6.93770475E-04
   6.93627226E-04
   6.93526352E-04
   6.93045615E-04
   6.92734029E-04
   6.92254340E-04
   6.91775233E-04
   6.91296824E-04
   6.90819114E-04
   6.90342102E-04
   6.89865672E-04
   6.89389941E-04
   6.88914850E-04
   6.88440457E-04
   6.87966647E-04
   6.87493535E-04
   6.87021064E-04
   6.87050691E-04
   6.87079679E-04
   6.86607789E-04
   6.86303247E-04
   6.86499116E-04
   6.86194573E-04
   6.85723906E-04
   6.85586652E-04
   6.85615232E-04
   6.85145322E-04
   6.84676052E-04
   6.84207422E-04
   6.83905149E-04
   6.83603168E-04
   6.83632737E-04
   6.83661900E-04
   6.83194608E-04
   6.82728016E-04
   6.82262063E-04
   6.81796693E-04
   6.81332021E-04
   6.81032601E-04
   6.80856931E-04
   6.80393539E-04
   6.80177356E-04
   6.80043595E-04
   6.79581368E-04
   6.79119665E-04
   6.78781595E-04
   6.78607612E-04
   6.78310986E-04
   6.77973730E-04
   6.77637057E-04
   6.77627220E-04
   6.77168136E-04
   6.77158590E-04
   6.77270757E-04
   6.76934374E-04
   6.76761440E-04
   6.76303636E-04
   6.75846415E-04
   6.75755378E-04
   6.75298972E-04
   6.75208401E-04
   6.75360672E-04
   6.75026211E-04
   6.74570678E-04
   6.74439711E-04
   6.73984992E-04
   6.73692557E-04
   6.73521427E-04
   6.73229340E-04
   6.72776252E-04
   6.72323746E-04
   6.71871880E-04
   6.71420596E-04
   6.70969952E-04
   6.70680893E-04
   6.70431938E-04
   6.69982692E-04
   6.69533969E-04
   6.69206085E-04
   6.68758410E-04
   6.68311317E-04
   6.67864806E-04
   6.67418877E-04
   6.66973530E-04
   6.66688487E-04
   6.66244188E-04
   6.65800413E-04
   6.65357278E-04
   6.65273285E-04
   6.64830848E-04
   6.64508261E-04
   6.64186024E-04
   6.63745101E-04
   6.63423736E-04
   6.63221639E-04
   6.63019891E-04
   6.62818085E-04
   6.62497536E-04
   6.62296021E-04
   6.62094622E-04
   6.61656435E-04
   6.61455852E-04
   6.61136757E-04
   6.60936290E-04
   6.60735939E-04
   6.60417776E-04
   6.59981801E-04
   6.59664278E-04
   6.59229292E-04
   6.58794888E-04
   6.58596400E-04
   6.58162753E-04
   6.57729746E-04
   6.57297322E-04
   6.56982826E-04
   6.56551332E-04
   6.56120479E-04
   6.55690092E-04
   6.55377458E-04
   6.55065058E-04
   6.55065058E-04
   6.54636067E-04
   6.54324424E-04
   6.54246542E-04
   6.53818657E-04
   6.53391297E-04
   6.52964518E-04
   6.53004157E-04
   6.52577844E-04
   6.52152172E-04
   6.51726965E-04
   6.51302340E-04
   6.50878297E-04
   6.50454836E-04
   6.50031841E-04
   6.49841037E-04
   6.49418915E-04
   6.48997258E-04
   6.48576184E-04
   6.48155692E-04
   6.47735724E-04
   6.47547189E-04
   6.47243287E-04
   6.46978093E-04
   6.46559638E-04
   6.46256784E-04
   6.46030880E-04
   6.45613647E-04
   6.45273540E-04
   6.44972082E-04
   6.44556188E-04
   6.44140935E-04
   6.43726147E-04
   6.43311942E-04
   6.42898201E-04
   6.42485043E-04
   6.42148778E-04
   6.41736609E-04
   6.41324907E-04
   6.40913786E-04
   6.40503131E-04
   6.40093000E-04
   6.39683392E-04
   6.39463833E-04
   6.39282342E-04
   6.38873782E-04
   6.38692814E-04
   6.38285012E-04
   6.37877791E-04
   6.37584308E-04
   6.37291407E-04
   6.37224817E-04
   6.36818935E-04
   6.36526500E-04
   6.36121375E-04
   6.35867356E-04
   6.35463104E-04
   6.35585631E-04
   6.35181728E-04
   6.34778407E-04
   6.34375552E-04
   6.34048192E-04
   6.33646268E-04
   6.33244927E-04
   6.32844050E-04
   6.32443698E-04
   6.32043928E-04
   6.31644507E-04
   6.31544157E-04
   6.31145376E-04
   6.30896480E-04
   6.30498631E-04
   6.30436116E-04
   6.30038849E-04
   6.29790709E-04
   6.29394199E-04
   6.28998212E-04
   6.28751062E-04
   6.28355891E-04
   6.27961126E-04
   6.27566886E-04
   6.27173227E-04
   6.26779976E-04
   6.26609253E-04
   6.26216759E-04
   6.25824730E-04
   6.25433167E-04
   6.25042128E-04
   6.24651555E-04
   6.24261447E-04
   6.23871922E-04
   6.23703469E-04
   6.23314525E-04
   6.22926163E-04
   6.22758467E-04
   6.22407417E-04
   6.22240361E-04
   6.21926622E-04
   6.21686399E-04
   6.21300016E-04
   6.20914099E-04
   6.20674924E-04
   6.20289764E-04
   6.19978120E-04
   6.19666826E-04
   6.19501690E-04
   6.19118044E-04
   6.18734804E-04
   6.18497841E-04
   6.18188176E-04
   6.17878861E-04
   6.17497193E-04
   6.17115991E-04
   6.17025478E-04
   6.16644917E-04
   6.16264762E-04
   6.15885132E-04
   6.15650672E-04
   6.15271740E-04
   6.14893273E-04
   6.14660035E-04
   6.14282326E-04
   6.13868993E-04
   6.13564393E-04
   6.13188022E-04
   6.13028184E-04
   6.12652511E-04
   6.12421194E-04
   6.12118107E-04
   6.11779513E-04
   6.11405296E-04
   6.11031603E-04
   6.10658317E-04
   6.10357209E-04
   6.10056391E-04
   6.09755924E-04
   6.09527575E-04
   6.09227689E-04
   6.08999573E-04
   6.08628790E-04
   6.08258473E-04
   6.07888622E-04
   6.07519178E-04
   6.07221446E-04
   6.07280177E-04
   6.06982620E-04
   6.06614340E-04
   6.06388552E-04
   6.06020971E-04
   6.05653855E-04
   6.05287147E-04
   6.04920846E-04
   6.04555011E-04
   6.04331261E-04
   6.04036904E-04
   6.03672175E-04
   6.03378518E-04
   6.03014545E-04
   6.02651038E-04
   6.02429034E-04
   6.02066226E-04
   6.01703825E-04
   6.01447769E-04
   6.01086125E-04
   6.00795262E-04
   6.00434374E-04
   6.00073952E-04
   5.99713938E-04
   5.99459687E-04
   5.99100429E-04
   5.98741637E-04
   5.98383253E-04
   5.98025334E-04
   5.97667822E-04
   5.97485458E-04
   5.97128586E-04
   5.96841972E-04
   5.96520724E-04
   5.96165017E-04
   5.95809717E-04
   5.95524500E-04
   5.95309190E-04
   5.94954879E-04
   5.94635785E-04
   5.94352023E-04
   5.93998877E-04
   5.93646138E-04
   5.93293807E-04
   5.92941884E-04
   5.92590426E-04
   5.92447119E-04
   5.92096185E-04
   5.91745717E-04
   5.91395656E-04
   5.91080519E-04
   5.90731273E-04
   5.90382377E-04
   5.90033946E-04
   5.89823758E-04
   5.89475967E-04
   5.89266303E-04
   5.88987954E-04
   5.88641153E-04
   5.88329101E-04
   5.87983057E-04
   5.87637420E-04
   5.87292190E-04
   5.86981652E-04
   5.86637179E-04
   5.86293172E-04
   5.86145150E-04
   5.85870119E-04
   5.85526985E-04
   5.85252594E-04
   5.84910158E-04
   5.84568130E-04
   5.84226509E-04
   5.83885296E-04
   5.83544432E-04
   5.83306130E-04
   5.83000015E-04
   5.82660257E-04
   5.82320848E-04
   5.81981847E-04
   5.81643253E-04
   5.81372879E-04
   5.81102737E-04
   5.80799067E-04
   5.80461812E-04
   5.80125023E-04
   5.79822343E-04
   5.79553831E-04
   5.79218089E-04
   5.78882697E-04
   5.78581414E-04
   5.78280713E-04
   5.77980070E-04
   5.77713479E-04
   5.77379833E-04
   5.77147526E-04
   5.76848106E-04
   5.76515449E-04
   5.76183142E-04
   5.75851242E-04
   5.75553335E-04
   5.75255661E-04
   5.74924867E-04
   5.74594422E-04
   5.74264384E-04
   5.73934696E-04
   5.73605415E-04
   5.73309895E-04
   5.73081546E-04
   5.72753197E-04
   5.72425255E-04
   5.72097662E-04
   5.71770477E-04
   5.71443641E-04
   5.71117213E-04
   5.70791133E-04
   5.70465461E-04
   5.70140081E-04
   5.69815107E-04
   5.69556898E-04
   5.69265743E-04
   5.68941818E-04
   5.68618183E-04
   5.68294956E-04
   5.68038260E-04
   5.67715673E-04
   5.67492854E-04
   5.67236973E-04
   5.66915318E-04
   5.66627015E-04
   5.66372008E-04
   5.66051283E-04
   5.65730967E-04
   5.65443945E-04
   5.65124326E-04
   5.64870774E-04
   5.64551796E-04
   5.64331713E-04
   5.64046204E-04
   5.63728157E-04
   5.63508831E-04
   5.63191366E-04
   5.62874251E-04
   5.62557485E-04
   5.62241185E-04
   5.61925175E-04
   5.61609515E-04
   5.61294146E-04
   5.60979242E-04
   5.60664630E-04
   5.60350367E-04
   5.60036453E-04
   5.59722946E-04
   5.59442269E-04
   5.59129403E-04
   5.58816828E-04
   5.58504660E-04
   5.58192784E-04
   5.57946274E-04
   5.57667459E-04
   5.57356572E-04
   5.57110878E-04
   5.56833169E-04
   5.56523155E-04
   5.56245854E-04
   5.55936538E-04
   5.55692182E-04
   5.55383507E-04
   5.55075181E-04
   5.54767146E-04
   5.54491708E-04
   5.54216560E-04
   5.53909456E-04
   5.53602760E-04
   5.53296413E-04
   5.53022488E-04
   5.52716723E-04
   5.52443438E-04
   5.52170444E-04
   5.51897741E-04
   5.51593199E-04
   5.51289006E-04
   5.51017234E-04
   5.50841738E-04
   5.50538418E-04
   5.50235389E-04
   5.49932709E-04
   5.49630378E-04
   5.49328339E-04
   5.49026649E-04
   5.48725307E-04
   5.48424257E-04
   5.48123615E-04
   5.47823263E-04
   5.47523261E-04
   5.47223550E-04
   5.46924188E-04
   5.46625175E-04
   5.46326453E-04
   5.46028081E-04
   5.45729999E-04
   5.45432325E-04
   5.45134884E-04
   5.44837792E-04
   5.44541050E-04
   5.44244656E-04
   5.43980103E-04
   5.43715840E-04
   5.43451926E-04
   5.43156639E-04
   5.42861701E-04
   5.42567053E-04
   5.42304304E-04
   5.42041787E-04
   5.41748072E-04
   5.41454705E-04
   5.41161571E-04
   5.40868787E-04
   5.40576293E-04
   5.40284149E-04
   5.39992354E-04
   5.39700850E-04
   5.39409637E-04
   5.39118773E-04
   5.38828201E-04
   5.38537919E-04
   5.38247987E-04
   5.37958345E-04
   5.37668995E-04
   5.37379994E-04
   5.37122542E-04
   5.36865264E-04
   5.36670850E-04
   5.36382955E-04
   5.36095293E-04
   5.35807922E-04
   5.35520958E-04
   5.35234227E-04
   5.34947845E-04
   5.34661755E-04
   5.34375955E-04
   5.34090505E-04
   5.33836312E-04
   5.33551385E-04
   5.33266808E-04
   5.32982522E-04
   5.32698527E-04
   5.32383856E-04
   5.32100501E-04
   5.31848404E-04
   5.31565573E-04
   5.31283091E-04
   5.31000900E-04
   5.30749850E-04
   5.30468242E-04
   5.30186924E-04
   5.29905898E-04
   5.29625162E-04
   5.29344718E-04
   5.29064564E-04
   5.28784760E-04
   5.28505247E-04
   5.28226024E-04
   5.27947035E-04
   5.27668395E-04
   5.27390046E-04
   5.27111988E-04
   5.26834221E-04
   5.26556745E-04
   5.26279560E-04
   5.26002666E-04
   5.25726005E-04
   5.25449694E-04
   5.25173673E-04
   5.24897885E-04
   5.24622446E-04
   5.24347299E-04
   5.24072384E-04
   5.23797818E-04
   5.23523486E-04
   5.23310271E-04
   5.23036462E-04
   5.22763003E-04
   5.22489776E-04
   5.22216840E-04
   5.21944195E-04
   5.21671842E-04
   5.21399779E-04
   5.21128008E-04
   5.20856527E-04
   5.20585338E-04
   5.20314381E-04
   5.20043715E-04
   5.19773341E-04
   5.19503199E-04
   5.19233407E-04
   5.18963847E-04
   5.18694578E-04
   5.18425659E-04
   5.18156972E-04
   5.17888519E-04
   5.17620414E-04
   5.17352542E-04
   5.17085020E-04
   5.16817672E-04
   5.16550615E-04
   5.16283850E-04
   5.16017375E-04
   5.15751191E-04
   5.15485241E-04
   5.15219581E-04
   5.14954212E-04
   5.14689134E-04
   5.14424231E-04
   5.14159678E-04
   5.13895415E-04
   5.13631385E-04
   5.13367646E-04
   5.13104140E-04
   5.12840983E-04
   5.12578001E-04
   5.12315368E-04
   5.12052968E-04
   5.11790800E-04
   5.11528924E-04
   5.11267339E-04
   5.11006045E-04
   5.10744983E-04
   5.10484155E-04
   5.10223676E-04
   5.09963371E-04
   5.09703415E-04
   5.09443693E-04
   5.09184203E-04
   5.08924946E-04
   5.08666039E-04
   5.08407364E-04
   5.08148980E-04
   5.07890829E-04
   5.07632911E-04
   5.07375284E-04
   5.07088436E-04
   5.06831391E-04
   5.06574579E-04
   5.06318000E-04
   5.06061711E-04
   5.05805656E-04
   5.05549891E-04
   5.05294360E-04
   5.05068456E-04
   5.04784111E-04
   5.04529336E-04
   5.04274853E-04
   5.04020660E-04
   5.03766700E-04
   5.03512973E-04
   5.03259536E-04
   5.03006333E-04
   5.02694980E-04
   5.02442301E-04
   5.02189971E-04
   5.01937815E-04
   5.01685950E-04
   5.01434319E-04
   5.01182978E-04
   5.00873663E-04
   5.00622846E-04
   5.00372320E-04
   5.00122027E-04
   4.99871909E-04
