   1.57079995      0.785399973      0.392699987    
   1.55159426      0.724969625      0.383309603    
   1.53209126      0.666805208      0.372407854    
   1.51230514      0.611133039      0.360135525    
   1.49225152      0.557959735      0.346631914    
   1.47194636      0.507242978      0.332031429    
   1.45140636      0.458924681      0.316461146    
   1.43064880      0.412939608      0.300042033    
   1.40969074      0.369217217      0.282885551    
   1.38854873      0.327686787      0.265098810    
   1.36723888      0.288274586      0.246781319    
   1.34577787      0.250906438      0.228025734    
   1.32418001      0.215507761      0.208918884    
   1.30245948      0.182003856      0.189541131    
   1.28063118      0.150320351      0.169966996    
   1.25870728      0.120383322      0.150265247    
   1.23669970       9.21193808E-02  0.130499408    
   1.21462023       6.54563457E-02  0.110727824    
   1.19247937       4.03231978E-02   9.10040960E-02
   1.17028713       1.66500881E-02   7.13772774E-02
   1.14805198      -5.63207455E-03   5.18905222E-02
   1.12578177      -2.65898034E-02   3.25852334E-02
   1.10348415      -4.62887436E-02   1.34968758E-02
   1.08116627      -6.47922158E-02  -5.34157082E-03
   1.05883384      -8.21626335E-02  -2.39013713E-02
   1.03649306      -9.84599963E-02  -4.21566591E-02
   1.01415038     -0.113861687      -6.01656586E-02
  0.991805613     -0.128184795      -7.77477697E-02
  0.969465256     -0.141604185      -9.49652269E-02
  0.947132766     -0.154172346     -0.111803479    
  0.924810588     -0.165940195     -0.128249675    
  0.902501583     -0.176956683     -0.144293696    
  0.880207837     -0.187268823     -0.159926936    
  0.857931256     -0.196921647     -0.175142735    
  0.835673690     -0.205958426     -0.189936087    
  0.813435793     -0.214420676     -0.204303235    
  0.791218996     -0.222348332     -0.218242139    
  0.769024134     -0.229779154     -0.231751546    
  0.746851623     -0.236749440     -0.244831711    
  0.724702060     -0.243293896     -0.257483631    
  0.702575684     -0.249445632     -0.269709617    
  0.680472910     -0.255236030     -0.281512320    
  0.658393741     -0.260695219     -0.292894721    
  0.636338174     -0.265851319     -0.303861260    
  0.614306271     -0.270731628     -0.314416707    
  0.592297375     -0.275361896     -0.324566066    
  0.570311606     -0.279766172     -0.334314764    
  0.548348546     -0.283967882     -0.343668401    
  0.526407897     -0.287988693     -0.352633476    
  0.504489779     -0.291849345     -0.361215949    
  0.482593149     -0.295569271     -0.369422257    
  0.460718155     -0.299166888     -0.377258986    
  0.438864022     -0.302659571     -0.384732693    
  0.417030871     -0.306063771     -0.391849965    
  0.395217627     -0.309394866     -0.398617446    
  0.373424381     -0.312667221     -0.405041695    
  0.351650625     -0.315894485     -0.411129028    
  0.329896092     -0.319089472     -0.416886091    
  0.308160394     -0.322264045     -0.422318846    
  0.286442637     -0.325429261     -0.427433610    
  0.264743179     -0.328595638     -0.432235986    
  0.243061438     -0.331772834     -0.436731994    
  0.221397176     -0.334969908     -0.440926939    
  0.199750081     -0.338195145     -0.444826156    
  0.178119913     -0.341456354     -0.448434561    
  0.156506553     -0.344760478     -0.451757044    
  0.134910166     -0.348114401     -0.454798043    
  0.113331102     -0.351523876     -0.457561702    
   9.17710066E-02 -0.354994565     -0.460052043    
   7.02422857E-02 -0.358531147     -0.462272733    
   4.88070920E-02 -0.362138093     -0.464227349    
   2.76261438E-02 -0.365817904     -0.465919822    
   6.85418025E-03 -0.369571626     -0.467354953    
  -1.34369154E-02 -0.373398811     -0.468537927    
  -3.32208648E-02 -0.377298176     -0.469474137    
  -5.24909720E-02 -0.381267875     -0.470169216    
  -7.12484941E-02 -0.385305524     -0.470628500    
  -8.94984454E-02 -0.389408797     -0.470857531    
 -0.107248068     -0.393574715     -0.470861435    
 -0.124504253     -0.397800207     -0.470645517    
 -0.141275033     -0.402081639     -0.470215023    
 -0.157569289     -0.406415731     -0.469574988    
 -0.173395351     -0.410798877     -0.468730122    
 -0.188761681     -0.415227145     -0.467685461    
 -0.203676045     -0.419696361     -0.466445863    
 -0.218146920     -0.424202830     -0.465015978    
 -0.232182845     -0.428742111     -0.463400334    
 -0.245791465     -0.433310330     -0.461603612    
 -0.258980364     -0.437903702     -0.459630311    
 -0.271757990     -0.442516655     -0.457484633    
 -0.284130454     -0.447145432     -0.455171138    
 -0.296106309     -0.451785684     -0.452694029    
 -0.307692289     -0.456433237     -0.450057656    
 -0.318895131     -0.461083412     -0.447266042    
 -0.329722315     -0.465732038     -0.444323301    
 -0.340179920     -0.470374793     -0.441233784    
 -0.350274563     -0.475007296     -0.438001275    
 -0.360012501     -0.479625344     -0.434629828    
 -0.369400084     -0.484224647     -0.431123435    
 -0.378442764     -0.488801122     -0.427486062    
 -0.387147069     -0.493350476     -0.423721641    
 -0.395518512     -0.497868717     -0.419833899    
 -0.403562307     -0.502351880     -0.415826887    
 -0.411284477     -0.506795883     -0.411704332    
 -0.418689519     -0.511197031     -0.407470018    
 -0.425782472     -0.515551329     -0.403127789    
 -0.432568520     -0.519855201     -0.398681432    
 -0.439052373     -0.524104953     -0.394134641    
 -0.445238471     -0.528297067     -0.389491230    
 -0.451131701     -0.532427967     -0.384754986    
 -0.456735939     -0.536494195     -0.379929543    
 -0.462055206     -0.540492475     -0.375018716    
 -0.467093825     -0.544419765     -0.370026171    
 -0.471854895     -0.548272729     -0.364955664    
 -0.476342678     -0.552048385     -0.359810919    
 -0.480560482     -0.555743873     -0.354595691    
 -0.484511763     -0.559356213     -0.349313527    
 -0.488199800     -0.562882662     -0.343968362    
 -0.491627455     -0.566320479     -0.338563770    
 -0.494797558     -0.569667220     -0.333103687    
 -0.497713119     -0.572920263     -0.327591896    
 -0.500376761     -0.576077342     -0.322031975    
 -0.502790689     -0.579136014     -0.316427320    
 -0.504957139     -0.582094193     -0.310782135    
 -0.506878436     -0.584949672     -0.305100083    
 -0.508556724     -0.587700427     -0.299384892    
 -0.509993553     -0.590344489     -0.293640494    
 -0.511190832     -0.592880130     -0.287870616    
 -0.512150049     -0.595305443     -0.282079101    
 -0.512872577     -0.597618699     -0.276269794    
 -0.513359427     -0.599818528     -0.270446539    
 -0.513611972     -0.601903260     -0.264613211    
 -0.513631165     -0.603871465     -0.258773774    
 -0.513417840     -0.605721831     -0.252932101    
 -0.512972474     -0.607453108     -0.247092038    
 -0.512295663     -0.609064102     -0.241257623    
 -0.511387527     -0.610553801     -0.235432819    
 -0.510248363     -0.611921132     -0.229621634    
 -0.508878350     -0.613165021     -0.223828077    
 -0.507277131     -0.614284813     -0.218056202    
 -0.505444705     -0.615279555     -0.212310120    
 -0.503380179     -0.616148531     -0.206593871    
 -0.501083314     -0.616891026     -0.200911596    
 -0.498553425     -0.617506564     -0.195267498    
 -0.495789289     -0.617994487     -0.189665660    
 -0.492790073     -0.618354142     -0.184110403    
 -0.489554584     -0.618585527     -0.178605944    
 -0.486081183     -0.618688047     -0.173156530    
 -0.482368529     -0.618661344     -0.167766497    
 -0.478415012     -0.618505180     -0.162440121    
 -0.474218458     -0.618219435     -0.157181859    
 -0.469776958     -0.617803812     -0.151996017    
 -0.465088576     -0.617258132     -0.146887124    
 -0.460150748     -0.616582334     -0.141859561    
 -0.454960853     -0.615776300     -0.136917889    
 -0.449516445     -0.614840031     -0.132066578    
 -0.443814665     -0.613773465     -0.127310246    
 -0.437852472     -0.612576544     -0.122653432    
 -0.431626856     -0.611249268     -0.118100815    
 -0.425134063     -0.609791577     -0.113656983    
 -0.418370754     -0.608203530     -0.109326653    
 -0.411333203     -0.606485128     -0.105114572    
 -0.404017806     -0.604636252     -0.101025485    
 -0.396420330     -0.602656901      -9.70641151E-02
 -0.388536632     -0.600546956      -9.32352543E-02
 -0.380362511     -0.598306298      -8.95437151E-02
 -0.371893167     -0.595934689      -8.59943181E-02
 -0.363124073     -0.593431950      -8.25918987E-02
 -0.354050487     -0.590797842      -7.93413222E-02
 -0.344666988     -0.588031888      -7.62474239E-02
 -0.334968656     -0.585133612      -7.33150691E-02
 -0.324949890     -0.582102478      -7.05491230E-02
 -0.314605296     -0.578937829      -6.79544359E-02
 -0.303928852     -0.575638831      -6.55358508E-02
 -0.292914838     -0.572204590      -6.32981807E-02
 -0.281557053     -0.568633914      -6.12461865E-02
 -0.269849271     -0.564925611      -5.93846440E-02
 -0.257784873     -0.561078131      -5.77182248E-02
 -0.245357215     -0.557089806      -5.62515743E-02
 -0.232559547     -0.552958846      -5.49892783E-02
 -0.219384760     -0.548683167      -5.39358221E-02
 -0.205825642     -0.544260263      -5.30955642E-02
 -0.191874996     -0.539687574      -5.24727851E-02
 -0.177525148     -0.534962118      -5.20716310E-02
 -0.162768409     -0.530080557      -5.18960766E-02
 -0.147596955     -0.525039315      -5.19499369E-02
 -0.132003054     -0.519834459      -5.22368178E-02
 -0.115977816     -0.514461398      -5.27601391E-02
  -9.95133296E-02 -0.508915424      -5.35230041E-02
  -8.26011822E-02 -0.503191292      -5.45282811E-02
  -6.52329102E-02 -0.497283190      -5.57784997E-02
  -4.74000201E-02 -0.491184890      -5.72758354E-02
  -2.90939864E-02 -0.484889597      -5.90220466E-02
  -1.03065372E-02 -0.478389949      -6.10184856E-02
   8.97016004E-03 -0.471678019      -6.32659793E-02
   2.87433583E-02 -0.464745194      -6.57648146E-02
   4.90188338E-02 -0.457582295      -6.85146600E-02
   6.97995722E-02 -0.450179398      -7.15144947E-02
   9.10826102E-02 -0.442525983      -7.47625306E-02
  0.112851374     -0.434610784      -7.82560706E-02
  0.124883801     -0.430307031      -8.14491510E-02
