   0.00000000       0.00000000       0.00000000    
   9.02705640E-03   1.68307759E-02   3.52052376E-02
   1.83427501E-02   3.20141204E-02   7.01262578E-02
   2.78133936E-02   4.56116647E-02  0.104745053    
   3.73156518E-02   5.76951765E-02  0.139038533    
   4.67366539E-02   6.83427379E-02  0.172980517    
   5.59740253E-02   7.76370615E-02  0.206543088    
   6.49358407E-02   8.56641829E-02  0.239698216    
   7.35404342E-02   9.25123990E-02  0.272418529    
   8.17162693E-02   9.82712135E-02  0.304678261    
   8.94016325E-02  0.103030518      0.336453795    
   9.65442955E-02  0.106879696      0.367724150    
  0.103101037      0.109906912      0.398470998    
  0.109037176      0.112198465      0.428678989    
  0.114325993      0.113838203      0.458335578    
  0.118948132      0.114907160      0.487430960    
  0.122891001      0.115482971      0.515957713    
  0.126148105      0.115639754      0.543910861    
  0.128718436      0.115447789      0.571287274    
  0.130605862      0.114973314      0.598085463    
  0.131818563      0.114278540      0.624305606    
  0.132368311      0.113421462      0.649948835    
  0.132270202      0.112455919      0.675017059    
  0.131541863      0.111431681      0.699513078    
  0.130203173      0.110394351      0.723439991    
  0.128275752      0.109385692      0.746801019    
  0.125782669      0.108443514      0.769599855    
  0.122744739      0.107601337      0.791839421    
  0.119189940      0.106890500      0.813523293    
  0.115143441      0.106338128      0.834654450    
  0.110630617      0.105968155      0.855235696    
  0.105676793      0.105801456      0.875269413    
  0.100307025      0.105856009      0.894757748    
   9.45459455E-02  0.106147073      0.913702369    
   8.84176269E-02  0.106687382      0.932104468    
   8.19454715E-02  0.107487291      0.949965358    
   7.51520097E-02  0.108554944      0.967285335    
   6.80589229E-02  0.109896444      0.984064937    
   6.06869087E-02  0.111516029       1.00030422    
   5.30556291E-02  0.113416165       1.01600277    
   4.51836772E-02  0.115597770       1.03116035    
   3.70885283E-02  0.118060291       1.04577613    
   2.87865065E-02  0.120801836       1.05984938    
   2.02928092E-02  0.123819336       1.07337892    
   1.16214715E-02  0.127108634       1.08636367    
   2.78536091E-03  0.130664602       1.09880245    
  -6.20378787E-03  0.134481192       1.11069369    
  -1.53353754E-02  0.138551652       1.12203598    
  -2.45999061E-02  0.142868444       1.13282764    
  -3.39889526E-02  0.147423476       1.14306736    
  -4.34951745E-02  0.152208090       1.15275335    
  -5.31122312E-02  0.157213107       1.16188371    
  -6.28347397E-02  0.162428960       1.17045689    
  -7.26583451E-02  0.167845741       1.17847097    
  -8.25794935E-02  0.173453122       1.18592405    
  -9.25955772E-02  0.179240555       1.19281411    
 -0.102704808      0.185197249       1.19913936    
 -0.112906158      0.191312134       1.20489764    
 -0.123199292      0.197573975       1.21008706    
 -0.133584648      0.203971386       1.21470523    
 -0.144063264      0.210492730       1.21875000    
 -0.154636770      0.217126355       1.22221923    
 -0.165307403      0.223860353       1.22511077    
 -0.176077858      0.230682701       1.22742164    
 -0.186951295      0.237581253       1.22915006    
 -0.197931349      0.244543791       1.23029327    
 -0.209021911      0.251557857       1.23084867    
 -0.220227271      0.258610934       1.23081398    
 -0.231552005      0.265690297       1.23018646    
 -0.243000820      0.272783130       1.22896361    
 -0.254578620      0.279876322       1.22714365    
 -0.266290516      0.286956817       1.22472775    
 -0.278141379      0.294011414       1.22172034    
 -0.290136158      0.301026791       1.21812880    
 -0.302279592      0.307989806       1.21396208    
 -0.314576089      0.314887196       1.20922852    
 -0.327029824      0.321705878       1.20393801    
 -0.339644641      0.328432798       1.19809973    
 -0.352423877      0.335054785       1.19172311    
 -0.365370691      0.341558903       1.18481779    
 -0.378487408      0.347932279       1.17739379    
 -0.391776145      0.354162037       1.16946089    
 -0.405238181      0.360235393       1.16102934    
 -0.418874443      0.366139740       1.15210962    
 -0.432685047      0.371862531       1.14271224    
 -0.446669608      0.377391398       1.13284838    
 -0.460826695      0.382713974       1.12252903    
 -0.475154638      0.387818247       1.11176634    
 -0.489650518      0.392692327       1.10057175    
 -0.504311025      0.397324592       1.08895826    
 -0.519131839      0.401703507       1.07693863    
 -0.534107804      0.405817986       1.06452620    
 -0.549233198      0.409657270       1.05173469    
 -0.564501226      0.413210660       1.03857839    
 -0.579904318      0.416468173       1.02507234    
 -0.595434308      0.419419974       1.01123154    
 -0.611082017      0.422056675      0.997071743    
 -0.626837671      0.424369514      0.982609272    
 -0.642690420      0.426350027      0.967860579    
 -0.658629298      0.427990347      0.952842832    
 -0.674642265      0.429283231      0.937573552    
 -0.690716505      0.430221796      0.922070146    
 -0.706839323      0.430799961      0.906350911    
 -0.722996771      0.431012154      0.890433967    
 -0.739174902      0.430853516      0.874337792    
 -0.755359411      0.430319786      0.858080983    
 -0.771535456      0.429407388      0.841682136    
 -0.787688136      0.428113490      0.825160027    
 -0.803802431      0.426435888      0.808533132    
 -0.819863141      0.424373090      0.791819870    
 -0.835855186      0.421924353      0.775038481    
 -0.851763427      0.419089586      0.758206964    
 -0.867573023      0.415869266      0.741342902    
 -0.883269191      0.412264824      0.724463642    
 -0.898837686      0.408278197      0.707585692    
 -0.914264381      0.403911889      0.690725565    
 -0.929535925      0.399169296      0.673898995    
 -0.944638968      0.394054115      0.657120764    
 -0.959560812      0.388570905      0.640405476    
 -0.974289775      0.382724583      0.623766899    
 -0.988814116      0.376520723      0.607217789    
  -1.00312316      0.369965315      0.590770721    
  -1.01720679      0.363064945      0.574437022    
  -1.03105545      0.355826437      0.558227539    
  -1.04466069      0.348257333      0.542152226    
  -1.05801415      0.340365201      0.526220202    
  -1.07110882      0.332158238      0.510439932    
  -1.08393741      0.323644638      0.494819015    
  -1.09649467      0.314833194      0.479364514    
  -1.10877490      0.305732757      0.464082569    
  -1.12077367      0.296352476      0.448978752    
  -1.13248694      0.286701590      0.434057862    
  -1.14391148      0.276789546      0.419324130    
  -1.15504456      0.266625971      0.404781073    
  -1.16588390      0.256220460      0.390431762    
  -1.17642820      0.245582804      0.376278788    
  -1.18667603      0.234722763      0.362324029    
  -1.19662702      0.223650157      0.348569065    
  -1.20628119      0.212374836      0.335014999    
  -1.21563876      0.200906605      0.321662486    
  -1.22470045      0.189255238      0.308511972    
  -1.23346746      0.177430496      0.295563459    
  -1.24194145      0.165442005      0.282816768    
  -1.25012434      0.153299406      0.270271450    
  -1.25801802      0.141012207      0.257926881    
  -1.26562548      0.128589779      0.245782197    
  -1.27294886      0.116041467      0.233836457    
  -1.27999163      0.103376403      0.222088680    
  -1.28675687       9.06036347E-02  0.210537672    
  -1.29324818       7.77320638E-02  0.199182361    
  -1.29946899       6.47704527E-02  0.188021570    
  -1.30542350       5.17274179E-02  0.177054197    
  -1.31111562       3.86114046E-02  0.166279167    
  -1.31654942       2.54306942E-02  0.155695483    
  -1.32172954       1.21934079E-02  0.145302266    
  -1.32666039      -1.09250122E-03  0.135098755    
  -1.33134651      -1.44192660E-02  0.125084355    
  -1.33579290      -2.77792774E-02  0.115258642    
  -1.34000456      -4.11651134E-02  0.105621383    
  -1.34398639      -5.45695312E-02   9.61725935E-02
  -1.34774375      -6.79854751E-02   8.69124904E-02
  -1.35128176      -8.14060643E-02   7.78416097E-02
  -1.35460627      -9.48246196E-02   6.89607039E-02
  -1.35772288     -0.108234622       6.02708869E-02
  -1.36063707     -0.121629752       5.17735630E-02
  -1.36335492     -0.135003865       4.34704833E-02
  -1.36588240     -0.148351014       3.53637449E-02
  -1.36822593     -0.161665440       2.74558514E-02
  -1.37039161     -0.174941525       1.97496545E-02
  -1.37238622     -0.188173860       1.22484826E-02
  -1.37421632     -0.201357216       4.95601492E-03
  -1.37588882     -0.214486524      -2.12357356E-03
  -1.37741089     -0.227556884      -8.98566749E-03
  -1.37878966     -0.240563586      -1.56251434E-02
  -1.38003290     -0.253502041      -2.20364183E-02
  -1.38114810     -0.266367853      -2.82133985E-02
  -1.38214302     -0.279156715      -3.41494530E-02
  -1.38302624     -0.291864574      -3.98373827E-02
  -1.38380575     -0.304487318      -4.52694856E-02
  -1.38449049     -0.317021221      -5.04374355E-02
  -1.38508952     -0.329462379      -5.53323627E-02
  -1.38561177     -0.341807127      -5.99447675E-02
  -1.38606679     -0.354052037      -6.42645508E-02
  -1.38646460     -0.366193473      -6.82809651E-02
  -1.38681495     -0.378227949      -7.19826519E-02
  -1.38712859     -0.390152127      -7.53575936E-02
  -1.38741589     -0.401962548      -7.83930421E-02
  -1.38768816     -0.413655758      -8.10757056E-02
  -1.38795662     -0.425228357      -8.33915174E-02
  -1.38823283     -0.436676770      -8.53257030E-02
  -1.38852906     -0.447997481      -8.68628845E-02
  -1.38885748     -0.459186614      -8.79869312E-02
  -1.38923061     -0.470240414      -8.86810869E-02
  -1.38966167     -0.481154740      -8.89278203E-02
  -1.39016366     -0.491925269      -8.87089744E-02
  -1.39075017     -0.502547443      -8.80058706E-02
  -1.39143467     -0.513016284      -8.67989808E-02
  -1.39223146     -0.523326576      -8.50685164E-02
  -1.39315426     -0.533472538      -8.27941746E-02
  -1.39421737     -0.543448150      -7.99554586E-02
  -1.39543509     -0.553246498      -7.65322670E-02
