   0.00000000       0.00000000       0.00000000       1.00000000    
   1.75629277E-02   8.49334244E-03   4.36453149E-03  0.999800146    
   3.49032730E-02   1.63173303E-02   8.60334001E-03  0.999220431    
   5.20132333E-02   2.34981701E-02   1.26899369E-02  0.998289227    
   6.88854754E-02   3.00643276E-02   1.66007131E-02  0.997033238    
   8.55131447E-02   3.60449739E-02   2.03148425E-02  0.995477498    
  0.101889871       4.14694808E-02   2.38141473E-02  0.993645549    
  0.118009768       4.63671423E-02   2.70829499E-02  0.991559446    
  0.133867443       5.07669710E-02   3.01079042E-02  0.989239872    
  0.149457976       5.46975471E-02   3.28778476E-02  0.986706316    
  0.164776906       5.81869073E-02   3.53836566E-02  0.983976960    
  0.179820269       6.12624213E-02   3.76180932E-02  0.981068969    
  0.194584519       6.39507174E-02   3.95756587E-02  0.977998376    
  0.209066540       6.62776157E-02   4.12524529E-02  0.974780262    
  0.223263666       6.82680607E-02   4.26460393E-02  0.971428812    
  0.237173617       6.99460879E-02   4.37553078E-02  0.967957377    
  0.250794500       7.13347867E-02   4.45803627E-02  0.964378476    
  0.264124781       7.24562854E-02   4.51223850E-02  0.960703909    
  0.277163267       7.33317211E-02   4.53835428E-02  0.956944704    
  0.289909095       7.39812478E-02   4.53668758E-02  0.953111291    
  0.302361757       7.44240284E-02   4.50761840E-02  0.949213564    
  0.314520955       7.46782422E-02   4.45159450E-02  0.945260763    
  0.326386720       7.47611076E-02   4.36912253E-02  0.941261590    
  0.337959290       7.46888816E-02   4.26075980E-02  0.937224329    
  0.349239200       7.44768828E-02   4.12710682E-02  0.933156788    
  0.360227108       7.41395205E-02   3.96879986E-02  0.929066360    
  0.370923966       7.36903176E-02   3.78650501E-02  0.924960017    
  0.381330848       7.31410384E-02   3.58077735E-02  0.920844495    
  0.391448975       7.25044310E-02   3.35245803E-02  0.916725993    
  0.401279747       7.17915222E-02   3.10226865E-02  0.912610412    
  0.410824686       7.10125715E-02   2.83093881E-02  0.908503413    
  0.420085430       7.01771080E-02   2.53920294E-02  0.904410422    
  0.429063737       6.92939535E-02   2.22779624E-02  0.900336564    
  0.437761456       6.83712512E-02   1.89745184E-02  0.896286666    
  0.446180463       6.74165189E-02   1.54889720E-02  0.892265439    
  0.454322755       6.64366633E-02   1.18285231E-02  0.888277352    
  0.462190330       6.54380172E-02   8.00026674E-03  0.884326577    
  0.469785303       6.44263625E-02   4.01117885E-03  0.880417228    
  0.477109730       6.34069815E-02  -1.31901354E-04  0.876553118    
  0.484165758       6.23846613E-02  -4.42228792E-03  0.872738004    
  0.490955502       6.13637455E-02  -8.85346159E-03  0.868975461    
  0.497481108       6.03481494E-02  -1.34190787E-02  0.865268826    
  0.503744721       5.93413860E-02  -1.81129724E-02  0.861621320    
  0.509748459       5.83465993E-02  -2.29291674E-02  0.858036101    
  0.515494406       5.73665872E-02  -2.78618801E-02  0.854516149    
  0.520984650       5.64038195E-02  -3.29055265E-02  0.851064265    
  0.526221216       5.54604679E-02  -3.80547158E-02  0.847683191    
  0.531206071       5.45384251E-02  -4.33042571E-02  0.844375491    
  0.535941184       5.36393188E-02  -4.86491546E-02  0.841143668    
  0.540428519       5.27645424E-02  -5.40846065E-02  0.837990046    
  0.544669867       5.19152656E-02  -5.96060045E-02  0.834916890    
  0.548667014       5.10924533E-02  -6.52089268E-02  0.831926346    
  0.552421689       5.02968878E-02  -7.08891302E-02  0.829020381    
  0.555935562       4.95291725E-02  -7.66425580E-02  0.826200962    
  0.559210181       4.87897582E-02  -8.24653134E-02  0.823469877    
  0.562247038       4.80789468E-02  -8.83536786E-02  0.820828795    
  0.565047562       4.73969057E-02  -9.43040922E-02  0.818279386    
  0.567613065       4.67436910E-02 -0.100313134      0.815823078    
  0.569944859       4.61192392E-02 -0.106377535      0.813461304    
  0.572044075       4.55233976E-02 -0.112494163      0.811195314    
  0.573911786       4.49559167E-02 -0.118660010      0.809026301    
  0.575549006       4.44164649E-02 -0.124872193      0.806955397    
  0.576956630       4.39046435E-02 -0.131127939      0.804983556    
  0.578135371       4.34199795E-02 -0.137424573      0.803111613    
  0.579086006       4.29619476E-02 -0.143759504      0.801340401    
  0.579809129       4.25299704E-02 -0.150130257      0.799670577    
  0.580305219       4.21234183E-02 -0.156534404      0.798102736    
  0.580574751       4.17416245E-02 -0.162969589      0.796637356    
  0.580618024       4.13838774E-02 -0.169433519      0.795274794    
  0.580435276       4.10494320E-02 -0.175923944      0.794015288    
  0.580026984       4.07374501E-02 -0.182438672      0.792858720    
  0.579394579       4.04468291E-02 -0.188975602      0.791804194    
  0.578540802       4.01760936E-02 -0.195532724      0.790849566    
  0.577469409       3.99235114E-02 -0.202108085      0.789991856    
  0.576184452       3.96872126E-02 -0.208699778      0.789227784    
  0.574689925       3.94652747E-02 -0.215305880      0.788553774    
  0.572989941       3.92557532E-02 -0.221924484      0.787966192    
  0.571088433       3.90566885E-02 -0.228553668      0.787461400    
  0.568989217       3.88661288E-02 -0.235191494      0.787035763    
  0.566695988       3.86821292E-02 -0.241836026      0.786685646    
  0.564212441       3.85027640E-02 -0.248485312      0.786407351    
  0.561542034       3.83261330E-02 -0.255137384      0.786197305    
  0.558688223       3.81503552E-02 -0.261790216      0.786051869    
  0.555654347       3.79735790E-02 -0.268441826      0.785967469    
  0.552443624       3.77939865E-02 -0.275090188      0.785940588    
  0.549059272       3.76097932E-02 -0.281733245      0.785967767    
  0.545504332       3.74192558E-02 -0.288368911      0.786045611    
  0.541781902       3.72206643E-02 -0.294995099      0.786170721    
  0.537894905       3.70123498E-02 -0.301609695      0.786339760    
  0.533846319       3.67926918E-02 -0.308210582      0.786549509    
  0.529639006       3.65601182E-02 -0.314795583      0.786796749    
  0.525275826       3.63130942E-02 -0.321362555      0.787078321    
  0.520759583       3.60501409E-02 -0.327909321      0.787391186    
  0.516093016       3.57698239E-02 -0.334433675      0.787732303    
  0.511278927       3.54707614E-02 -0.340933412      0.788098752    
  0.506320000       3.51516232E-02 -0.347406298      0.788487673    
  0.501218975       3.48111279E-02 -0.353850126      0.788896263    
  0.495978564       3.44480500E-02 -0.360262662      0.789321780    
  0.490601480       3.40612158E-02 -0.366641641      0.789761603    
  0.485090375       3.36495042E-02 -0.372984856      0.790213108    
  0.479447991       3.32118496E-02 -0.379290044      0.790673852    
  0.473676980       3.27472463E-02 -0.385554940      0.791141331    
  0.467780054       3.22547331E-02 -0.391777337      0.791613221    
  0.461759925       3.17334123E-02 -0.397955000      0.792087197    
  0.455619276       3.11824400E-02 -0.404085726      0.792561054    
  0.449360847       3.06010209E-02 -0.410167277      0.793032646    
  0.442987382       2.99884174E-02 -0.416197479      0.793499887    
  0.436501622       2.93439459E-02 -0.422174156      0.793960810    
  0.429906368       2.86669750E-02 -0.428095132      0.794413507    
  0.423204392       2.79569272E-02 -0.433958292      0.794856071    
  0.416398495       2.72132792E-02 -0.439761549      0.795286775    
  0.409491509       2.64355578E-02 -0.445502788      0.795703888    
  0.402486265       2.56233383E-02 -0.451179981      0.796105802    
  0.395385683       2.47762464E-02 -0.456791103      0.796490908    
  0.388192624       2.38939580E-02 -0.462334186      0.796857715    
  0.380910039       2.29761936E-02 -0.467807293      0.797204792    
  0.373540878       2.20227223E-02 -0.473208547      0.797530830    
  0.366088092       2.10333578E-02 -0.478536069      0.797834516    
  0.358554691       2.00079586E-02 -0.483788043      0.798114598    
  0.350943714       1.89464223E-02 -0.488962740      0.798369944    
  0.343258202       1.78486891E-02 -0.494058430      0.798599422    
  0.335501254       1.67147405E-02 -0.499073476      0.798802078    
  0.327675968       1.55445915E-02 -0.504006267      0.798976898    
  0.319785476       1.43382913E-02 -0.508855283      0.799122989    
  0.311832964       1.30959256E-02 -0.513619065      0.799239457    
  0.303821594       1.18176118E-02 -0.518296182      0.799325585    
  0.295754582       1.05034979E-02 -0.522885323      0.799380660    
  0.287635148       9.15375724E-03 -0.527385116      0.799403965    
  0.279466569       7.76859047E-03 -0.531794429      0.799394965    
  0.271252155       6.34822203E-03 -0.536112070      0.799353063    
  0.262995183       4.89289593E-03 -0.540337026      0.799277782    
  0.254699022       3.40287481E-03 -0.544468224      0.799168706    
  0.246367007       1.87843980E-03 -0.548504829      0.799025476    
  0.238002524       3.19886720E-04 -0.552445948      0.798847735    
  0.229608968      -1.27247849E-03 -0.556290805      0.798635185    
  0.221189767      -2.89833918E-03 -0.560038745      0.798387647    
  0.212748379      -4.55737347E-03 -0.563689113      0.798104942    
  0.204288244      -6.24925550E-03 -0.567241371      0.797786951    
  0.195812851      -7.97365606E-03 -0.570695162      0.797433615    
  0.187325701      -9.73024778E-03 -0.574050069      0.797044873    
  0.178830326      -1.15187056E-02 -0.577305794      0.796620786    
  0.170330241      -1.33387120E-02 -0.580462158      0.796161413    
  0.161829010      -1.51899587E-02 -0.583519042      0.795666873    
  0.153330177      -1.70721468E-02 -0.586476445      0.795137346    
  0.144837350      -1.89849939E-02 -0.589334428      0.794573009    
  0.136354104      -2.09282301E-02 -0.592093110      0.793974161    
  0.127884060      -2.29016095E-02 -0.594752729      0.793341100    
  0.119430840      -2.49049105E-02 -0.597313583      0.792674124    
  0.110998072      -2.69379318E-02 -0.599776089      0.791973591    
  0.102589406      -2.90005002E-02 -0.602140725      0.791239977    
   9.42085013E-02  -3.10924742E-02 -0.604408026      0.790473700    
   8.58590230E-02  -3.32137495E-02 -0.606578708      0.789675295    
   7.75446594E-02  -3.53642479E-02 -0.608653486      0.788845301    
   6.92690983E-02  -3.75439376E-02 -0.610633135      0.787984252    
   6.10360429E-02  -3.97528224E-02 -0.612518609      0.787092805    
   5.28492071E-02  -4.19909544E-02 -0.614310861      0.786171556    
   4.47123125E-02  -4.42584269E-02 -0.616010904      0.785221219    
   3.66290919E-02  -4.65553813E-02 -0.617619932      0.784242511    
   2.86032930E-02  -4.88820113E-02 -0.619139135      0.783236206    
   2.06386708E-02  -5.12385629E-02 -0.620569766      0.782203078    
   1.27389953E-02  -5.36253378E-02 -0.621913195      0.781143904    
   4.90804669E-03  -5.60426973E-02 -0.623170853      0.780059576    
  -2.85038119E-03  -5.84910586E-02 -0.624344230      0.778950989    
  -1.05324825E-02  -6.09709024E-02 -0.625434935      0.777819037    
  -1.81344338E-02  -6.34827688E-02 -0.626444519      0.776664674    
  -2.56523993E-02  -6.60272613E-02 -0.627374709      0.775488853    
  -3.30825262E-02  -6.86050579E-02 -0.628227234      0.774292588    
  -4.04209383E-02  -7.12169036E-02 -0.629003942      0.773076952    
  -4.76637483E-02  -7.38636032E-02 -0.629706621      0.771842897    
  -5.48070371E-02  -7.65460432E-02 -0.630337238      0.770591557    
  -6.18468709E-02  -7.92651698E-02 -0.630897760      0.769324064    
  -6.87792897E-02  -8.20220113E-02 -0.631390154      0.768041492    
  -7.56002963E-02  -8.48176703E-02 -0.631816447      0.766745031    
  -8.23058635E-02  -8.76533166E-02 -0.632178783      0.765435874    
  -8.88919458E-02  -9.05302018E-02 -0.632479250      0.764115155    
  -9.53544453E-02  -9.34496447E-02 -0.632719994      0.762784123    
 -0.101689234      -9.64130387E-02 -0.632903159      0.761443973    
 -0.107892141      -9.94218588E-02 -0.633030951      0.760095954    
 -0.113958932     -0.102477647     -0.633105576      0.758741379    
 -0.119885340     -0.105582021     -0.633129299      0.757381499    
 -0.125667036     -0.108736664     -0.633104324      0.756017566    
 -0.131299645     -0.111943334     -0.633032858      0.754650891    
 -0.136778697     -0.115203857     -0.632917166      0.753282845    
 -0.142099679     -0.118520126     -0.632759452      0.751914680    
 -0.147257984     -0.121894091     -0.632561862      0.750547767    
 -0.152248949     -0.125327766     -0.632326663      0.749183416    
 -0.157067806     -0.128823221     -0.632055938      0.747822940    
 -0.161709696     -0.132382572     -0.631751835      0.746467710    
 -0.166169673     -0.136007994     -0.631416380      0.745119035    
 -0.170442671     -0.139701709     -0.631051600      0.743778288    
 -0.174523517     -0.143465951     -0.630659461      0.742446780    
 -0.178406924     -0.147303000     -0.630241871      0.741125822    
 -0.182087496     -0.151215151     -0.629800558      0.739816785    
 -0.185559675     -0.155204713     -0.629337311      0.738520920    
 -0.188817799     -0.159274012     -0.628853679      0.737239540    
 -0.191856071     -0.163425326     -0.628351212      0.735973954    
 -0.194668531     -0.167660937     -0.627831280      0.734725356    
 -0.197249129     -0.171983048     -0.627295136      0.733494997    
 -0.199591681     -0.176393777     -0.626743853      0.732284129    
 -0.201690003     -0.180895075     -0.626178443      0.731093824    
 -0.203538045     -0.185488537     -0.625599802      0.729925096    
