   0.00000000       0.00000000       0.00000000       1.00000000    
   1.75522473E-02   8.61693826E-03   4.35389066E-03  0.999799311    
   3.48642431E-02   1.68039929E-02   8.57259799E-03  0.999214411    
   5.19277155E-02   2.45765876E-02   1.26481708E-02  0.998268425    
   6.87363371E-02   3.19515765E-02   1.65739562E-02  0.996985555    
   8.52847919E-02   3.89460847E-02   2.03445219E-02  0.995387673    
  0.101569012       4.55770604E-02   2.39555500E-02  0.993495286    
  0.117583498       5.18610217E-02   2.74038333E-02  0.991329610    
  0.133323416       5.78142889E-02   3.06871049E-02  0.988909125    
  0.148785740       6.34524748E-02   3.38039324E-02  0.986252964    
  0.163965672       6.87909052E-02   3.67537625E-02  0.983378232    
  0.178864315       7.38443136E-02   3.95367555E-02  0.980302155    
  0.193476379       7.86268786E-02   4.21536751E-02  0.977040887    
  0.207799822       8.31523389E-02   4.46059518E-02  0.973609984    
  0.221833363       8.74337107E-02   4.68954742E-02  0.970024228    
  0.235577598       9.14836153E-02   4.90246564E-02  0.966298282    
  0.249030635       9.53140780E-02   5.09963073E-02  0.962445199    
  0.262189627       9.89364907E-02   5.28135933E-02  0.958478570    
  0.275056571      0.102361843       5.44799566E-02  0.954410672    
  0.287633568      0.105600514       5.59992120E-02  0.950253904    
  0.299916565      0.108662397       5.73752858E-02  0.946019650    
  0.311910510      0.111556821       5.86123355E-02  0.941719472    
  0.323610991      0.114292666       5.97146973E-02  0.937363684    
  0.335023135      0.116878398       6.06868081E-02  0.932962775    
  0.346146792      0.119321875       6.15332089E-02  0.928526819    
  0.356984198      0.121630669       6.22584596E-02  0.924065232    
  0.367535174      0.123811819       6.28672317E-02  0.919587195    
  0.377803028      0.125872016       6.33641258E-02  0.915101171    
  0.387788385      0.127817571       6.37538210E-02  0.910616100    
  0.397493571      0.129654303       6.40409738E-02  0.906140149    
  0.406923711      0.131387860       6.42301217E-02  0.901681066    
  0.416075826      0.133023441       6.43258467E-02  0.897246420    
  0.424957424      0.134565830       6.43326491E-02  0.892843187    
  0.433564812      0.136019751       6.42548949E-02  0.888478696    
  0.441906095      0.137389451       6.40970170E-02  0.884159625    
  0.449981421      0.138678968       6.38631880E-02  0.879892170    
  0.457792729      0.139892071       6.35575876E-02  0.875682592    
  0.465342581      0.141032308       6.31842837E-02  0.871537387    
  0.472634882      0.142102912       6.27472326E-02  0.867461443    
  0.479670286      0.143107027       6.22502454E-02  0.863460600    
  0.486452699      0.144047499       6.16971031E-02  0.859540164    
  0.492985785      0.144927010       6.10913858E-02  0.855704844    
  0.499270022      0.145748079       6.04366139E-02  0.851959884    
  0.505309165      0.146513045       5.97361997E-02  0.848309457    
  0.511105239      0.147224054       5.89934401E-02  0.844758332    
  0.516662836      0.147883162       5.82114756E-02  0.841310263    
  0.521981180      0.148492277       5.73933683E-02  0.837969601    
  0.527064443      0.149053112       5.65420762E-02  0.834739983    
  0.531913102      0.149567336       5.56604378E-02  0.831625044    
  0.536531985      0.150036454       5.47511615E-02  0.828628361    
  0.540922940      0.150461912       5.38168959E-02  0.825752795    
  0.545087457      0.150844961       5.28601669E-02  0.823001742    
  0.549027383      0.151186883       5.18834032E-02  0.820377946    
  0.552744269      0.151488796       5.08889072E-02  0.817884266    
  0.556241930      0.151751742       4.98789288E-02  0.815523148    
  0.559521437      0.151976675       4.88555878E-02  0.813297033    
  0.562583745      0.152164519       4.78209928E-02  0.811208189    
  0.565431476      0.152316108       4.67770696E-02  0.809258580    
  0.568065286      0.152432218       4.57257032E-02  0.807449996    
  0.570486903      0.152513534       4.46687378E-02  0.805784404    
  0.572698951      0.152560651       4.36078757E-02  0.804263473    
  0.574701071      0.152574301       4.25447859E-02  0.802888513    
  0.576494932      0.152554885       4.14810739E-02  0.801660597    
  0.578082085      0.152502984       4.04182561E-02  0.800580978    
  0.579462767      0.152419046       3.93577926E-02  0.799650967    
  0.580638409      0.152303472       3.83011028E-02  0.798871160    
  0.581609726      0.152156636       3.72495279E-02  0.798242033    
  0.582377791      0.151978821       3.62043679E-02  0.797764242    
  0.582941592      0.151770324       3.51668522E-02  0.797438264    
  0.583303332      0.151531473       3.41381878E-02  0.797264218    
  0.583461761      0.151262447       3.31194513E-02  0.797241926    
  0.583420098      0.150963485       3.21115591E-02  0.797370613    
  0.583179712      0.150634870       3.11150458E-02  0.797647953    
  0.582744360      0.150276884       3.01302597E-02  0.798071027    
  0.582119465      0.149889752       2.91573778E-02  0.798636138    
  0.581307590      0.149473786       2.81965379E-02  0.799339294    
  0.580314100      0.149029166       2.72478499E-02  0.800176740    
  0.579142332      0.148556143       2.63113715E-02  0.801144302    
  0.577796996      0.148054868       2.53871754E-02  0.802237809    
  0.576280773      0.147525519       2.44752895E-02  0.803453207    
  0.574597776      0.146968290       2.35757809E-02  0.804786384    
  0.572751939      0.146383330       2.26886775E-02  0.806232750    
  0.570746958      0.145770714       2.18140054E-02  0.807788253    
  0.568585694      0.145130619       2.09517870E-02  0.809448838    
  0.566271245      0.144463226       2.01020744E-02  0.811210036    
  0.563807368      0.143768594       1.92648675E-02  0.813067615    
  0.561196625      0.143046811       1.84401888E-02  0.815017998    
  0.558442354      0.142298102       1.76280867E-02  0.817056179    
  0.555547357      0.141522497       1.68285687E-02  0.819178581    
  0.552514493      0.140720204       1.60416663E-02  0.821381032    
  0.549346626      0.139891341       1.52673982E-02  0.823659062    
  0.546046197      0.139035955       1.45058064E-02  0.826008737    
  0.542616308      0.138154373       1.37569224E-02  0.828426242    
  0.539059520      0.137246668       1.30207567E-02  0.830907404    
  0.535378397      0.136312962       1.22973649E-02  0.833448350    
  0.531575263      0.135353491       1.15867769E-02  0.836045265    
  0.527652800      0.134368435       1.08890356E-02  0.838694036    
  0.523613513      0.133357972       1.02041727E-02  0.841391265    
  0.519460201      0.132322356       9.53222625E-03  0.844132304    
  0.515194833      0.131261796       8.87325685E-03  0.846914589    
  0.510819972      0.130176514       8.22729617E-03  0.849733829    
  0.506338656      0.129066810       7.59438286E-03  0.852586448    
  0.501752138      0.127932876       6.97457278E-03  0.855469167    
  0.497063875      0.126775086       6.36791391E-03  0.858378351    
  0.492275894      0.125593692       5.77445887E-03  0.861310542    
  0.487390399      0.124388970       5.19425282E-03  0.864262342    
  0.482410163      0.123161338       4.62735025E-03  0.867230594    
  0.477337301      0.121911094       4.07380192E-03  0.870211899    
  0.472174138      0.120638601       3.53364227E-03  0.873203218    
  0.466923624      0.119344242       3.00693628E-03  0.876201391    
  0.461587608      0.118028410       2.49373028E-03  0.879203320    
  0.456168801      0.116691522       1.99406524E-03  0.882206082    
  0.450669587      0.115333989       1.50799425E-03  0.885206878    
  0.445092291      0.113956288       1.03555724E-03  0.888202846    
  0.439439744      0.112558857       5.76802122E-04  0.891190946    
  0.433714122      0.111142144       1.31761582E-04  0.894168854    
  0.427918077      0.109706700      -2.99526815E-04  0.897133768    
  0.422054082      0.108252987      -7.17020826E-04  0.900083184    
  0.416124552      0.106781557      -1.12068956E-03  0.903014779    
  0.410132200      0.105292916      -1.51050522E-03  0.905925810    
  0.404079705      0.103787653      -1.88645150E-03  0.908814132    
  0.397969395      0.102266312      -2.24850234E-03  0.911677480    
  0.391804069      0.100729503      -2.59663956E-03  0.914513648    
  0.385586172       9.91778001E-02  -2.93085584E-03  0.917320848    
  0.379318833       9.76118296E-02  -3.25114490E-03  0.920096636    
  0.373004258       9.60322246E-02  -3.55750555E-03  0.922839165    
  0.366645306       9.44396332E-02  -3.84993921E-03  0.925546706    
  0.360244721       9.28346813E-02  -4.12845751E-03  0.928217530    
  0.353805363       9.12180692E-02  -4.39307932E-03  0.930849493    
  0.347329974       8.95904675E-02  -4.64382349E-03  0.933441579    
  0.340821415       8.79525989E-02  -4.88072215E-03  0.935991824    
  0.334282398       8.63051340E-02  -5.10380883E-03  0.938498855    
  0.327715814       8.46488327E-02  -5.31313242E-03  0.940961242    
  0.321124703       8.29844102E-02  -5.50874043E-03  0.943377793    
  0.314511716       8.13125893E-02  -5.69069525E-03  0.945747197    
  0.307880014       7.96341747E-02  -5.85905882E-03  0.948068380    
  0.301232487       7.79499114E-02  -6.01391168E-03  0.950340092    
  0.294571966       7.62605667E-02  -6.15533628E-03  0.952561557    
  0.287901789       7.45669752E-02  -6.28342247E-03  0.954731703    
  0.281224847       7.28698820E-02  -6.39827549E-03  0.956849694    
  0.274544090       7.11701512E-02  -6.50000433E-03  0.958914936    
  0.267862827       6.94685876E-02  -6.58873236E-03  0.960926712    
  0.261184037       6.77659959E-02  -6.66458765E-03  0.962884545    
  0.254510850       6.60632551E-02  -6.72771223E-03  0.964787543    
  0.247846529       6.43611923E-02  -6.77825511E-03  0.966635466    
  0.241194099       6.26606718E-02  -6.81638112E-03  0.968428016    
  0.234556988       6.09625615E-02  -6.84225978E-03  0.970164955    
  0.227938339       5.92677332E-02  -6.85607735E-03  0.971846044    
  0.221341446       5.75770736E-02  -6.85802521E-03  0.973471224    
  0.214769527       5.58914617E-02  -6.84831012E-03  0.975040436    
  0.208226144       5.42118177E-02  -6.82714721E-03  0.976553619    
  0.201714396       5.25390245E-02  -6.79476978E-03  0.978011012    
  0.195237696       5.08740097E-02  -6.75141905E-03  0.979412794    
  0.188799530       4.92176823E-02  -6.69734739E-03  0.980759144    
  0.182403237       4.75709625E-02  -6.63282257E-03  0.982050478    
  0.176052272       4.59347926E-02  -6.55812491E-03  0.983287156    
  0.169750229       4.43101190E-02  -6.47354499E-03  0.984469712    
  0.163500637       4.26978730E-02  -6.37939014E-03  0.985598743    
  0.157306880       4.10990231E-02  -6.27598120E-03  0.986674726    
  0.151172519       3.95144969E-02  -6.16364786E-03  0.987698674    
  0.145101279       3.79452854E-02  -6.04273705E-03  0.988670945    
  0.139096767       3.63923535E-02  -5.91361150E-03  0.989592731    
  0.133162603       3.48566696E-02  -5.77664701E-03  0.990464747    
  0.127302393       3.33392210E-02  -5.63223148E-03  0.991288006    
  0.121520013       3.18410099E-02  -5.48076956E-03  0.992063522    
  0.115819074       3.03630158E-02  -5.32267848E-03  0.992792428    
  0.110203475       2.89062541E-02  -5.15839271E-03  0.993475795    
  0.104676992       2.74717379E-02  -4.98836301E-03  0.994114816    
   9.92433876E-02   2.60604750E-02  -4.81305085E-03  0.994710803    
   9.39067304E-02   2.46734954E-02  -4.63293632E-03  0.995264947    
   8.86707455E-02   2.33118515E-02  -4.44851536E-03  0.995778739    
   8.35396349E-02   2.19765790E-02  -4.26029740E-03  0.996253490    
   7.85172656E-02   2.06687246E-02  -4.06881003E-03  0.996690691    
   7.36076757E-02   1.93893723E-02  -3.87459528E-03  0.997091770    
   6.88150376E-02   1.81395859E-02  -3.67820915E-03  0.997458279    
   6.41434118E-02   1.69204548E-02  -3.48022697E-03  0.997791648    
   5.95970750E-02   1.57330800E-02  -3.28123849E-03  0.998093605    
   5.51802181E-02   1.45785874E-02  -3.08185047E-03  0.998365641    
   5.08971885E-02   1.34581048E-02  -2.88268272E-03  0.998609543    
   4.67522033E-02   1.23727769E-02  -2.68437481E-03  0.998826742    
   4.27497402E-02   1.13237714E-02  -2.48757936E-03  0.999019027    
   3.88943031E-02   1.03122741E-02  -2.29296507E-03  0.999187946    
   3.51903625E-02   9.33948904E-03  -2.10121763E-03  0.999335170    
   3.16425525E-02   8.40664096E-03  -1.91303727E-03  0.999462485    
   2.82554459E-02   7.51498900E-03  -1.72913633E-03  0.999571383    
   2.50338148E-02   6.66580442E-03  -1.55024452E-03  0.999663651    
   2.19823886E-02   5.86039107E-03  -1.37710536E-03  0.999740601    
   1.91060901E-02   5.10008726E-03  -1.21047511E-03  0.999804020    
   1.64098032E-02   4.38626437E-03  -1.05112372E-03  0.999855459    
   1.38985515E-02   3.72032076E-03  -8.99832987E-04  0.999896288    
   1.15774330E-02   3.10370070E-03  -7.57396861E-04  0.999928176    
   9.45164077E-03   2.53788405E-03  -6.24616980E-04  0.999952078    
   7.52641354E-03   2.02439399E-03  -5.02306910E-04  0.999969721    
   5.80709474E-03   1.56480249E-03  -3.91286681E-04  0.999982059    
   4.29910375E-03   1.16072851E-03  -2.92382465E-04  0.999990165    
   3.00794165E-03   8.13848455E-04  -2.06425335E-04  0.999995291    
   1.93918578E-03   5.25886717E-04  -1.34250004E-04  0.999998093    
   1.09844899E-03   2.98634666E-04  -7.66898665E-05  0.999999404    
   4.91347513E-04   1.33943657E-04  -3.45783810E-05   1.00000000    
   1.23445774E-04   3.37350903E-05  -8.74154284E-06   1.00000012    
   0.00000000       0.00000000       0.00000000       1.00000000    
