   0.00000000       0.00000000       0.00000000    
   9.00996383E-03   1.70784071E-02   3.51848751E-02
   1.83144342E-02   3.29898149E-02   7.00571984E-02
   2.78403070E-02   4.77726497E-02  0.104607098    
   3.75201069E-02   6.14707582E-02  0.138824239    
   4.72918451E-02   7.41306171E-02  0.172696620    
   5.70988357E-02   8.58001411E-02  0.206211880    
   6.68894872E-02   9.65280905E-02  0.239352897    
   7.66170174E-02  0.106363975      0.272101909    
   8.62394124E-02  0.115356967      0.304444134    
   9.57190841E-02  0.123556376      0.336360067    
  0.105023474      0.131010488      0.367842287    
  0.114123143      0.137767255      0.398869962    
  0.122993104      0.143873513      0.429429144    
  0.131611899      0.149374560      0.459507406    
  0.139962107      0.154314429      0.489097267    
  0.148028791      0.158735633      0.518185735    
  0.155799896      0.162679255      0.546758533    
  0.163266793      0.166184202      0.574812174    
  0.170423627      0.169287518      0.602344334    
  0.177265212      0.172025114      0.629338920    
  0.183790430      0.174430043      0.655801058    
  0.189997718      0.176534429      0.681714177    
  0.195889398      0.178367704      0.707084537    
  0.201467857      0.179957807      0.731906414    
  0.206737146      0.181330860      0.756179571    
  0.211701900      0.182511255      0.779898584    
  0.216368213      0.183521375      0.803065956    
  0.220742494      0.184382454      0.825678825    
  0.224831983      0.185113594      0.847737491    
  0.228645042      0.185732380      0.869249821    
  0.232188419      0.186255798      0.890203536    
  0.235471562      0.186697796      0.910612226    
  0.238501474      0.187073231      0.930461824    
  0.241288245      0.187393516      0.949767590    
  0.243839636      0.187670276      0.968524694    
  0.246164069      0.187913671      0.986732960    
  0.248270020      0.188133031       1.00439394    
  0.250165999      0.188335955       1.02151191    
  0.251859635      0.188530222       1.03808355    
  0.253359169      0.188722029       1.05411339    
  0.254672557      0.188916847       1.06960547    
  0.255806595      0.189119995       1.08455563    
  0.256768852      0.189335510       1.09896827    
  0.257565975      0.189567119       1.11284328    
  0.258205175      0.189817652       1.12618709    
  0.258691788      0.190090239       1.13899279    
  0.259032309      0.190386623       1.15126538    
  0.259231955      0.190708756       1.16300130    
  0.259296834      0.191057682       1.17420816    
  0.259231925      0.191434219       1.18488550    
  0.259041876      0.191839024       1.19503272    
  0.258731246      0.192272425       1.20464969    
  0.258304179      0.192734525       1.21373582    
  0.257765234      0.193224743       1.22229695    
  0.257117987      0.193742663       1.23033154    
  0.256365895      0.194287598       1.23783791    
  0.255512446      0.194858581       1.24481940    
  0.254560530      0.195454523       1.25127375    
  0.253513187      0.196074128       1.25720215    
  0.252373457      0.196715832       1.26260841    
  0.251143515      0.197378322       1.26748860    
  0.249825746      0.198059589       1.27184415    
  0.248422623      0.198757887       1.27567685    
  0.246936038      0.199471489       1.27898526    
  0.245368153      0.200198144       1.28177094    
  0.243720695      0.200935677       1.28403425    
  0.241995573      0.201681763       1.28577685    
  0.240193903      0.202434272       1.28699434    
  0.238317907      0.203190684       1.28769231    
  0.236368343      0.203948587       1.28786659    
  0.234347299      0.204705313       1.28752542    
  0.232255667      0.205458328       1.28667212    
  0.230094835      0.206204996       1.28531647    
  0.227866426      0.206942499       1.28347290    
  0.225571334      0.207668275       1.28114831    
  0.223211184      0.208379507       1.27835763    
  0.220787123      0.209073573       1.27511024    
  0.218300626      0.209747717       1.27141976    
  0.215752751      0.210399300       1.26729405    
  0.213145047      0.211025715       1.26274562    
  0.210479006      0.211624160       1.25778604    
  0.207756087      0.212191939       1.25242686    
  0.204977706      0.212726623       1.24667728    
  0.202145457      0.213225633       1.24054730    
  0.199260980      0.213686347       1.23404860    
  0.196325764      0.214106381       1.22719038    
  0.193341732      0.214483246       1.21998298    
  0.190310568      0.214814574       1.21243632    
  0.187234178      0.215098128       1.20456004    
  0.184114411      0.215331569       1.19636393    
  0.180953071      0.215512544       1.18785632    
  0.177752525      0.215639293       1.17904806    
  0.174514741      0.215709582       1.16994786    
  0.171241805      0.215721369       1.16056478    
  0.167935908      0.215672910       1.15090740    
  0.164599434      0.215562299       1.14098465    
  0.161234587      0.215387911       1.13080549    
  0.157843977      0.215147913       1.12037921    
  0.154429883      0.214841068       1.10971344    
  0.150994793      0.214465752       1.09881663    
  0.147541463      0.214020699       1.08769882    
  0.144072101      0.213504627       1.07636523    
  0.140589714      0.212916523       1.06482685    
  0.137096822      0.212255269       1.05309057    
  0.133596033      0.211519882       1.04116392    
  0.130090281      0.210709736       1.02905571    
  0.126582190      0.209824041       1.01677310    
  0.123074479      0.208862275       1.00432348    
  0.119570136      0.207823947      0.991715729    
  0.116071790      0.206708699      0.978956103    
  0.112582304      0.205516353      0.966052413    
  0.109104507      0.204246804      0.953012288    
  0.105641149      0.202900082      0.939842343    
  0.102195136      0.201476246      0.926550567    
   9.87691060E-02  0.199975580      0.913143456    
   9.53659266E-02  0.198398516      0.899628341    
   9.19882953E-02  0.196745470      0.886012077    
   8.86388943E-02  0.195017129      0.872301042    
   8.53203982E-02  0.193214089      0.858502209    
   8.20354819E-02  0.191337273      0.844622731    
   7.87866712E-02  0.189387575      0.830668390    
   7.55765215E-02  0.187366113      0.816646218    
   7.24074766E-02  0.185274065      0.802562237    
   6.92820475E-02  0.183112666      0.788423479    
   6.62024841E-02  0.180883288      0.774235368    
   6.31711408E-02  0.178587496      0.760004461    
   6.01901822E-02  0.176226795      0.745736718    
   5.72617985E-02  0.173802882      0.731438398    
   5.43880351E-02  0.171317607      0.717115641    
   5.15708961E-02  0.168772817      0.702774227    
   4.88122217E-02  0.166170448      0.688419819    
   4.61138301E-02  0.163512602      0.674058080    
   4.34774533E-02  0.160801366      0.659695387    
   4.09046337E-02  0.158038944      0.645336628    
   3.83969620E-02  0.155227691      0.630987942    
   3.59558016E-02  0.152369931      0.616654754    
   3.35824490E-02  0.149468064      0.602342308    
   3.12781744E-02  0.146524668      0.588056862    
   2.90440097E-02  0.143542171      0.573803306    
   2.68809628E-02  0.140523344      0.559587002    
   2.47899145E-02  0.137470782      0.545413792    
   2.27716025E-02  0.134387165      0.531288922    
   2.08266918E-02  0.131275296      0.517217278    
   1.89557262E-02  0.128137931      0.503204823    
   1.71590894E-02  0.124977939      0.489256322    
   1.54371196E-02  0.121798202      0.475377619    
   1.37899825E-02  0.118601605      0.461573929    
   1.22177573E-02  0.115391083      0.447850496    
   1.07203834E-02  0.112169556      0.434212625    
   9.29773599E-03  0.108940020      0.420666099    
   7.94948917E-03  0.105705433      0.407215893    
   6.67526014E-03  0.102468796      0.393867433    
   5.47454227E-03   9.92330760E-02  0.380626351    
   4.34669107E-03   9.60012600E-02  0.367497981    
   3.29096825E-03   9.27763656E-02  0.354487926    
   2.30653328E-03   8.95613953E-02  0.341601908    
   1.39241025E-03   8.63593072E-02  0.328845650    
   5.47506148E-04   8.31731036E-02  0.316224605    
  -2.29375262E-04   8.00057054E-02  0.303744495    
  -9.39511112E-04   7.68600777E-02  0.291411430    
  -1.58432277E-03   7.37391487E-02  0.279231340    
  -2.16532336E-03   7.06458166E-02  0.267210126    
  -2.68413196E-03   6.75829723E-02  0.255353779    
  -3.14245373E-03   6.45534769E-02  0.243668750    
  -3.54211428E-03   6.15601540E-02  0.232161105    
  -3.88501748E-03   5.86058125E-02  0.220837444    
  -4.17317543E-03   5.56932427E-02  0.209704190    
  -4.40869201E-03   5.28251640E-02  0.198767766    
  -4.59374161E-03   5.00042923E-02  0.188035294    
  -4.73060925E-03   4.72333580E-02  0.177513227    
  -4.82163671E-03   4.45149913E-02  0.167208999    
  -4.86926967E-03   4.18518074E-02  0.157129467    
  -4.87601431E-03   3.92464437E-02  0.147281855    
  -4.84444899E-03   3.67014334E-02  0.137673736    
  -4.77722613E-03   3.42193246E-02  0.128312454    
  -4.67705773E-03   3.18026356E-02  0.119205929    
  -4.54671588E-03   2.94538941E-02  0.110361867    
  -4.38902434E-03   2.71755699E-02  0.101788446    
  -4.20686556E-03   2.49701161E-02   9.34935212E-02
  -4.00315644E-03   2.28399988E-02   8.54856297E-02
  -3.78085487E-03   2.07876638E-02   7.77733102E-02
  -3.54295573E-03   1.88155547E-02   7.03651831E-02
  -3.29248025E-03   1.69261191E-02   6.32701814E-02
  -3.03246314E-03   1.51218278E-02   5.64971901E-02
  -2.76595727E-03   1.34051433E-02   5.00555150E-02
  -2.49602133E-03   1.17785577E-02   4.39544357E-02
  -2.22570868E-03   1.02446098E-02   3.82036455E-02
  -1.95806520E-03   8.80587194E-03   3.28128003E-02
  -1.69611326E-03   7.46495184E-03   2.77918745E-02
  -1.44284754E-03   6.22453308E-03   2.31510177E-02
  -1.20121567E-03   5.08735422E-03   1.89005770E-02
  -9.74118768E-04   4.05623764E-03   1.50510296E-02
  -7.64389231E-04   3.13409837E-03   1.16130738E-02
  -5.74780570E-04   2.32395018E-03   8.59757327E-03
  -4.07953252E-04   1.62893173E-03   6.01556292E-03
  -2.66460032E-04   1.05229241E-03   3.87823465E-03
  -1.52723602E-04   5.97437494E-04   2.19685282E-03
  -6.90251400E-05   2.67921307E-04   9.82685946E-04
  -1.74747584E-05   6.74723487E-05   2.46891024E-04
   0.00000000       0.00000000       0.00000000    
