 -0.925901175      -1.72179008     -0.502155900    
 -0.931649745      -1.65917349     -0.509504497    
 -0.937059164      -1.58858824     -0.515157640    
 -0.942129552      -1.51829982     -0.519163072    
 -0.946897924      -1.44999826     -0.521585703    
 -0.951364279      -1.38412321     -0.522555232    
 -0.955518067      -1.32078862     -0.522139311    
 -0.959375143      -1.26008987     -0.520524740    
 -0.962962031      -1.20189989     -0.517739177    
 -0.966310501      -1.14623582     -0.513903320    
 -0.969356954      -1.09301805     -0.509120345    
 -0.972207367      -1.04218054     -0.503464520    
 -0.974867105     -0.993654490     -0.497029185    
 -0.977251291     -0.947364151     -0.489892542    
 -0.979476511     -0.903235555     -0.482134700    
 -0.981537521     -0.861203671     -0.473821163    
 -0.983407736     -0.821182489     -0.465020865    
 -0.985119104     -0.783096433     -0.455794752    
 -0.986671448     -0.746867418     -0.446187764    
 -0.988101959     -0.712458313     -0.436309308    
 -0.989426494     -0.679746628     -0.426134139    
 -0.990623891     -0.648697853     -0.415770203    
 -0.991694152     -0.619209528     -0.405224830    
 -0.992684901     -0.591251612     -0.394560903    
 -0.993537903     -0.564733505     -0.383807242    
 -0.994369745     -0.539594889     -0.372989297    
 -0.995087624     -0.515776217     -0.362160802    
 -0.995731354     -0.493215889     -0.351327002    
 -0.996295631     -0.471845627     -0.340533912    
 -0.996830702     -0.451621741     -0.329786539    
 -0.997289002     -0.432485998     -0.319125265    
 -0.997704923     -0.414385051     -0.308558017    
 -0.998073161     -0.397259980     -0.298105657    
 -0.998375177     -0.381066412     -0.287786812    
 -0.998674512     -0.365754277     -0.277606130    
 -0.998918235     -0.351291239     -0.267587781    
 -0.999127507     -0.337612301     -0.257728845    
 -0.999320865     -0.324685037     -0.248050377    
 -0.999477148     -0.312470376     -0.238550127    
 -0.999617577     -0.300933093     -0.229249403    
 -0.999723554     -0.290026277     -0.220142394    
 -0.999810934     -0.279729247     -0.211219445    
 -0.999885142     -0.269984037     -0.202508390    
 -0.999924898     -0.260782391     -0.194005758    
 -0.999983132     -0.252089471     -0.185706466    
  -1.00000703     -0.243857324     -0.177615672    
  -1.00002551     -0.236087531     -0.169723377    
  -1.00003874     -0.228730679     -0.162050024    
  -1.00001228     -0.221774399     -0.154574752    
  -1.00001764     -0.215187177     -0.147301659    
 -0.999983132     -0.208948717     -0.140231520    
 -0.999968648     -0.203039914     -0.133359268    
 -0.999914289     -0.197441086     -0.126681060    
 -0.999895751     -0.192133710     -0.120194674    
 -0.999845386     -0.187090874     -0.113898262    
 -0.999797702     -0.182304859     -0.107779108    
 -0.999742091     -0.177760765     -0.101848938    
 -0.999678493     -0.173437014      -9.60841775E-02
 -0.999646723     -0.169316933      -9.04977322E-02
 -0.999573171     -0.165398091      -8.50674212E-02
 -0.999511600     -0.161657572      -7.98059851E-02
 -0.999442756     -0.158091232      -7.46945515E-02
 -0.999373198     -0.154678687      -6.97351173E-02
 -0.999300301     -0.151419133      -6.49167448E-02
 -0.999220192     -0.148288071      -6.02400973E-02
 -0.999119878     -0.145299405      -5.56965657E-02
 -0.998994410     -0.142418340      -5.12775443E-02
 -0.998824835     -0.139658317      -4.69828658E-02
 -0.998361290     -0.136989355      -4.28035855E-02
 -0.995983541     -0.134428337      -3.87370586E-02
 -0.986530066     -0.131940842      -3.47781517E-02
 -0.969525456     -0.129528180      -3.09341475E-02
 -0.948940933     -0.127176106      -2.72025671E-02
 -0.927014768     -0.124873057      -2.35829093E-02
 -0.904713750     -0.122616023      -2.00811364E-02
 -0.882426560     -0.120389462      -1.66869834E-02
 -0.860327482     -0.118206941      -1.34074027E-02
 -0.838541329     -0.116047926      -1.02317994E-02
 -0.817038655     -0.113919050      -7.16365036E-03
 -0.795869052     -0.111796126      -4.20212746E-03
 -0.775084913     -0.109699368      -1.34375365E-03
 -0.754651070     -0.107621484       1.42107403E-03
 -0.734583557     -0.105552875       4.08507045E-03
 -0.714839220     -0.103481941       6.65105041E-03
 -0.695449769     -0.101434857       9.12414677E-03
 -0.676429272      -9.93794873E-02   1.15089947E-02
 -0.657731950      -9.73350480E-02   1.38022834E-02
 -0.639339268      -9.53217372E-02   1.60063300E-02
 -0.621325433      -9.32541192E-02   1.81327257E-02
 -0.603538096      -9.12086815E-02   2.01697145E-02
 -0.586124241      -8.91599357E-02   2.21298803E-02
 -0.568988562      -8.71188119E-02   2.40067635E-02
 -0.552120447      -8.50591362E-02   2.58109644E-02
 -0.535572886      -8.30027759E-02   2.75426432E-02
 -0.519267738      -8.09411183E-02   2.91931964E-02
 -0.503232718      -7.88715184E-02   3.07800043E-02
 -0.487449437      -7.67979324E-02   3.22959498E-02
 -0.471932352      -7.47144222E-02   3.37445065E-02
 -0.456620574      -7.26289228E-02   3.51273343E-02
 -0.441579014      -7.05295131E-02   3.64437699E-02
 -0.426761299      -6.84261322E-02   3.77037451E-02
 -0.412138313      -6.63154647E-02   3.88974957E-02
 -0.397769600      -6.41928762E-02   4.00344543E-02
 -0.383567810      -6.20689653E-02   4.11142893E-02
 -0.369560719      -5.99284954E-02   4.21373397E-02
 -0.355760247      -5.77873662E-02   4.31049205E-02
 -0.342143893      -5.56323268E-02   4.40205149E-02
 -0.328691810      -5.34739755E-02   4.48829606E-02
 -0.315435737      -5.13023809E-02   4.56929207E-02
 -0.302325368      -4.91228364E-02   4.64565232E-02
 -0.289360672      -4.69320342E-02   4.71689627E-02
 -0.276573509      -4.47399095E-02   4.78352122E-02
 -0.263884336      -4.25332114E-02   4.84541059E-02
 -0.251367360      -4.03185673E-02   4.90281321E-02
 -0.238966942      -3.80979627E-02   4.95548062E-02
 -0.226696327      -3.58654410E-02   5.00440598E-02
 -0.214547575      -3.36236432E-02   5.04844710E-02
 -0.202502146      -3.13712507E-02   5.08866385E-02
 -0.190554723      -2.91128960E-02   5.12431078E-02
 -0.178718567      -2.68426202E-02   5.15571088E-02
 -0.166980430      -2.45670471E-02   5.18334396E-02
 -0.155316457      -2.22749189E-02   5.20810485E-02
 -0.143726662      -1.99774895E-02   5.22784889E-02
 -0.132219002      -1.76701285E-02   5.24395034E-02
 -0.120790802      -1.53508447E-02   5.25641777E-02
 -0.109410286      -1.30183166E-02   5.26475422E-02
  -9.80933532E-02  -1.06818145E-02   5.26953898E-02
  -8.68267491E-02  -8.32875539E-03   5.27060702E-02
  -7.56078288E-02  -5.96178882E-03   5.26783355E-02
  -6.44127503E-02  -3.58952419E-03   5.26151732E-02
  -5.32653593E-02  -1.20268925E-03   5.25147542E-02
  -4.21444587E-02   1.19871565E-03   5.23765869E-02
  -3.10526956E-02   3.61336605E-03   5.22014983E-02
  -1.99635830E-02   6.03795052E-03   5.19917682E-02
  -8.89566168E-03   8.47975444E-03   5.17433286E-02
   2.18020543E-03   1.09314919E-02   5.14581390E-02
   1.32534243E-02   1.33997863E-02   5.11354059E-02
   2.43186951E-02   1.58886109E-02   5.07754162E-02
   3.54184061E-02   1.83833968E-02   5.03775552E-02
   4.65101674E-02   2.09026858E-02   4.99400198E-02
   5.76575585E-02   2.34352220E-02   4.94655222E-02
   6.88155517E-02   2.59896126E-02   4.89521176E-02
   8.00000280E-02   2.85572484E-02   4.83970679E-02
   9.12454426E-02   3.11454143E-02   4.78047878E-02
  0.102527939       3.37647051E-02   4.71694060E-02
  0.113858119       3.63859870E-02   4.64926884E-02
  0.125262469       3.90370674E-02   4.57749851E-02
  0.136722460       4.17119935E-02   4.50136960E-02
  0.148243368       4.44114208E-02   4.42104489E-02
  0.159859657       4.71293926E-02   4.33606207E-02
  0.171555415       4.98765036E-02   4.24681976E-02
  0.183322698       5.26507683E-02   4.15270738E-02
  0.195195943       5.54508641E-02   4.05417755E-02
  0.207177803       5.82800955E-02   3.95063907E-02
  0.219255030       6.11404590E-02   3.84248346E-02
  0.231443509       6.40292987E-02   3.72913778E-02
  0.243756503       6.69538975E-02   3.61090302E-02
  0.256183416       6.99096248E-02   3.48733142E-02
  0.268763959       7.29044303E-02   3.35867219E-02
  0.281474322       7.59343281E-02   3.22459862E-02
  0.294335693       7.90026486E-02   3.08494605E-02
  0.307332158       8.21133479E-02   2.93968841E-02
  0.320498139       8.52651075E-02   2.78887227E-02
  0.333828390       8.84625614E-02   2.63226107E-02
  0.347320229       9.17070433E-02   2.46975161E-02
  0.361004144       9.50018540E-02   2.30128560E-02
  0.374866843       9.83476639E-02   2.12674756E-02
  0.388908386      0.101745129       1.94601305E-02
  0.403173774      0.105201870       1.75908208E-02
  0.417625904      0.108717881       1.56579744E-02
  0.432303220      0.112297140       1.36609711E-02
  0.447189808      0.115941964       1.15993125E-02
  0.462318778      0.119656987       9.47208889E-03
  0.477671623      0.123442210       7.27905147E-03
  0.493270814      0.127309233       5.02053229E-03
  0.509116411      0.131252736       2.69454392E-03
  0.525226831      0.135285988       3.02907487E-04
  0.541603565      0.139408305      -2.15537008E-03
  0.558247805      0.143623352      -4.68028896E-03
  0.575178206      0.147939056      -7.27110449E-03
  0.592399955      0.152362049      -9.92640853E-03
  0.609909177      0.156895980      -1.26459533E-02
  0.627729654      0.161545813      -1.54289939E-02
  0.645861387      0.166322455      -1.82731282E-02
  0.664314985      0.171229243      -2.11771168E-02
  0.683071852      0.176270142      -2.41382662E-02
  0.702205658      0.181464359      -2.71553379E-02
  0.721659243      0.186810076      -3.02232374E-02
  0.741459966      0.192317039      -3.33397761E-02
  0.761610925      0.197997868      -3.65005210E-02
  0.782114267      0.203859150      -3.97008322E-02
  0.802974582      0.209912479      -4.29347567E-02
  0.824183226      0.216167659      -4.61976118E-02
  0.845722675      0.222636089      -4.94814962E-02
  0.867574751      0.229329854      -5.27794808E-02
  0.889683723      0.236260816      -5.60827777E-02
  0.911946058      0.243441850      -5.93819544E-02
  0.934146643      0.250885844      -6.26668558E-02
  0.955788851      0.258602083      -6.59244955E-02
  0.975741625      0.266620815      -6.91468418E-02
