   1.57079995      0.785399973      0.392699987    
   1.54996717      0.746659696      0.381401479    
   1.52900505      0.709328294      0.369937629    
   1.50792122      0.673585057      0.358346581    
   1.48672330      0.639423311      0.346665412    
   1.46541810      0.606798351      0.334929734    
   1.44401240      0.575655580      0.323172241    
   1.42251325      0.545937836      0.311424106    
   1.40092731      0.517585814      0.299712300    
   1.37926066      0.490543067      0.288063169    
   1.35751867      0.464752764      0.276500344    
   1.33570814      0.440159857      0.265045136    
   1.31383348      0.416710794      0.253717184    
   1.29189897      0.394353569      0.242534027    
   1.26991081      0.373037875      0.231511444    
   1.24787259      0.352715075      0.220663413    
   1.22578800      0.333337992      0.210002437    
   1.20366132      0.314861387      0.199539468    
   1.18149614      0.297241718      0.189284086    
   1.15929604      0.280437201      0.179244861    
   1.13706374      0.264406890      0.169427902    
   1.11480165      0.249112591      0.159839883    
   1.09251261      0.234516889      0.150485054    
   1.07019949      0.220584676      0.141367495    
   1.04786408      0.207281515      0.132489875    
   1.02550948      0.194575012      0.123854212    
   1.00313616      0.182434127      0.115461953    
  0.980746686      0.170829162      0.107313335    
  0.958342731      0.159731805       9.94084775E-02
  0.935926080      0.149115279       9.17464644E-02
  0.913497388      0.138953790       8.43262672E-02
  0.891058385      0.129222855       7.71459490E-02
  0.868610024      0.119899191       7.02033937E-02
  0.846153378      0.110960841       6.34960160E-02
  0.823689938      0.102386847       5.70208132E-02
  0.801219761       9.41573754E-02   5.07746749E-02
  0.778744102       8.62533227E-02   4.47539501E-02
  0.756263733       7.86570460E-02   3.89550515E-02
  0.733779013       7.13516325E-02   3.33739184E-02
  0.711290777       6.43210486E-02   2.80065406E-02
  0.688799381       5.75500540E-02   2.28484292E-02
  0.666305602       5.10244630E-02   1.78952254E-02
  0.643809855       4.47305553E-02   1.31427879E-02
  0.621312439       3.86559144E-02   8.58634897E-03
  0.598814130       3.27883102E-02   4.22121957E-03
  0.576314509       2.71162968E-02   4.28239873E-05
  0.553814352       2.16295067E-02  -3.95352859E-03
  0.531313777       1.63175371E-02  -7.77230458E-03
  0.508812904       1.11710969E-02  -1.14184301E-02
  0.486312628       6.18117303E-03  -1.48963621E-02
  0.463812232       1.33946189E-03  -1.82106495E-02
  0.441312611      -3.36188450E-03  -2.13658586E-02
  0.418813318      -7.93028250E-03  -2.43664421E-02
  0.396315247      -1.23727070E-02  -2.72167660E-02
  0.373817593      -1.66957155E-02  -2.99211461E-02
  0.351321071      -2.09052600E-02  -3.24838571E-02
  0.328825623      -2.50071194E-02  -3.49088870E-02
  0.306331426      -2.90067364E-02  -3.72004882E-02
  0.283838660      -3.29090692E-02  -3.93623821E-02
  0.261346608      -3.67187001E-02  -4.13985811E-02
  0.238856211      -4.04401571E-02  -4.33125980E-02
  0.216367200      -4.40774523E-02  -4.51082326E-02
  0.193879738      -4.76345047E-02  -4.67888601E-02
  0.171393842      -5.11147752E-02  -4.83579002E-02
  0.148909584      -5.45217060E-02  -4.98185270E-02
  0.126427129      -5.78581877E-02  -5.11739291E-02
  0.103946932      -6.11274242E-02  -5.24271019E-02
   8.14695582E-02  -6.43318370E-02  -5.35808466E-02
   5.89959994E-02  -6.74741492E-02  -5.46379611E-02
   3.65328714E-02  -7.05564097E-02  -5.56010418E-02
   1.41232433E-02  -7.35810474E-02  -5.64726256E-02
  -8.07368383E-03  -7.65497163E-02  -5.72551340E-02
  -2.98880059E-02  -7.94641003E-02  -5.79511523E-02
  -5.12391776E-02  -8.23255628E-02  -5.85632101E-02
  -7.20970109E-02  -8.51352066E-02  -5.90938255E-02
  -9.24530700E-02  -8.78940672E-02  -5.95456511E-02
 -0.112307668      -9.06028301E-02  -5.99211082E-02
 -0.131665036      -9.32624862E-02  -6.02227747E-02
 -0.150532216      -9.58735645E-02  -6.04529902E-02
 -0.168915585      -9.84367430E-02  -6.06141724E-02
 -0.186822638     -0.100952156      -6.07087202E-02
 -0.204262048     -0.103420392      -6.07389547E-02
 -0.221241698     -0.105841875      -6.07069805E-02
 -0.237769827     -0.108216815      -6.06150664E-02
 -0.253853709     -0.110545158      -6.04654178E-02
 -0.269501328     -0.112827443      -6.02601245E-02
 -0.284720987     -0.115063481      -6.00011721E-02
 -0.299519956     -0.117253520      -5.96906208E-02
 -0.313905090     -0.119398259      -5.93304783E-02
 -0.327884912     -0.121496476      -5.89224920E-02
 -0.341464520     -0.123548672      -5.84686734E-02
 -0.354652315     -0.125554770      -5.79707511E-02
 -0.367454559     -0.127514943      -5.74305989E-02
 -0.379877269     -0.129428774      -5.68498522E-02
 -0.391927660     -0.131296337      -5.62301427E-02
 -0.403611183     -0.133117512      -5.55732958E-02
 -0.414933920     -0.134892121      -5.48807457E-02
 -0.425901532     -0.136620075      -5.41540869E-02
 -0.436520010     -0.138301149      -5.33948354E-02
 -0.446793973     -0.139935300      -5.26044704E-02
 -0.456729501     -0.141522214      -5.17844856E-02
 -0.466331631     -0.143061802      -5.09361513E-02
 -0.475604743     -0.144553900      -5.00609577E-02
 -0.484554559     -0.145998240      -4.91601825E-02
 -0.493184835     -0.147394791      -4.82351109E-02
 -0.501499951     -0.148743182      -4.72870208E-02
 -0.509504557     -0.150043398      -4.63171601E-02
 -0.517202795     -0.151295125      -4.53266986E-02
 -0.524598360     -0.152498290      -4.43168320E-02
 -0.531695664     -0.153652593      -4.32887413E-02
 -0.538497984     -0.154757857      -4.22434695E-02
 -0.545008600     -0.155813828      -4.11821678E-02
 -0.551231503     -0.156820476      -4.01058756E-02
 -0.557168901     -0.157777473      -3.90156582E-02
 -0.562824667     -0.158684641      -3.79125252E-02
 -0.568201423     -0.159541845      -3.67975421E-02
 -0.573302090     -0.160348818      -3.56715508E-02
 -0.578129411     -0.161105350      -3.45356502E-02
 -0.582685709     -0.161811203      -3.33907008E-02
 -0.586973190     -0.162466243      -3.22377309E-02
 -0.590994358     -0.163070202      -3.10776960E-02
 -0.594751418     -0.163622960      -2.99114436E-02
 -0.598246038     -0.164124146      -2.87396200E-02
 -0.601479888     -0.164573640      -2.75633540E-02
 -0.604454815     -0.164971218      -2.63834652E-02
 -0.607172608     -0.165316612      -2.52007712E-02
 -0.609634340     -0.165609524      -2.40162015E-02
 -0.611841440     -0.165849864      -2.28305552E-02
 -0.613795042     -0.166037261      -2.16446687E-02
 -0.615496218     -0.166171402      -2.04594061E-02
 -0.616945505     -0.166252166      -1.92755647E-02
 -0.618143976     -0.166279227      -1.80939827E-02
 -0.619092226     -0.166252255      -1.69155095E-02
 -0.619790912     -0.166170955      -1.57409757E-02
 -0.620240092     -0.166035101      -1.45711610E-02
 -0.620440245     -0.165844306      -1.34069361E-02
 -0.620391190     -0.165598348      -1.22491280E-02
 -0.620092988     -0.165296853      -1.10985814E-02
 -0.619545817     -0.164939359      -9.95613448E-03
 -0.618748903     -0.164525732      -8.82263947E-03
 -0.617702425     -0.164055422      -7.69898901E-03
 -0.616405129     -0.163528129      -6.58601476E-03
 -0.614856780     -0.162943363      -5.48459217E-03
 -0.613056779     -0.162300825      -4.39565815E-03
 -0.611003757     -0.161600053      -3.32005043E-03
 -0.608696878     -0.160840347      -2.25873874E-03
 -0.606135070     -0.160021663      -1.21265324E-03
 -0.603316665     -0.159143329      -1.82716045E-04
 -0.600240409     -0.158204809       8.30092118E-04
 -0.596904933     -0.157205552       1.82482717E-03
 -0.593308091     -0.156145141       2.80044111E-03
 -0.589448094     -0.155022919       3.75597551E-03
 -0.585323334     -0.153838277       4.69033467E-03
 -0.580931425     -0.152590632       5.60252462E-03
 -0.576269925     -0.151279330       6.49141846E-03
 -0.571336687     -0.149903670       7.35597732E-03
 -0.566129208     -0.148463011       8.19503330E-03
 -0.560644686     -0.146956548       9.00748651E-03
 -0.554880559     -0.145383582       9.79213603E-03
 -0.548833370     -0.143743232       1.05478372E-02
 -0.542500198     -0.142034709       1.12733720E-02
 -0.535877645     -0.140257150       1.19674848E-02
 -0.528962672     -0.138409600       1.26289148E-02
 -0.521751463     -0.136491135       1.32564111E-02
 -0.514240324     -0.134500727       1.38486698E-02
 -0.506425619     -0.132437319       1.44043639E-02
 -0.498303026     -0.130299777       1.49221532E-02
 -0.489868522     -0.128086954       1.54006714E-02
 -0.481118083     -0.125797689       1.58385243E-02
 -0.472046673     -0.123430647       1.62343178E-02
 -0.462650090     -0.120984495       1.65866222E-02
 -0.452923268     -0.118457809       1.68939941E-02
 -0.442861497     -0.115849115       1.71549786E-02
 -0.432459325     -0.113156833       1.73681006E-02
 -0.421711713     -0.110379383       1.75318792E-02
 -0.410613120     -0.107514925       1.76448412E-02
 -0.399158001     -0.104561739       1.77054685E-02
 -0.387340397     -0.101517804       1.77122839E-02
 -0.375154316      -9.83811170E-02   1.76637881E-02
 -0.362593740      -9.51495916E-02   1.75584815E-02
 -0.349652231      -9.18209627E-02   1.73948817E-02
 -0.336323231      -8.83928165E-02   1.71715375E-02
 -0.322600275      -8.48626569E-02   1.68870036E-02
 -0.308476359      -8.12278762E-02   1.65398512E-02
 -0.293944478      -7.74856210E-02   1.61287058E-02
 -0.278997391      -7.36329630E-02   1.56522207E-02
 -0.263628274      -6.96668848E-02   1.51091097E-02
 -0.247828647      -6.55839369E-02   1.44981146E-02
 -0.231591314      -6.13807105E-02   1.38180917E-02
 -0.214908466      -5.70535772E-02   1.30679468E-02
 -0.197772220      -5.25986254E-02   1.22466851E-02
 -0.180174649      -4.80117947E-02   1.13534164E-02
 -0.162107721      -4.32887636E-02   1.03873843E-02
 -0.143563598      -3.84249911E-02   9.34793800E-03
 -0.124534838      -3.34156789E-02   8.23460426E-03
 -0.105014406      -2.82557569E-02   7.04706600E-03
  -8.49965215E-02  -2.29398888E-02   5.78520354E-03
  -6.44777343E-02  -1.74624473E-02   4.44910955E-03
  -4.34594341E-02  -1.18175158E-02   3.03910533E-03
  -2.19541863E-02  -5.99896861E-03   1.55580405E-03
   0.00000000       0.00000000       0.00000000    
