   1.00000000    
   1.00000000    
   1.00000083    
   1.00000036    
   1.00000048    
   1.00000083    
   1.00000024    
   1.00000083    
   1.00000060    
   1.00000107    
   1.00000048    
   1.00000095    
   1.00000119    
   1.00000119    
   1.00000083    
   1.00000191    
   1.00000238    
   1.00000226    
   1.00000191    
   1.00000298    
   1.00000262    
   1.00000405    
   1.00000334    
   1.00000346    
   1.00000370    
   1.00000441    
   1.00000441    
   1.00000405    
   1.00000334    
   1.00000262    
   1.00000393    
   1.00000334    
   1.00000441    
   1.00000286    
   1.00000358    
   1.00000381    
   1.00000358    
   1.00000346    
   1.00000346    
   1.00000250    
   1.00000167    
   1.00000179    
   1.00000119    
   1.00000072    
   1.00000036    
   1.00000143    
   1.00000143    
   1.00000155    
   1.00000024    
   1.00000012    
   1.00000036    
   1.00000060    
   1.00000036    
  0.999999464    
  0.999999523    
   1.00000012    
   1.00000000    
   1.00000048    
   1.00000012    
  0.999999523    
   1.00000024    
   1.00000024    
  0.999999762    
  0.999999583    
  0.999999404    
  0.999999404    
  0.999999404    
   1.00000000    
  0.999999642    
   1.00000024    
  0.999999523    
   1.00000000    
  0.999999881    
  0.999999344    
  0.999999881    
  0.999999285    
  0.999999404    
  0.999999166    
  0.999999642    
  0.999999404    
  0.999999225    
  0.999998868    
  0.999998927    
  0.999998987    
  0.999998569    
  0.999998212    
  0.999998391    
  0.999998093    
  0.999998212    
  0.999998569    
  0.999998569    
  0.999998331    
  0.999998331    
  0.999998450    
  0.999998629    
  0.999998808    
  0.999998629    
  0.999998868    
  0.999998331    
  0.999998391    
  0.999998212    
  0.999998450    
  0.999998152    
  0.999998331    
  0.999998569    
  0.999998331    
  0.999998569    
  0.999998569    
  0.999998391    
  0.999998629    
  0.999998510    
  0.999998450    
  0.999998510    
  0.999998569    
  0.999998391    
  0.999998450    
  0.999998510    
  0.999998569    
  0.999998927    
  0.999998927    
  0.999998927    
  0.999998927    
  0.999998808    
  0.999999046    
  0.999999225    
  0.999999166    
  0.999999166    
  0.999999344    
  0.999999046    
  0.999999285    
  0.999999404    
  0.999999464    
  0.999999344    
  0.999999523    
  0.999999464    
  0.999999642    
  0.999999642    
  0.999999762    
  0.999999762    
  0.999999702    
  0.999999762    
  0.999999940    
   1.00000048    
   1.00000036    
   1.00000036    
   1.00000024    
   1.00000024    
   1.00000024    
   1.00000036    
   1.00000060    
   1.00000060    
   1.00000072    
   1.00000095    
   1.00000095    
   1.00000107    
   1.00000107    
   1.00000107    
   1.00000119    
   1.00000095    
   1.00000119    
   1.00000095    
   1.00000107    
   1.00000107    
   1.00000107    
   1.00000107    
   1.00000107    
   1.00000119    
   1.00000107    
   1.00000107    
   1.00000107    
   1.00000107    
   1.00000095    
   1.00000107    
   1.00000107    
   1.00000107    
   1.00000095    
   1.00000095    
   1.00000083    
   1.00000095    
   1.00000095    
   1.00000095    
   1.00000095    
   1.00000072    
   1.00000083    
   1.00000083    
   1.00000095    
   1.00000072    
   1.00000060    
   1.00000060    
   1.00000036    
   1.00000060    
   1.00000036    
   1.00000048    
   1.00000048    
   1.00000024    
   1.00000036    
   1.00000024    
   1.00000012    
   1.00000024    
   1.00000024    
   1.00000000    
