   1.42578757    
   1.21155846    
  0.419589877    
  0.236729637    
  0.198603138    
  0.173159793    
  0.153014734    
  0.136355281    
  0.122468680    
  0.110767052    
  0.100897543    
   9.24294516E-02
   8.51431713E-02
   7.88890496E-02
   7.33758882E-02
   6.85728714E-02
   6.43046945E-02
   6.05173409E-02
   5.71488552E-02
   5.41142076E-02
   5.13684489E-02
   4.88872454E-02
   4.66253571E-02
   4.45603095E-02
   4.26586866E-02
   4.09166403E-02
   3.93058360E-02
   3.78126577E-02
   3.64376679E-02
   3.51423323E-02
   3.39533649E-02
   3.28341983E-02
   3.17843705E-02
   3.07926126E-02
   2.98678987E-02
   2.89923102E-02
   2.81718019E-02
   2.73940377E-02
   2.66555659E-02
   2.59590354E-02
   2.52953991E-02
   2.46673822E-02
   2.40680296E-02
   2.34960075E-02
   2.29508709E-02
   2.24322751E-02
   2.19379440E-02
   2.14627665E-02
   2.10100301E-02
   2.05744132E-02
   2.01561470E-02
   1.97539441E-02
   1.93701535E-02
   1.89985614E-02
   1.86423734E-02
   1.82997305E-02
   1.79684330E-02
   1.76495314E-02
   1.73409879E-02
   1.70451179E-02
   1.67579632E-02
   1.64801572E-02
   1.62108038E-02
   1.59502570E-02
   1.56978648E-02
   1.54540343E-02
   1.52183585E-02
   1.49892690E-02
   1.47666708E-02
   1.45503730E-02
   1.43410126E-02
   1.41376890E-02
   1.39393602E-02
   1.37465699E-02
   1.35589028E-02
   1.33771570E-02
   1.31994886E-02
   1.30264070E-02
   1.28579941E-02
   1.26947947E-02
   1.25346584E-02
   1.23788808E-02
   1.22274281E-02
   1.20788282E-02
   1.19344322E-02
   1.17931394E-02
   1.16556725E-02
   1.15206204E-02
   1.13886585E-02
   1.12600811E-02
   1.11345127E-02
   1.10112233E-02
   1.08911544E-02
   1.07734073E-02
   1.06581934E-02
   1.05458312E-02
   1.04353018E-02
   1.03272237E-02
   1.02211274E-02
   1.01171872E-02
   1.00153461E-02
   9.91578493E-03
   9.81826149E-03
   9.72233433E-03
   9.62851383E-03
   9.53649357E-03
   9.44608171E-03
   9.35762748E-03
   9.27092694E-03
   9.18544736E-03
   9.10146069E-03
   9.01900046E-03
   8.93802382E-03
   8.85851961E-03
   8.78050830E-03
   8.70374776E-03
   8.62844568E-03
   8.55485816E-03
   8.48232489E-03
   8.41067918E-03
   8.34023580E-03
   8.27096589E-03
   8.20313394E-03
   8.13665334E-03
   8.07074178E-03
   8.00625049E-03
   7.94245023E-03
   7.87962694E-03
   7.81803951E-03
   7.75763066E-03
   7.69811822E-03
   7.63930054E-03
   7.58137461E-03
   7.52411550E-03
   7.46776583E-03
   7.41227623E-03
   7.35835964E-03
   7.30457436E-03
   7.25141633E-03
   7.19918683E-03
   7.14754453E-03
   7.09697325E-03
   7.04678427E-03
   6.99730124E-03
   6.94886828E-03
   6.90120412E-03
   6.85391296E-03
   6.80709910E-03
   6.76091993E-03
   6.71551283E-03
   6.67071110E-03
   6.62651239E-03
   6.58282451E-03
   6.53963303E-03
   6.49701245E-03
   6.45493809E-03
   6.41375827E-03
   6.37275353E-03
   6.33227592E-03
   6.29247585E-03
   6.25321642E-03
   6.21423591E-03
   6.17609033E-03
   6.13815337E-03
   6.10077195E-03
   6.06366619E-03
   6.02700934E-03
   5.99099649E-03
   5.95527887E-03
   5.92011586E-03
   5.88517170E-03
   5.85090928E-03
   5.81713906E-03
   5.78363799E-03
   5.75028406E-03
   5.71731338E-03
   5.68489544E-03
   5.65269822E-03
   5.62083535E-03
   5.59010217E-03
   5.55894058E-03
   5.52829495E-03
   5.49806608E-03
   5.46792010E-03
   5.43837668E-03
   5.40899392E-03
   5.37992781E-03
   5.35107078E-03
   5.32251317E-03
   5.29426010E-03
   5.26630506E-03
   5.23878308E-03
   5.21143759E-03
   5.18434914E-03
   5.15773427E-03
   5.13122277E-03
   5.10496087E-03
   5.07910922E-03
   5.05337631E-03
   5.02813375E-03
   5.00326883E-03
   4.97851521E-03
   4.95409500E-03
   4.92961286E-03
   4.90543293E-03
   4.88153892E-03
   4.85787028E-03
   4.83445963E-03
   4.81124409E-03
   4.78825718E-03
   4.76547889E-03
   4.74305404E-03
   4.72069345E-03
   4.69846791E-03
   4.67644399E-03
   4.65474278E-03
   4.63328743E-03
   4.61186934E-03
   4.59075067E-03
   4.56981547E-03
   4.54897992E-03
   4.52862866E-03
   4.50821361E-03
   4.48795361E-03
   4.46785707E-03
   4.44799522E-03
   4.42852126E-03
   4.40896442E-03
   4.38976986E-03
   4.37063631E-03
   4.35157819E-03
   4.33268305E-03
   4.31400584E-03
   4.29543527E-03
   4.27702675E-03
   4.25877282E-03
   4.24086815E-03
   4.22292110E-03
   4.20512632E-03
   4.18750942E-03
   4.17021802E-03
   4.15299647E-03
   4.13591089E-03
   4.11909027E-03
   4.10226220E-03
   4.08566324E-03
   4.06900467E-03
   4.05257847E-03
   4.03619837E-03
   4.01993981E-03
   4.00391966E-03
   3.98803456E-03
   3.97236785E-03
   3.95661918E-03
   3.94109078E-03
   3.92558938E-03
   3.91039811E-03
   3.89523152E-03
   3.88009101E-03
   3.86506994E-03
   3.85017181E-03
   3.83547670E-03
   3.82079417E-03
   3.80624318E-03
   3.79178324E-03
   3.77757265E-03
   3.76332947E-03
   3.74930911E-03
   3.73550667E-03
   3.72166978E-03
   3.70789017E-03
   3.69425979E-03
   3.68094817E-03
   3.66742350E-03
   3.65407160E-03
   3.64087848E-03
   3.62764671E-03
   3.61457956E-03
   3.60154267E-03
   3.58867133E-03
   3.57582071E-03
   3.56305693E-03
   3.55038512E-03
   3.53789469E-03
   3.52540007E-03
   3.51299369E-03
   3.50078661E-03
   3.48863541E-03
   3.47659178E-03
   3.46462592E-03
   3.45279113E-03
   3.44098988E-03
   3.42931924E-03
   3.41763417E-03
   3.40597378E-03
   3.39439278E-03
   3.38295335E-03
   3.37152835E-03
   3.36018391E-03
   3.34904925E-03
   3.33785196E-03
   3.32672894E-03
   3.31568019E-03
   3.30471620E-03
   3.29381297E-03
   3.28298192E-03
   3.27222189E-03
   3.26153194E-03
   3.25091253E-03
   3.24036111E-03
   3.23001109E-03
   3.21964198E-03
   3.20938393E-03
   3.19917640E-03
   3.18896375E-03
   3.17907310E-03
   3.16898269E-03
   3.15895583E-03
   3.14916112E-03
   3.13935708E-03
   3.12959938E-03
   3.11990129E-03
   3.11026513E-03
   3.10074585E-03
   3.09114624E-03
   3.08160577E-03
   3.07212421E-03
   3.06278071E-03
   3.05355596E-03
   3.04425834E-03
   3.03500518E-03
   3.02581256E-03
   3.01667070E-03
   3.00758402E-03
   2.99855205E-03
   2.98957434E-03
   2.98069953E-03
   2.97197234E-03
   2.96315295E-03
   2.95443251E-03
   2.94571673E-03
   2.93723587E-03
   2.92865117E-03
   2.92009278E-03
   2.91158841E-03
   2.90336716E-03
   2.89495569E-03
   2.88659148E-03
   2.87835649E-03
   2.87023326E-03
   2.86200712E-03
   2.85392581E-03
   2.84579583E-03
   2.83777597E-03
   2.82980013E-03
   2.82180379E-03
   2.81392341E-03
   2.80608679E-03
   2.79822596E-03
   2.79040681E-03
   2.78270082E-03
   2.77496804E-03
   2.76727811E-03
   2.75977398E-03
   2.75217183E-03
   2.74460809E-03
   2.73715449E-03
   2.72974465E-03
   2.72230944E-03
   2.71498109E-03
   2.70761969E-03
   2.70039635E-03
   2.69311690E-03
   2.68587377E-03
   3.91702447E-03
   3.86716588E-03
   4.60951775E-03
   2.65767891E-03
   2.65088351E-03
   2.64388160E-03
   2.63712648E-03
   2.63018114E-03
   2.62334617E-03
   2.61647324E-03
   2.60970765E-03
   2.60298140E-03
   2.59630894E-03
   2.58957711E-03
   2.58299895E-03
   2.57636700E-03
   2.56980280E-03
   2.56333337E-03
   2.55677104E-03
   2.55030394E-03
   2.54380819E-03
   2.53742235E-03
   2.53099180E-03
   2.52464227E-03
   2.51835538E-03
   2.51208665E-03
   2.50584446E-03
   2.49963347E-03
   2.49339291E-03
   2.48724618E-03
   2.48112762E-03
   2.47509847E-03
   2.46903696E-03
   2.46294844E-03
   2.45688972E-03
   2.45086080E-03
   2.44487613E-03
   2.43903394E-03
   2.43309955E-03
   2.42718658E-03
   2.42136535E-03
   2.41557788E-03
   2.40975246E-03
   2.40395754E-03
   2.39818566E-03
   2.39257817E-03
   2.38686055E-03
   2.38123047E-03
   2.37568608E-03
   2.37010373E-03
   2.36449298E-03
   2.35896115E-03
   2.35341722E-03
   2.34788540E-03
   2.34237919E-03
   2.33689859E-03
   2.33147875E-03
   2.32623448E-03
   2.32088333E-03
   2.31555873E-03
   2.31021945E-03
   2.30493955E-03
   2.29964661E-03
   2.29436439E-03
   2.28921906E-03
   2.28408305E-03
   2.27887183E-03
   2.27373280E-03
   2.26857793E-03
   2.26349151E-03
   2.25839671E-03
   2.25332961E-03
   2.24825786E-03
   2.24326272E-03
   2.23828829E-03
   2.23331060E-03
   2.22832849E-03
   2.22339551E-03
   2.21845740E-03
   2.21359497E-03
   2.20875582E-03
   2.20393576E-03
   2.19911034E-03
   2.19433010E-03
   2.18952284E-03
   2.18478660E-03
   2.18011718E-03
   2.17541563E-03
   2.17068824E-03
   2.16598343E-03
   2.16134498E-03
   2.15672608E-03
   2.15207972E-03
   2.14751181E-03
   2.14290502E-03
   2.13834527E-03
   2.13377760E-03
   2.12929607E-03
   2.12481804E-03
   2.12032697E-03
   2.11592764E-03
   2.11149990E-03
   2.10704608E-03
   2.10263440E-03
   2.09824322E-03
   2.09388928E-03
   2.08955561E-03
   2.08519399E-03
   2.08085054E-03
   2.07652501E-03
   2.07231124E-03
   2.06806906E-03
   2.06391676E-03
   2.05966155E-03
   2.05542380E-03
   2.05124472E-03
   2.04708241E-03
   2.04295549E-03
   2.03885790E-03
   2.03474006E-03
   2.03060405E-03
   2.02652137E-03
   2.02241866E-03
   2.01835088E-03
   2.01435224E-03
   2.01033312E-03
   2.00629560E-03
   2.00231047E-03
   1.99835561E-03
   1.99443009E-03
   1.99045637E-03
   1.98661420E-03
   1.98267144E-03
   1.97874429E-03
   1.97486230E-03
   1.97096635E-03
   1.96708529E-03
   1.96321961E-03
   1.95943448E-03
   1.95559883E-03
   1.95181137E-03
   1.94800564E-03
   1.94421655E-03
   1.94044027E-03
   1.93667843E-03
   1.93298049E-03
   1.92929385E-03
   1.92557531E-03
   1.92187109E-03
   1.91818096E-03
   1.91450701E-03
   2.38638348E-03
   1.90727774E-03
   1.90364348E-03
   1.90004997E-03
   1.89644331E-03
   1.89285027E-03
   1.88931613E-03
   1.88579015E-03
   1.88227836E-03
   1.87874632E-03
   1.87521987E-03
   1.87172403E-03
   1.86826696E-03
   1.86477986E-03
   1.86132616E-03
   1.85787235E-03
   1.85442390E-03
   1.85101049E-03
   1.84762990E-03
   1.84422312E-03
   1.84084731E-03
   1.83746172E-03
   1.83408859E-03
   1.83072768E-03
   1.82746921E-03
   1.82413263E-03
   1.82081002E-03
   1.81750138E-03
   1.81420112E-03
   1.81091274E-03
   1.80768350E-03
   1.80446240E-03
   1.80120929E-03
   1.79799646E-03
   1.79485139E-03
   1.79165264E-03
   1.78844715E-03
   1.78525143E-03
   1.78214954E-03
   1.77901553E-03
   1.77585345E-03
   1.77270267E-03
   1.76956656E-03
   1.76648051E-03
   1.76340190E-03
   1.76029501E-03
   1.75727659E-03
   1.75419135E-03
   1.75118877E-03
   1.74815825E-03
   1.74510479E-03
   1.74212677E-03
   1.73912582E-03
   1.73613348E-03
   1.73314975E-03
   1.73017802E-03
   1.72721490E-03
   1.72423595E-03
   1.72126549E-03
   1.71833462E-03
   1.71541364E-03
   1.71248743E-03
   1.70955737E-03
   1.70663721E-03
   1.70372706E-03
   1.70085917E-03
   1.69799954E-03
   1.69511873E-03
   1.69227819E-03
   1.68947456E-03
   1.68664975E-03
   1.68380735E-03
   1.68098125E-03
   1.67820032E-03
   1.67538621E-03
   1.67258165E-03
   1.66981644E-03
   1.66704215E-03
   1.66429405E-03
   1.66152976E-03
   1.65880960E-03
   1.65606185E-03
   1.65335147E-03
   1.65064540E-03
   1.64796575E-03
   1.64531008E-03
   1.64262846E-03
   1.63994904E-03
   1.63726171E-03
   1.63460628E-03
   1.63193641E-03
   1.62932288E-03
   1.62667036E-03
   1.62406883E-03
   1.62147405E-03
   1.61886646E-03
   1.61624793E-03
   1.61365711E-03
   1.61108444E-03
   1.60849094E-03
   1.60595251E-03
   1.60337554E-03
   1.60082616E-03
   1.59830227E-03
   1.59575441E-03
   1.59321004E-03
   1.59071048E-03
   1.58821722E-03
   1.58571266E-03
   1.58320018E-03
   1.58069551E-03
   1.57819886E-03
   1.57571014E-03
   1.57323875E-03
   1.57076551E-03
   1.56832056E-03
   1.56586291E-03
   1.56343332E-03
   1.56104879E-03
   1.55862328E-03
   1.55619578E-03
   1.55377598E-03
   1.55138550E-03
   1.54898060E-03
   1.54660468E-03
   1.54421455E-03
   1.54183176E-03
   1.53947819E-03
   1.53713149E-03
   1.53477362E-03
   1.53241993E-03
   1.53009791E-03
   1.52778765E-03
   1.52547669E-03
   1.52319134E-03
   1.52087305E-03
   1.51856174E-03
   1.51625753E-03
   1.51398138E-03
   1.51171978E-03
   1.50949077E-03
   1.50722137E-03
   1.50499959E-03
   1.50276499E-03
   1.50052190E-03
   1.49828556E-03
   1.49604236E-03
   1.49382837E-03
   1.49162696E-03
   1.48941716E-03
   1.48720038E-03
   1.48500374E-03
   1.48285204E-03
   1.48066680E-03
   1.47848774E-03
   1.47630344E-03
   1.47414347E-03
   1.47197198E-03
   1.46980688E-03
   1.46764808E-03
   1.46550289E-03
   1.46335678E-03
   1.46124628E-03
   1.45911251E-03
   1.45701447E-03
   1.45492668E-03
   1.45282899E-03
   1.45071978E-03
   1.44864130E-03
   1.44656759E-03
   1.44447654E-03
   1.44239143E-03
   1.44032552E-03
   1.43827836E-03
   1.43621117E-03
   1.43416156E-03
   1.43210613E-03
   1.43005664E-03
   1.42801309E-03
   1.42598955E-03
   1.42395752E-03
   1.42193271E-03
   1.41993095E-03
   1.41793175E-03
   1.41593826E-03
   1.41395023E-03
   1.41196651E-03
   1.40997430E-03
   1.40800199E-03
   1.40605040E-03
   1.40410021E-03
   1.40214269E-03
   1.40019634E-03
   1.39824976E-03
   1.39631412E-03
   1.39436580E-03
   1.39243552E-03
   1.39050360E-03
   1.38858962E-03
   1.38668634E-03
   1.38477585E-03
   1.38288178E-03
   1.38097350E-03
   1.37908978E-03
   1.37718918E-03
   1.37529394E-03
   1.37340371E-03
   1.37153117E-03
   1.36966514E-03
   1.36779051E-03
   1.36592088E-03
   1.36405637E-03
   1.36221200E-03
   1.36037124E-03
   1.35853572E-03
   1.35669135E-03
   1.35485199E-03
   1.35303137E-03
   1.35121681E-03
   1.34939235E-03
   1.34757266E-03
   1.34577381E-03
   1.34399103E-03
   1.34219264E-03
   1.34040590E-03
   1.33861043E-03
   1.33682368E-03
   1.33505394E-03
   1.33327267E-03
   1.33149629E-03
   1.32972596E-03
   1.32797356E-03
   1.32622709E-03
   1.32446934E-03
   1.32271624E-03
   1.32096780E-03
   1.31922401E-03
   1.31750084E-03
   1.31578709E-03
   1.31410186E-03
   1.31237612E-03
   1.31069159E-03
   1.30897481E-03
   1.30726257E-03
   1.30557315E-03
   1.30390120E-03
   1.30220200E-03
   1.30050874E-03
   1.29881850E-03
   1.29713258E-03
   1.29546819E-03
   1.29381684E-03
   1.29214395E-03
   1.29048829E-03
   1.28882390E-03
   1.28716393E-03
   1.28552248E-03
   1.28388382E-03
   1.28223642E-03
   1.28060626E-03
   1.27896736E-03
   1.27736072E-03
   1.27572997E-03
   1.27410609E-03
   1.27251062E-03
   1.27090514E-03
   1.26930361E-03
   1.26770500E-03
   1.26611162E-03
   1.26452232E-03
   1.26293814E-03
   1.26134418E-03
   1.25976687E-03
   1.25818083E-03
   1.25661388E-03
   1.25504727E-03
   1.25347951E-03
   1.25192176E-03
   1.25035539E-03
   1.24880427E-03
   1.24724582E-03
   1.24569354E-03
   1.24416256E-03
   1.24263065E-03
   1.24109862E-03
   1.23957929E-03
   1.23804365E-03
   1.23653165E-03
   1.23500358E-03
   1.23347924E-03
   1.23196980E-03
   1.23046408E-03
   1.22898165E-03
   1.22748700E-03
   1.22599863E-03
   1.22449652E-03
   1.22300780E-03
   1.22151291E-03
   1.22003886E-03
   1.21855969E-03
   1.21707574E-03
   1.21559529E-03
   1.21413928E-03
   1.21266593E-03
   1.21121691E-03
   1.20975077E-03
   1.20828813E-03
   1.20682910E-03
   1.20538333E-03
   1.20395410E-03
   1.20250543E-03
   1.20107224E-03
   1.19963894E-03
   1.19821017E-03
   1.19677524E-03
   1.19534379E-03
   1.19392539E-03
   1.19250081E-03
   1.19109871E-03
   1.18968089E-03
   1.18826644E-03
   1.18687423E-03
   1.18546642E-03
   1.18406198E-03
   1.18266069E-03
   1.81851711E-03
   1.17988966E-03
   1.17851724E-03
   1.17712910E-03
   1.17574434E-03
   1.17436273E-03
   1.17298437E-03
   1.17162918E-03
   1.17027608E-03
   1.16891670E-03
   1.16755103E-03
   1.16620853E-03
   1.16487034E-03
   1.16351759E-03
   1.16216461E-03
   1.16081478E-03
   1.15947740E-03
   1.15816051E-03
   1.15681998E-03
   1.15549064E-03
   1.15417247E-03
   1.15284114E-03
   1.15151284E-03
   1.15018769E-03
   1.14887464E-03
   1.14757277E-03
   1.14627392E-03
   1.14496762E-03
   1.14366435E-03
   1.14235713E-03
   1.14108017E-03
   1.13977888E-03
   1.13848737E-03
   1.13719876E-03
   1.13590632E-03
   1.13461667E-03
   1.13333005E-03
   1.13205751E-03
   1.13078475E-03
   1.12951803E-03
   1.12825760E-03
   1.12699217E-03
   1.12572277E-03
   1.12446293E-03
   1.12320611E-03
   1.12195185E-03
   1.12070050E-03
   1.11944531E-03
   1.11820293E-03
   1.11695437E-03
   1.11571525E-03
   1.11447903E-03
   1.11324643E-03
   1.11200789E-03
   1.11078110E-03
   1.10955234E-03
   1.10832416E-03
   1.10710424E-03
   1.10588700E-03
   1.10466918E-03
   1.10344950E-03
   1.10224914E-03
   1.10104913E-03
   1.09983748E-03
   1.09863630E-03
   1.09742989E-03
   1.09623943E-03
   1.09505805E-03
   1.09385955E-03
   1.09266362E-03
   1.09147036E-03
   1.09027966E-03
   1.08909933E-03
   1.08791387E-03
   1.08674623E-03
   1.08556577E-03
   1.08438800E-03
   1.08321267E-03
   1.08204002E-03
   1.08088716E-03
   1.07973570E-03
   1.07858668E-03
   1.07744883E-03
   1.07628864E-03
   1.07513741E-03
   1.07398210E-03
   1.07283576E-03
   1.07169175E-03
   1.07055029E-03
   1.06940477E-03
   1.06827135E-03
   1.06713711E-03
   1.06600532E-03
   1.06487912E-03
   1.06374570E-03
   1.06262113E-03
   1.06149260E-03
   1.06036651E-03
   1.05924578E-03
   1.05812447E-03
   1.05700537E-03
   1.05590350E-03
   1.05478906E-03
   1.05368451E-03
   1.05258229E-03
   1.05148240E-03
   1.05038460E-03
   1.04928913E-03
   1.04818877E-03
   1.04709063E-03
   1.04599481E-03
   1.04490120E-03
   1.04381214E-03
   1.04272307E-03
   1.04165310E-03
   1.04056869E-03
   1.03949476E-03
   1.03841478E-03
   1.03733700E-03
   1.03628018E-03
   1.03521510E-03
   1.03416061E-03
   1.03309995E-03
   1.03203312E-03
   1.03096850E-03
   1.02991343E-03
   1.02885324E-03
   1.02779851E-03
   1.02675811E-03
   1.02571363E-03
   1.02466927E-03
   1.02361990E-03
   1.02258066E-03
   1.02153653E-03
   1.02050288E-03
   1.01946900E-03
   1.01843651E-03
   1.01741101E-03
   1.01638271E-03
   1.01535313E-03
   1.01433485E-03
   1.01330644E-03
   1.01228012E-03
   1.01125590E-03
   1.01023377E-03
   1.00922084E-03
   1.00820290E-03
   1.00718800E-03
   1.00617413E-03
   1.18000864E-03
   1.00417738E-03
   1.00317865E-03
   1.00218586E-03
   1.00118888E-03
   1.00018689E-03
   9.99187003E-04
   9.98204225E-04
   9.97215277E-04
   9.96228307E-04
   9.95242270E-04
   9.94257280E-04
   9.93269263E-04
   9.92283109E-04
   9.91305802E-04
   9.90329776E-04
   9.89363296E-04
   9.88390762E-04
   9.87414271E-04
   9.86445928E-04
   9.85481078E-04
   9.84521350E-04
   9.83557431E-04
   9.82596539E-04
   9.81646124E-04
   9.80683137E-04
   9.79721779E-04
   9.78779164E-04
   9.77821532E-04
   9.76867857E-04
   9.75922914E-04
   9.74970986E-04
   9.74020921E-04
   9.73077549E-04
   9.72135109E-04
   9.71193425E-04
   9.70256515E-04
   9.69320477E-04
   9.68390028E-04
   9.67470172E-04
   9.66541294E-04
   9.65611427E-04
   9.64683248E-04
   9.63755068E-04
   9.62826714E-04
   9.61900107E-04
   9.60980076E-04
   9.60060919E-04
   9.59139667E-04
   9.58226854E-04
   9.57314915E-04
   9.56400821E-04
   9.55491385E-04
   9.54578863E-04
   9.53672745E-04
   9.52768489E-04
   9.51861148E-04
   9.50961257E-04
   9.50057409E-04
   9.49159963E-04
   9.48264264E-04
   9.47368331E-04
   9.46471235E-04
   9.45575826E-04
   9.44682106E-04
   9.43795778E-04
   9.42908286E-04
   9.42025334E-04
   9.41138307E-04
   9.40253027E-04
   9.39369376E-04
   9.38487356E-04
   9.37607023E-04
   9.36728320E-04
   9.35851305E-04
   9.34975862E-04
   9.34102107E-04
   1.25607138E-03
   9.32369789E-04
   9.31515591E-04
   9.30654875E-04
   9.29803122E-04
   9.28945548E-04
   9.28082969E-04
   9.27222078E-04
   9.26363631E-04
   9.25512402E-04
   9.24670079E-04
   9.23815474E-04
   9.22962441E-04
   9.22134030E-04
   9.21286875E-04
   9.20443970E-04
   9.19597165E-04
   9.18754668E-04
   9.17916477E-04
   9.17085272E-04
   9.16244637E-04
   9.15410987E-04
   9.14573378E-04
   9.13742813E-04
   9.12908232E-04
   9.12086223E-04
   9.11254727E-04
   9.10430157E-04
   9.09616298E-04
   9.08800983E-04
   9.07975482E-04
   9.07154172E-04
   9.06341651E-04
   9.05524998E-04
   9.04711836E-04
   9.03907232E-04
   9.03090579E-04
   9.02275322E-04
   9.01471532E-04
   9.00662737E-04
   8.99859180E-04
   8.99053470E-04
   8.98249098E-04
   8.97442631E-04
   8.96637561E-04
   8.95834004E-04
   8.95037258E-04
   8.94240045E-04
   8.93444347E-04
   8.92646436E-04
   8.91854463E-04
   8.91059404E-04
   8.90279072E-04
   8.89494841E-04
   8.88707582E-04
   8.87925155E-04
   8.87137139E-04
   8.86350463E-04
   8.85569665E-04
   8.84789391E-04
   8.84008594E-04
   8.83234432E-04
   8.82454682E-04
   8.81676271E-04
   8.80902866E-04
   8.80135107E-04
   8.79360770E-04
   8.78592138E-04
   8.77825019E-04
   8.77059181E-04
   8.76297301E-04
   8.75535887E-04
   8.74769641E-04
   8.74004734E-04
   8.73241166E-04
   8.72483477E-04
   8.71725962E-04
   8.70975084E-04
   8.70220305E-04
   8.69463373E-04
   8.68711155E-04
   8.67956842E-04
   8.67212482E-04
   8.66465096E-04
   8.65714683E-04
   8.64969043E-04
   8.64228059E-04
   8.63484980E-04
   8.62743182E-04
   8.62006913E-04
   8.61271052E-04
   8.60529603E-04
   8.59789376E-04
   8.59057356E-04
   8.58319690E-04
   8.57586740E-04
   8.56855069E-04
   8.56124563E-04
   8.55395338E-04
   8.54667451E-04
   8.53944104E-04
   8.53215170E-04
   8.52490892E-04
   8.51764460E-04
   8.51039251E-04
   8.50319571E-04
   8.49598553E-04
   8.48880445E-04
   8.48160125E-04
   8.47441901E-04
   8.46724841E-04
   8.46009061E-04
   8.45298695E-04
   8.44584429E-04
   8.43875576E-04
   8.43168818E-04
   8.42462468E-04
   8.41758039E-04
   8.41054833E-04
   8.40347726E-04
   8.39646731E-04
   8.38944688E-04
   8.38245323E-04
   8.37542990E-04
   8.36846710E-04
   8.36150954E-04
   8.35454557E-04
   8.34761828E-04
   8.34067003E-04
   8.33373284E-04
   8.32683232E-04
   8.32000165E-04
   8.31311569E-04
   8.30620760E-04
   8.29934492E-04
   8.29246012E-04
   8.28558637E-04
   8.27876444E-04
   8.27195472E-04
   8.26511532E-04
   8.25828698E-04
   8.25151976E-04
   8.24487128E-04
   8.23814247E-04
   8.23135837E-04
   8.22462782E-04
   8.21790658E-04
   8.21116439E-04
   8.20442452E-04
   8.19777837E-04
   8.19106062E-04
   8.18439468E-04
   8.17770720E-04
   8.17106338E-04
   8.16442189E-04
   8.15776759E-04
   8.15111503E-04
   8.14451370E-04
   8.13792460E-04
   8.13134422E-04
   8.12473474E-04
   8.11817823E-04
   8.11159785E-04
   8.10512458E-04
   8.09855759E-04
   8.09201039E-04
   8.08547251E-04
   8.07901903E-04
   8.07253469E-04
   8.06606025E-04
   8.05956544E-04
   8.05312884E-04
   8.04667827E-04
   8.04024516E-04
   8.03384813E-04
   8.02742899E-04
   8.02101975E-04
   8.01458897E-04
   8.00820068E-04
   8.00186244E-04
   7.99546950E-04
   7.98907946E-04
   7.98269990E-04
   7.97640067E-04
   7.97004148E-04
   7.96369219E-04
   7.95738481E-04
   7.95105530E-04
   7.94475898E-04
   7.93848827E-04
   7.93218962E-04
   7.92595674E-04
   7.91967730E-04
   7.91346189E-04
   7.90732913E-04
   7.90107937E-04
   7.89498095E-04
   7.88875041E-04
   7.88255304E-04
   7.87634170E-04
   7.87014083E-04
   7.86394929E-04
   7.85783923E-04
   7.85168202E-04
   7.84555101E-04
   7.83939846E-04
   7.83325580E-04
   7.82712188E-04
   8.62533925E-04
   8.63278285E-04
   7.80884933E-04
   7.80275383E-04
   7.79666705E-04
   7.79059075E-04
   1.99793326E-03
   7.77858309E-04
   7.77256617E-04
   7.76652712E-04
   7.76052824E-04
   7.75452354E-04
   7.74862245E-04
   7.74262066E-04
   7.73669744E-04
   7.73077598E-04
   7.72487954E-04
   7.71894527E-04
   7.71299005E-04
   7.70704297E-04
   7.70112907E-04
   7.69520062E-04
   7.68928905E-04
   7.68337864E-04
   7.67750782E-04
   7.67161546E-04
   7.66581739E-04
   7.65998906E-04
   7.65415491E-04
   7.64829863E-04
   7.64246564E-04
   7.63668912E-04
   7.63088989E-04
   7.62509124E-04
   7.61927920E-04
   7.61350733E-04
   7.60774245E-04
   7.60195660E-04
   7.59618008E-04
   7.59041228E-04
   7.58471375E-04
   7.57896283E-04
   7.57325848E-04
   7.56761641E-04
   7.56192196E-04
   7.55620538E-04
   7.55052781E-04
   7.54491193E-04
   7.53927452E-04
   7.53361441E-04
   7.52797117E-04
   7.52232911E-04
   7.51667249E-04
   7.51102401E-04
   7.50543724E-04
   7.49980682E-04
   7.49419094E-04
   7.48860650E-04
   7.48300052E-04
   7.47741084E-04
   7.47183687E-04
   7.46625650E-04
   7.46072154E-04
   7.45516561E-04
   7.44964578E-04
   7.44412129E-04
   7.43863289E-04
   7.43310200E-04
   7.42759439E-04
   7.42211007E-04
   7.41663214E-04
   7.41113327E-04
   7.40570249E-04
   7.40024960E-04
   7.39477517E-04
   7.38933799E-04
   7.38391012E-04
   7.37846713E-04
   7.37303926E-04
   7.36767193E-04
   7.36227550E-04
   7.35688664E-04
   7.35147623E-04
   7.34609610E-04
   7.34070200E-04
   7.33534456E-04
   7.32997374E-04
   7.32460292E-04
   7.31923967E-04
   7.31388514E-04
   7.30856613E-04
   7.30322674E-04
   7.29796826E-04
   7.29264459E-04
   7.28732790E-04
   7.28211424E-04
   7.27684936E-04
   7.27155653E-04
   7.26627070E-04
   7.26102211E-04
   7.25575839E-04
   7.25050282E-04
   7.24531303E-04
   7.24006561E-04
   7.35160254E-04
   7.22967961E-04
   7.22449797E-04
   7.21928081E-04
   7.21409917E-04
   7.20891112E-04
   7.20371667E-04
   7.19852920E-04
   7.19334930E-04
   7.18822703E-04
   7.18311931E-04
   7.17800460E-04
   7.17288291E-04
   7.16773968E-04
   7.16261857E-04
   7.15753238E-04
   7.15241127E-04
   7.14729715E-04
   7.14219059E-04
   7.13709160E-04
   7.13203568E-04
   7.12695124E-04
   7.12189474E-04
   7.11685978E-04
   7.11183995E-04
   7.10678403E-04
   7.10179331E-04
   7.09675136E-04
   7.09171640E-04
   7.08675245E-04
   7.08173204E-04
   7.07671861E-04
   7.07178202E-04
   7.06681167E-04
   7.06184772E-04
   7.05686281E-04
   7.05188431E-04
   7.04694830E-04
   7.04198435E-04
   7.03702739E-04
   7.03207741E-04
   7.02713383E-04
   1.10284996E-03
   7.01737299E-04
   7.01247831E-04
   7.00759003E-04
   7.00275123E-04
   6.99784956E-04
   6.99295430E-04
   6.98812888E-04
   6.98324700E-04
   6.97840005E-04
   6.97353156E-04
   6.96869800E-04
   6.96387084E-04
   6.95902330E-04
   6.95422408E-04
   6.94941729E-04
   6.94461691E-04
   6.93979557E-04
   6.93498121E-04
   6.93021517E-04
   6.92541420E-04
   6.92061905E-04
   6.91591471E-04
   6.91113295E-04
   7.66569341E-04
   6.90170797E-04
   6.89697335E-04
   6.89222536E-04
   6.88751810E-04
   6.88277651E-04
   6.87804131E-04
   6.87331194E-04
   6.86860934E-04
   6.86395506E-04
   6.85928680E-04
   6.85458363E-04
   6.84993458E-04
   6.84525119E-04
   6.84058759E-04
   6.83591003E-04
   6.83123886E-04
   6.82657352E-04
   6.82191516E-04
   6.81726262E-04
   6.81264326E-04
   6.80805882E-04
   6.80342608E-04
   6.79883291E-04
   6.79421180E-04
   6.78959710E-04
   6.78501558E-04
   6.78042008E-04
   6.77585194E-04
   6.77128963E-04
   6.76670694E-04
   6.76214288E-04
   6.75757823E-04
   6.75301359E-04
   6.74851530E-04
   6.74397685E-04
   6.73943025E-04
   6.73494360E-04
   6.73040922E-04
   6.72590802E-04
   6.72141265E-04
   6.71692367E-04
   6.71241374E-04
   6.70790963E-04
   6.70343812E-04
   6.69897941E-04
   6.69449335E-04
   6.69007306E-04
   6.68562599E-04
   6.68115797E-04
   6.67674874E-04
   6.67229237E-04
   6.66790816E-04
   6.66346343E-04
   6.65907166E-04
   6.65463915E-04
   6.65021187E-04
   6.64579100E-04
   6.64140214E-04
   6.63699291E-04
   6.63263549E-04
   6.62823790E-04
   6.62391190E-04
   6.61952596E-04
   6.61517202E-04
   6.61084370E-04
   6.60649443E-04
   6.60213118E-04
   6.59779354E-04
   6.59346872E-04
   6.58914272E-04
   6.58480218E-04
   6.58046745E-04
   6.57616416E-04
   6.57186843E-04
   6.56755117E-04
   6.56323915E-04
   6.55898417E-04
   6.55470998E-04
   6.55041484E-04
   6.54613832E-04
   6.54188159E-04
   6.53764873E-04
   6.53337629E-04
   6.52912189E-04
   6.52487972E-04
   6.52062416E-04
   6.51637325E-04
   6.51217415E-04
   6.50793489E-04
   6.50372007E-04
   6.49951107E-04
   6.49528811E-04
   6.49107038E-04
   6.48685847E-04
   6.48267800E-04
   6.47847657E-04
   6.47434499E-04
   6.47018082E-04
   6.46602071E-04
   6.46184140E-04
   6.45766675E-04
   6.45351771E-04
   6.44937973E-04
   6.44524058E-04
   6.44108746E-04
   6.43696636E-04
   6.43282430E-04
   6.42869971E-04
   6.42456813E-04
   6.42044237E-04
   6.41637307E-04
   6.41225721E-04
   6.40814716E-04
   6.40404178E-04
   6.39994221E-04
   6.39584730E-04
   6.39175763E-04
   6.38767378E-04
   1.01454800E-03
   1.00662245E-03
   8.77719081E-04
   8.69721465E-04
   3.20914155E-03
   3.19885928E-03
   4.14693309E-03
   1.25945930E-03
   6.35133998E-04
   6.34730735E-04
   1.03879138E-03
   1.03987113E-03
   6.33528456E-04
   9.14930599E-04
   6.32734038E-04
   6.32336305E-04
   6.31937874E-04
   6.31539850E-04
   6.31142408E-04
   6.30746712E-04
   6.30349037E-04
   6.29954331E-04
   6.29560149E-04
   6.29163871E-04
   6.28768117E-04
   6.28372945E-04
   6.27978181E-04
   6.27587142E-04
   6.27193367E-04
   6.26802619E-04
   6.26409834E-04
   8.62345507E-04
   6.25633867E-04
   6.25245098E-04
   6.24854292E-04
   6.24467037E-04
   6.24077918E-04
   6.23688509E-04
   6.23302185E-04
   6.22915628E-04
   6.22527674E-04
   6.22140884E-04
   6.21757063E-04
   6.21370622E-04
   6.20990875E-04
   6.20607811E-04
   6.20222767E-04
   6.19838247E-04
   6.19454135E-04
   6.19073689E-04
   6.18693011E-04
   6.18311577E-04
   6.17929385E-04
   6.17552607E-04
   6.17171405E-04
   6.16793055E-04
   6.16412726E-04
   6.16035366E-04
   6.15660916E-04
   6.15284429E-04
   6.14905963E-04
   6.14531047E-04
   6.14155957E-04
   6.13778888E-04
   6.13407115E-04
   6.13034645E-04
   6.12658914E-04
   6.12283708E-04
   6.11908908E-04
   6.11538882E-04
   6.11170544E-04
   6.10800693E-04
   6.10430841E-04
   6.10058312E-04
   6.09687413E-04
   6.09317736E-04
   6.08946604E-04
   6.08579488E-04
   6.08211092E-04
   6.07842463E-04
   6.07473077E-04
   6.07104157E-04
   6.06735703E-04
   6.06369518E-04
   6.06001995E-04
   6.05634821E-04
   6.05268113E-04
   6.04901870E-04
   6.04536093E-04
   1.08732923E-03
   1.08614762E-03
   1.00012566E-03
   6.03088702E-04
   6.02725137E-04
   6.02361979E-04
   6.01999229E-04
   6.01638807E-04
   6.01278734E-04
   6.00917905E-04
   6.00558706E-04
   6.00198109E-04
   5.99838560E-04
   5.99478895E-04
   5.99121384E-04
   5.98764920E-04
   5.98407700E-04
   5.98052109E-04
   5.97694539E-04
   5.97339764E-04
   5.96985454E-04
   5.96629165E-04
   5.96273865E-04
   5.95918449E-04
   5.95563382E-04
   5.95208781E-04
   5.94854646E-04
   5.94503246E-04
   5.94149868E-04
   5.93797013E-04
   9.74170282E-04
   5.93095436E-04
   7.38457369E-04
   6.41711289E-04
   6.37579127E-04
   1.98286539E-03
   7.56130554E-04
   7.56702444E-04
   5.90653159E-04
   5.90304378E-04
   5.89956006E-04
   5.89613279E-04
   5.89266943E-04
   5.88919851E-04
   5.88573632E-04
   5.88229741E-04
   5.87883813E-04
   5.87543589E-04
   5.87199698E-04
   5.86857321E-04
   5.86515409E-04
   5.86175593E-04
   5.85832109E-04
   5.85488975E-04
   5.85147412E-04
   5.84809284E-04
   5.84467314E-04
   5.84128080E-04
   5.83789370E-04
   5.83448680E-04
   5.83110668E-04
   5.82770794E-04
   5.82431268E-04
   5.82094479E-04
   5.81755710E-04
   5.81417407E-04
   5.81080036E-04
   5.80742548E-04
   5.80406515E-04
   5.80069725E-04
   5.79738058E-04
   5.79403189E-04
   5.79069892E-04
   5.78734674E-04
   5.78401494E-04
   5.78069361E-04
   5.77735307E-04
   5.77403989E-04
   5.77072962E-04
   5.76740014E-04
   5.76407532E-04
   5.76076563E-04
   5.75747108E-04
   5.75418002E-04
   5.75086975E-04
   5.74756355E-04
   5.74434642E-04
   5.74104721E-04
   5.73775265E-04
   5.73448488E-04
   5.73123689E-04
   5.72798715E-04
   5.72471297E-04
   5.72143646E-04
   5.71818091E-04
   5.71492885E-04
   5.71168086E-04
   5.70841949E-04
   5.70516218E-04
   5.70192526E-04
   5.69869182E-04
   5.69546188E-04
   5.69221913E-04
   5.68897987E-04
   5.68574469E-04
   5.68255316E-04
   5.67934185E-04
   5.67611714E-04
   5.67289651E-04
   5.66970150E-04
   5.66648785E-04
   5.66327770E-04
   5.66011120E-04
   5.65692550E-04
   5.65374328E-04
   5.65057038E-04
   5.64740680E-04
   5.64421876E-04
   5.64103364E-04
   5.63785259E-04
   5.63467445E-04
   5.63156267E-04
   5.62839210E-04
   5.62522502E-04
   5.62206202E-04
   5.62702015E-04
   5.63018781E-04
   6.88381493E-04
   5.60952758E-04
   5.60638146E-04
   5.60324464E-04
   5.60012297E-04
   5.59698790E-04
   5.59385575E-04
   7.20304728E-04
   7.20823766E-04
   7.21343560E-04
   5.58138650E-04
   2.67246482E-03
   5.57518390E-04
   1.06017047E-03
   1.06129504E-03
   5.56596147E-04
   5.56286366E-04
   5.55977633E-04
   5.55669656E-04
   5.55362669E-04
   5.55055973E-04
   5.54747938E-04
   5.54440310E-04
   5.54132974E-04
   5.53825987E-04
   5.53519349E-04
   5.53215330E-04
   5.52911544E-04
   5.52608049E-04
   5.52304962E-04
   5.52000012E-04
   5.51697565E-04
   5.51393314E-04
   5.51090459E-04
   5.50792378E-04
   5.50490746E-04
   5.50189463E-04
   5.49889519E-04
   5.49587246E-04
   5.49285265E-04
   5.48983691E-04
   5.48682350E-04
   5.48382523E-04
   5.48081880E-04
   5.47783740E-04
   5.47483796E-04
   5.47184143E-04
   5.46886411E-04
   5.46589086E-04
   5.46291936E-04
   5.45996940E-04
   5.45698917E-04
   5.45401184E-04
   5.45104849E-04
   5.44809387E-04
   5.44512644E-04
   5.44216251E-04
   5.43920149E-04
   5.43624396E-04
   5.43331204E-04
   5.43036091E-04
   5.42741269E-04
   5.42446738E-04
   5.42152615E-04
   5.41858783E-04
   1.51338428E-03
   5.41277404E-04
   5.40984445E-04
   5.40692941E-04
   5.40400681E-04
   5.40113018E-04
   5.39823493E-04
   5.39532222E-04
   5.39244909E-04
   5.38956316E-04
   5.38668653E-04
   5.38378546E-04
   5.38088789E-04
   5.37799264E-04
   5.37513406E-04
   5.37224580E-04
   5.36939770E-04
   5.36651583E-04
   5.36363630E-04
   5.36077656E-04
   5.35790343E-04
   5.35506580E-04
   5.35219908E-04
   6.08713657E-04
   5.34650637E-04
   5.34366467E-04
   5.34080958E-04
   5.33796905E-04
   5.33512095E-04
   5.33227518E-04
   5.32944279E-04
   5.32660284E-04
   5.32380946E-04
   5.32099162E-04
   5.31817204E-04
   5.31536061E-04
   5.31255209E-04
   5.30972960E-04
   5.30691119E-04
   5.30413876E-04
   5.30132558E-04
   5.29851590E-04
   5.29572484E-04
   5.29292156E-04
   5.29012526E-04
   5.28732780E-04
   5.28454897E-04
   5.28177770E-04
   5.27898897E-04
   5.27620257E-04
   5.27343538E-04
   5.27065538E-04
   5.26787771E-04
   5.26510295E-04
   5.26233169E-04
   5.25956333E-04
   5.25679730E-04
   8.49808333E-04
   5.25133335E-04
   5.24857605E-04
   5.24584320E-04
   5.24309173E-04
   5.59070671E-04
   5.59383305E-04
   6.71917747E-04
   6.71466405E-04
   9.48264729E-04
   5.22673829E-04
   6.10190560E-04
   6.10562973E-04
   5.21856884E-04
   5.21584589E-04
   1.58509880E-03
   6.11421827E-04
   6.11694879E-04
   8.44502181E-04
   8.43789312E-04
   7.31675711E-04
   5.19698660E-04
   5.19429741E-04
   5.19160531E-04
   5.18891087E-04
   5.18626010E-04
   5.18357090E-04
   5.18088462E-04
   5.17821696E-04
   5.17554698E-04
   5.17286884E-04
   5.17020933E-04
   5.16755797E-04
   5.16488857E-04
   5.16222673E-04
   5.15956257E-04
   5.15690132E-04
   5.15425752E-04
   5.15160151E-04
   5.14895306E-04
   5.14633430E-04
   5.14372194E-04
   5.14109212E-04
   5.13845007E-04
   5.13580977E-04
   5.13318868E-04
   5.13055420E-04
   5.12792321E-04
   5.12529397E-04
   8.03126197E-04
   5.44482726E-04
   5.11744467E-04
   5.11482649E-04
   9.77611984E-04
   5.40619134E-04
   6.78979442E-04
   5.10444166E-04
   5.83593326E-04
   5.83252870E-04
   5.09670645E-04
   5.09411853E-04
   5.09152422E-04
   5.08893805E-04
   5.08636411E-04
   5.08377794E-04
   5.08119934E-04
   5.07861783E-04
   5.07603923E-04
   5.07346354E-04
   5.07088960E-04
   5.06831915E-04
   5.06575103E-04
   5.06318582E-04
   5.06062293E-04
   5.05808217E-04
   5.05552453E-04
   5.05296921E-04
   5.05041622E-04
   5.04788128E-04
   5.04533411E-04
   5.04280906E-04
   5.04026655E-04
   5.03776246E-04
   5.03524498E-04
   5.03271003E-04
   5.03017800E-04
   5.02766867E-04
   5.02515701E-04
   5.02263196E-04
   5.02014998E-04
   5.01764473E-04
   5.01512841E-04
   5.01264411E-04
   5.01013186E-04
   5.00763708E-04
   5.00513008E-04
   5.00262540E-04
   5.00013877E-04
   4.99763875E-04
