   0.00000000       0.00000000       0.00000000       1.00000000    
   1.73863955E-02   8.54881946E-03   4.25140886E-03  0.999803245    
   3.42057273E-02   1.65408161E-02   8.17058887E-03  0.999244511    
   5.04637025E-02   2.40012594E-02   1.17596509E-02  0.998368204    
   6.61671609E-02   3.09548900E-02   1.50218541E-02  0.997215152    
   8.13238993E-02   3.74258161E-02   1.79614425E-02  0.995822847    
   9.59425196E-02   4.34374399E-02   2.05834955E-02  0.994225621    
  0.110032305       4.90123928E-02   2.28937883E-02  0.992454827    
  0.123603068       5.41724935E-02   2.48986762E-02  0.990539074    
  0.136665076       5.89387231E-02   2.66049840E-02  0.988504469    
  0.149228916       6.33311942E-02   2.80199088E-02  0.986374557    
  0.161305442       6.73691630E-02   2.91509405E-02  0.984170794    
  0.172905684       7.10710064E-02   3.00057773E-02  0.981912494    
  0.184040755       7.44542480E-02   3.05922702E-02  0.979617059    
  0.194721863       7.75355622E-02   3.09183598E-02  0.977300167    
  0.204960167       8.03307965E-02   3.09920236E-02  0.974975765    
  0.214766830       8.28549936E-02   3.08212433E-02  0.972656310    
  0.224152893       8.51223990E-02   3.04139573E-02  0.970352829    
  0.233129308       8.71465132E-02   2.97780372E-02  0.968075097    
  0.241706878       8.89401063E-02   2.89212558E-02  0.965831697    
  0.249896243       9.05152410E-02   2.78512724E-02  0.963630140    
  0.257707864       9.18833166E-02   2.65756063E-02  0.961476862    
  0.265151978       9.30550843E-02   2.51016319E-02  0.959377408    
  0.272238642       9.40406844E-02   2.34365575E-02  0.957336485    
  0.278977662       9.48496759E-02   2.15874240E-02  0.955358028    
  0.285378665       9.54910666E-02   1.95610970E-02  0.953445256    
  0.291450977       9.59733427E-02   1.73642598E-02  0.951600730    
  0.297202379       9.63037014E-02   1.50020709E-02  0.949827015    
  0.302643120       9.64904502E-02   1.24821840E-02  0.948125005    
  0.307781845       9.65406597E-02   9.81073175E-03  0.946495712    
  0.312626958       9.64609832E-02   6.99366257E-03  0.944939613    
  0.317186624       9.62576717E-02   4.03674506E-03  0.943456888    
  0.321468771       9.59366113E-02   9.45568783E-04  0.942047358    
  0.325481147       9.55033377E-02  -2.27445108E-03  0.940710425    
  0.329231203       9.49630514E-02  -5.61806979E-03  0.939445257    
  0.332726210       9.43206400E-02  -9.08020977E-03  0.938250780    
  0.335973203       9.35807079E-02  -1.26559548E-02  0.937125683    
  0.338979006       9.27475914E-02  -1.63405463E-02  0.936068475    
  0.341750264       9.18253586E-02  -2.01293770E-02  0.935077429    
  0.344293416       9.08178389E-02  -2.40179878E-02  0.934150636    
  0.346614689       8.97286460E-02  -2.80020591E-02  0.933286130    
  0.348720133       8.85611698E-02  -3.20774093E-02  0.932481825    
  0.350615621       8.73186141E-02  -3.62399891E-02  0.931735456    
  0.352306813       8.60039964E-02  -4.04858775E-02  0.931044698    
  0.353799254       8.46201554E-02  -4.48112674E-02  0.930407226    
  0.355098307       8.31697658E-02  -4.92124781E-02  0.929820538    
  0.356209189       8.16553608E-02  -5.36859371E-02  0.929282188    
  0.357136905       8.00793245E-02  -5.82281835E-02  0.928789616    
  0.357886404       7.84439147E-02  -6.28358498E-02  0.928340256    
  0.358462423       7.67512619E-02  -6.75056800E-02  0.927931607    
  0.358869612       7.50033781E-02  -7.22345039E-02  0.927560985    
  0.359112442       7.32021704E-02  -7.70192519E-02  0.927225888    
  0.359195292       7.13494495E-02  -8.18569288E-02  0.926923692    
  0.359122425       6.94469288E-02  -8.67446363E-02  0.926651835    
  0.358897954       6.74962252E-02  -9.16795507E-02  0.926407814    
  0.358525932       6.54988885E-02  -9.66589302E-02  0.926189065    
  0.358010262       6.34563863E-02 -0.101680100      0.925993085    
  0.357354760       6.13701046E-02 -0.106740467      0.925817370    
  0.356563151       5.92413768E-02 -0.111837499      0.925659537    
  0.355639070       5.70714697E-02 -0.116968729      0.925517201    
  0.354586035       5.48615865E-02 -0.122131757      0.925387979    
  0.353407472       5.26128821E-02 -0.127324253      0.925269544    
  0.352106780       5.03264591E-02 -0.132543936      0.925159633    
  0.350687206       4.80033718E-02 -0.137788579      0.925056040    
  0.349151969       4.56446297E-02 -0.143056035      0.924956560    
  0.347504199       4.32512015E-02 -0.148344174      0.924859107    
  0.345746964       4.08240184E-02 -0.153650939      0.924761593    
  0.343883246       3.83639745E-02 -0.158974320      0.924662054    
  0.341915935       3.58719304E-02 -0.164312363      0.924558461    
  0.339847922       3.33487131E-02 -0.169663161      0.924448967    
  0.337681979       3.07951216E-02 -0.175024837      0.924331665    
  0.335420877       2.82119289E-02 -0.180395573      0.924204826    
  0.333067268       2.55998783E-02 -0.185773581      0.924066663    
  0.330623776       2.29596924E-02 -0.191157132      0.923915505    
  0.328092963       2.02920698E-02 -0.196544543      0.923749745    
  0.325477362       1.75976865E-02 -0.201934144      0.923567832    
  0.322779447       1.48771973E-02 -0.207324326      0.923368216    
  0.320001602       1.21312412E-02 -0.212713510      0.923149467    
  0.317146242       9.36043635E-03 -0.218100160      0.922910154    
  0.314215660       6.56538643E-03 -0.223482788      0.922648907    
  0.311212152       3.74667835E-03 -0.228859901      0.922364473    
  0.308137983       9.04883724E-04 -0.234230086      0.922055602    
  0.304995328      -1.95943983E-03 -0.239591956      0.921721101    
  0.301786363      -4.84574866E-03 -0.244944140      0.921359837    
  0.298513204      -7.75351189E-03 -0.250285298      0.920970738    
  0.295177937      -1.06822094E-02 -0.255614161      0.920552731    
  0.291782588      -1.36313345E-02 -0.260929465      0.920104861    
  0.288329214      -1.66003909E-02 -0.266229957      0.919626176    
  0.284819752      -1.95888933E-02 -0.271514446      0.919115841    
  0.281256169      -2.25963648E-02 -0.276781768      0.918572962    
  0.277640373      -2.56223418E-02 -0.282030791      0.917996764    
  0.273974240      -2.86663659E-02 -0.287260413      0.917386472    
  0.270259649      -3.17279883E-02 -0.292469531      0.916741371    
  0.266498387      -3.48067731E-02 -0.297657102      0.916060805    
  0.262692273      -3.79022881E-02 -0.302822113      0.915344179    
  0.258843064      -4.10141125E-02 -0.307963550      0.914590955    
  0.254952490      -4.41418290E-02 -0.313080460      0.913800538    
  0.251022279      -4.72850353E-02 -0.318171918      0.912972450    
  0.247054115      -5.04433289E-02 -0.323236972      0.912106216    
  0.243049651      -5.36163189E-02 -0.328274757      0.911201417    
  0.239010513      -5.68036214E-02 -0.333284408      0.910257638    
  0.234938323      -6.00048602E-02 -0.338265091      0.909274578    
  0.230834678      -6.32196665E-02 -0.343216002      0.908251941    
  0.226701140      -6.64476752E-02 -0.348136336      0.907189369    
  0.222539246      -6.96885288E-02 -0.353025317      0.906086683    
  0.218350530      -7.29418769E-02 -0.357882231      0.904943645    
  0.214136496      -7.62073770E-02 -0.362706333      0.903760076    
  0.209898636      -7.94846937E-02 -0.367496967      0.902535796    
  0.205638394      -8.27734992E-02 -0.372253418      0.901270747    
  0.201357231      -8.60734731E-02 -0.376975060      0.899964750    
  0.197056577      -8.93842950E-02 -0.381661266      0.898617804    
  0.192737833      -9.27056521E-02 -0.386311412      0.897229850    
  0.188402399      -9.60372463E-02 -0.390924901      0.895800889    
  0.184051663      -9.93787795E-02 -0.395501196      0.894330919    
  0.179686964     -0.102729961     -0.400039732      0.892820001    
  0.175309673     -0.106090516     -0.404539973      0.891268134    
  0.170921117     -0.109460160     -0.409001440      0.889675438    
  0.166522607     -0.112838626     -0.413423598      0.888042033    
  0.162115455     -0.116225645     -0.417806000      0.886368096    
  0.157700941     -0.119620971     -0.422148198      0.884653747    
  0.153280362     -0.123024344     -0.426449746      0.882899106    
  0.148854986     -0.126435533     -0.430710226      0.881104410    
  0.144426063     -0.129854292     -0.434929222      0.879269898    
  0.139994845     -0.133280396     -0.439106345      0.877395809    
  0.135562569     -0.136713639     -0.443241239      0.875482380    
  0.131130472     -0.140153795     -0.447333544      0.873529851    
  0.126699761     -0.143600658     -0.451382905      0.871538579    
  0.122271657     -0.147054017     -0.455389023      0.869508803    
  0.117847353     -0.150513694     -0.459351540      0.867440939    
  0.113428056     -0.153979495     -0.463270187      0.865335286    
  0.109014951     -0.157451257     -0.467144668      0.863192201    
  0.104609221     -0.160928801     -0.470974684      0.861012042    
  0.100212052     -0.164411977     -0.474759996      0.858795226    
   9.58246142E-02 -0.167900622     -0.478500336      0.856542170    
   9.14480761E-02 -0.171394587     -0.482195497      0.854253292    
   8.70836005E-02 -0.174893737     -0.485845208      0.851929069    
   8.27323571E-02 -0.178397939     -0.489449263      0.849569917    
   7.83955008E-02 -0.181907088     -0.493007451      0.847176313    
   7.40741938E-02 -0.185421050     -0.496519566      0.844748735    
   6.97695911E-02 -0.188939735     -0.499985427      0.842287719    
   6.54828474E-02 -0.192463040     -0.503404856      0.839793801    
   6.12151176E-02 -0.195990875     -0.506777644      0.837267458    
   5.69675602E-02 -0.199523166     -0.510103643      0.834709287    
   5.27413338E-02 -0.203059837     -0.513382673      0.832119823    
   4.85375933E-02 -0.206600830     -0.516614616      0.829499662    
   4.43574972E-02 -0.210146099     -0.519799292      0.826849401    
   4.02022116E-02 -0.213695601     -0.522936523      0.824169636    
   3.60728987E-02 -0.217249289     -0.526026249      0.821460962    
   3.19707319E-02 -0.220807150     -0.529068291      0.818724036    
   2.78968792E-02 -0.224369153     -0.532062471      0.815959573    
   2.38525216E-02 -0.227935299     -0.535008729      0.813168168    
   1.98388416E-02 -0.231505603     -0.537906885      0.810350537    
   1.58570260E-02 -0.235080063     -0.540756822      0.807507396    
   1.19082732E-02 -0.238658696     -0.543558419      0.804639459    
   7.99378380E-03 -0.242241547     -0.546311557      0.801747501    
   4.11476661E-03 -0.245828643     -0.549016058      0.798832238    
   2.72439094E-04 -0.249420047     -0.551671863      0.795894444    
  -3.53197288E-03 -0.253015816     -0.554278791      0.792934895    
  -7.29723461E-03 -0.256616026     -0.556836724      0.789954424    
  -1.10221021E-02 -0.260220736     -0.559345543      0.786953866    
  -1.47053218E-02 -0.263830036     -0.561805069      0.783934116    
  -1.83456279E-02 -0.267444044     -0.564215183      0.780895948    
  -2.19417457E-02 -0.271062851     -0.566575706      0.777840316    
  -2.54923888E-02 -0.274686605     -0.568886518      0.774768114    
  -2.89962571E-02 -0.278315395     -0.571147442      0.771680295    
  -3.24520394E-02 -0.281949401     -0.573358297      0.768577814    
  -3.58584113E-02 -0.285588741     -0.575518847      0.765461624    
  -3.92140374E-02 -0.289233565     -0.577628970      0.762332737    
  -4.25175652E-02 -0.292884052     -0.579688430      0.759192169    
  -4.57676277E-02 -0.296540380     -0.581696987      0.756040990    
  -4.89628464E-02 -0.300202757     -0.583654463      0.752880275    
  -5.21018244E-02 -0.303871334     -0.585560560      0.749711096    
  -5.51831499E-02 -0.307546347     -0.587415040      0.746534646    
  -5.82053959E-02 -0.311228007     -0.589217544      0.743352056    
  -6.11671209E-02 -0.314916521     -0.590967834      0.740164518    
  -6.40668646E-02 -0.318612099     -0.592665613      0.736973226    
  -6.69031516E-02 -0.322315007     -0.594310462      0.733779490    
  -6.96744919E-02 -0.326025486     -0.595902085      0.730584562    
  -7.23793730E-02 -0.329743773     -0.597440064      0.727389812    
  -7.50162601E-02 -0.333470136     -0.598923922      0.724196553    
  -7.75836110E-02 -0.337204844     -0.600353301      0.721006155    
  -8.00798610E-02 -0.340948164     -0.601727664      0.717820108    
  -8.25034305E-02 -0.344700396     -0.603046477      0.714639843    
  -8.48527104E-02 -0.348461807     -0.604309261      0.711466849    
  -8.71260911E-02 -0.352232665     -0.605515361      0.708302677    
  -8.93219262E-02 -0.356013298     -0.606664181      0.705148935    
  -9.14385617E-02 -0.359803975     -0.607755065      0.702007234    
  -9.34743285E-02 -0.363605022     -0.608787298      0.698879302    
  -9.54275280E-02 -0.367416710     -0.609760106      0.695766807    
  -9.72964466E-02 -0.371239364     -0.610672712      0.692671537    
  -9.90793556E-02 -0.375073284     -0.611524224      0.689595342    
 -0.100774512     -0.378918767     -0.612313747      0.686540067    
 -0.102380149     -0.382776111     -0.613040328      0.683507621    
 -0.103894480     -0.386645645     -0.613702893      0.680499971    
 -0.105315715     -0.390527636     -0.614300370      0.677519143    
 -0.106642038     -0.394422412     -0.614831567      0.674567223    
 -0.107871622     -0.398330241     -0.615295231      0.671646357    
 -0.109002620     -0.402251393     -0.615690053      0.668758810    
 -0.110033184     -0.406186134     -0.616014659      0.665906787    
 -0.110961445     -0.410134763     -0.616267502      0.663092613    
 -0.111785516     -0.414097518     -0.616447031      0.660318673    
