   1.57079995      0.785399973      0.392699987    
   1.52049482      0.734767199      0.363407791    
   1.47119045      0.686352313      0.334767371    
   1.42288375      0.640056252      0.306794375    
   1.37557006      0.595783293      0.279501289    
   1.32924390      0.553441346      0.252897650    
   1.28389859      0.512941658      0.226990238    
   1.23952687      0.474198878      0.201783419    
   1.19612014      0.437131166      0.177279294    
   1.15366936      0.401660055      0.153477907    
   1.11216474      0.367710292      0.130377412    
   1.07159567      0.335209846      0.107974350    
   1.03195119      0.304089934       8.62637535E-02
  0.993219793      0.274284750       6.52393252E-02
  0.955389500      0.245731503       4.48935553E-02
  0.918447912      0.218370304       2.52178982E-02
  0.882382274      0.192144051       6.20291941E-03
  0.847179651      0.166998342      -1.21616460E-02
  0.812826753      0.142881319      -2.98867356E-02
  0.779310107      0.119743705      -4.69838828E-02
  0.746616125       9.75385755E-02  -6.34651110E-02
  0.714731038       7.62213394E-02  -7.93428421E-02
  0.683641076       5.57495952E-02  -9.46298391E-02
  0.653332293       3.60830650E-02 -0.109339148    
  0.623790801       1.71835143E-02 -0.123483993    
  0.595002592      -9.85387713E-04 -0.137077734    
  0.566835046      -1.85614247E-02 -0.150239244    
  0.539511859      -3.53700668E-02 -0.162771821    
  0.512900412      -5.15463203E-02 -0.174793705    
  0.486986935      -6.71196282E-02 -0.186318368    
  0.461757779      -8.21179003E-02 -0.197359219    
  0.437199384      -9.65676010E-02 -0.207929552    
  0.413298279     -0.110493839     -0.218042552    
  0.390041202     -0.123920396     -0.227711231    
  0.367414951     -0.136869833     -0.236948460    
  0.345406562     -0.149363533     -0.245766908    
  0.324003100     -0.161421761     -0.254179060    
  0.303191930     -0.173063725     -0.262197167    
  0.282960504     -0.184307635     -0.269833267    
  0.263296455     -0.195170745     -0.277099162    
  0.244187608     -0.205669433     -0.284006447    
  0.225621983     -0.215819210     -0.290566415    
  0.207587749     -0.225634784     -0.296790153    
  0.190073296     -0.235130116     -0.302688509    
  0.173067197     -0.244318426     -0.308272034    
  0.156558201     -0.253212273     -0.313551068    
  0.140535250     -0.261823535     -0.318535656    
  0.124987498     -0.270163536     -0.323235631    
  0.109904282     -0.278242975     -0.327660531    
   9.52751338E-02 -0.286072046     -0.331819683    
   8.10897648E-02 -0.293660402     -0.335722119    
   6.73380867E-02 -0.301017255     -0.339376688    
   5.40102124E-02 -0.308151305     -0.342791945    
   4.10964265E-02 -0.315070808     -0.345976233    
   2.85872146E-02 -0.321783662     -0.348937660    
   1.64732449E-02 -0.328297377     -0.351684123    
   4.74537071E-03 -0.334619045     -0.354223222    
  -6.60536904E-03 -0.340755463     -0.356562406    
  -1.75877512E-02 -0.346713066     -0.358708888    
  -2.82103829E-02 -0.352497995     -0.360669672    
  -3.84816825E-02 -0.358116120     -0.362451524    
  -4.84098867E-02 -0.363572985     -0.364061058    
  -5.80030754E-02 -0.368873924     -0.365504652    
  -6.72691539E-02 -0.374024004     -0.366788477    
  -7.62158409E-02 -0.379028052     -0.367918581    
  -8.48506987E-02 -0.383890659     -0.368900776    
  -9.31811258E-02 -0.388616264     -0.369740695    
 -0.101214349     -0.393209040     -0.370443851    
 -0.108957455     -0.397673041     -0.371015519    
 -0.116417348     -0.402012080     -0.371460855    
 -0.123600788     -0.406229854     -0.371784836    
 -0.130514383     -0.410329878     -0.371992260    
 -0.137164578     -0.414315492     -0.372087836    
 -0.143557683     -0.418189943     -0.372076094    
 -0.149699852     -0.421956301     -0.371961415    
 -0.155597091     -0.425617516     -0.371748030    
 -0.161255270     -0.429176450     -0.371440083    
 -0.166680112     -0.432635814     -0.371041536    
 -0.171877220     -0.435998201     -0.370556265    
 -0.176852033     -0.439266115     -0.369987994    
 -0.181609884     -0.442441970     -0.369340360    
 -0.186155945     -0.445528090     -0.368616849    
 -0.190495297     -0.448526651     -0.367820829    
 -0.194632843     -0.451439828     -0.366955608    
 -0.198573411     -0.454269648     -0.366024375    
 -0.202321678     -0.457018077     -0.365030169    
 -0.205882192     -0.459686995     -0.363975972    
 -0.209259391     -0.462278247     -0.362864673    
 -0.212457597     -0.464793563     -0.361699075    
 -0.215481028     -0.467234641     -0.360481858    
 -0.218333751     -0.469603091     -0.359215647    
 -0.221019760     -0.471900493     -0.357902944    
 -0.223542914     -0.474128306     -0.356546193    
 -0.225906998     -0.476288021     -0.355147779    
 -0.228115648     -0.478380978     -0.353709966    
 -0.230172396     -0.480408549     -0.352234989    
 -0.232080698     -0.482371986     -0.350724965    
 -0.233843893     -0.484272540     -0.349181980    
 -0.235465214     -0.486111403     -0.347608030    
 -0.236947805     -0.487889677     -0.346005052    
 -0.238294676     -0.489608496     -0.344374925    
 -0.239508808     -0.491268873     -0.342719436    
 -0.240593046     -0.492871821     -0.341040343    
 -0.241550133     -0.494418293     -0.339339346    
 -0.242382720     -0.495909214     -0.337618083    
 -0.243093386     -0.497345477     -0.335878104    
 -0.243684635     -0.498727918     -0.334120959    
 -0.244158849     -0.500057340     -0.332348108    
 -0.244518325     -0.501334488     -0.330560982    
 -0.244765282     -0.502560079     -0.328760952    
 -0.244901836     -0.503734827     -0.326949358    
 -0.244930074     -0.504859388     -0.325127453    
 -0.244851947     -0.505934358     -0.323296487    
 -0.244669348     -0.506960332     -0.321457654    
 -0.244384065     -0.507937789     -0.319612086    
 -0.243997827     -0.508867323     -0.317760915    
 -0.243512288     -0.509749353     -0.315905184    
 -0.242928997     -0.510584354     -0.314045936    
 -0.242249459     -0.511372685     -0.312184155    
 -0.241475075     -0.512114763     -0.310320795    
 -0.240607172     -0.512810886     -0.308456749    
 -0.239647046     -0.513461411     -0.306592911    
 -0.238595873     -0.514066517     -0.304730117    
 -0.237454742     -0.514626503     -0.302869201    
 -0.236224711     -0.515141547     -0.301010907    
 -0.234906778     -0.515611768     -0.299155980    
 -0.233501822     -0.516037345     -0.297305137    
 -0.232010663     -0.516418397     -0.295459032    
 -0.230434060     -0.516754925     -0.293618321    
 -0.228772700     -0.517046988     -0.291783631    
 -0.227027208     -0.517294526     -0.289955527    
 -0.225198120     -0.517497540     -0.288134545    
 -0.223285943     -0.517655909     -0.286321223    
 -0.221291065     -0.517769516     -0.284516037    
 -0.219213858     -0.517838240     -0.282719463    
 -0.217054591     -0.517861843     -0.280931920    
 -0.214813486     -0.517840147     -0.279153794    
 -0.212490663     -0.517772853     -0.277385443    
 -0.210086212     -0.517659605     -0.275627226    
 -0.207600161     -0.517500103     -0.273879439    
 -0.205032468     -0.517293930     -0.272142351    
 -0.202382997     -0.517040670     -0.270416230    
 -0.199651584     -0.516739905     -0.268701285    
 -0.196837962     -0.516391039     -0.266997665    
 -0.193941832     -0.515993595     -0.265305549    
 -0.190962821     -0.515546918     -0.263625026    
 -0.187900469     -0.515050411     -0.261956215    
 -0.184754297     -0.514503360     -0.260299116    
 -0.181523740     -0.513905048     -0.258653760    
 -0.178208143     -0.513254702     -0.257020146    
 -0.174806803     -0.512551486     -0.255398184    
 -0.171318978     -0.511794567     -0.253787786    
 -0.167743847     -0.510982990     -0.252188802    
 -0.164080501     -0.510115802     -0.250601053    
 -0.160327986     -0.509192050     -0.249024317    
 -0.156485304     -0.508210599     -0.247458339    
 -0.152551338     -0.507170320     -0.245902807    
 -0.148524940     -0.506070077     -0.244357362    
 -0.144404903     -0.504908681     -0.242821589    
 -0.140189946     -0.503684819     -0.241295040    
 -0.135878712     -0.502397180     -0.239777207    
 -0.131469801     -0.501044333     -0.238267526    
 -0.126961708     -0.499624848     -0.236765385    
 -0.122352891     -0.498137236     -0.235270098    
 -0.117641747     -0.496579915     -0.233780921    
 -0.112826586     -0.494951248     -0.232297048    
 -0.107905649     -0.493249565     -0.230817616    
 -0.102877125     -0.491473109     -0.229341671    
  -9.77391154E-02 -0.489620060     -0.227868199    
  -9.24896598E-02 -0.487688541     -0.226396099    
  -8.71267393E-02 -0.485676587     -0.224924207    
  -8.16482455E-02 -0.483582169     -0.223451242    
  -7.60520101E-02 -0.481403232     -0.221975863    
  -7.03357905E-02 -0.479137599     -0.220496625    
  -6.44972697E-02 -0.476783037     -0.219011977    
  -5.85340708E-02 -0.474337220     -0.217520282    
  -5.24437204E-02 -0.471797794     -0.216019779    
  -4.62236851E-02 -0.469162315     -0.214508593    
  -3.98713425E-02 -0.466428250     -0.212984756    
  -3.33840139E-02 -0.463592976     -0.211446136    
  -2.67589260E-02 -0.460653812     -0.209890500    
  -1.99932363E-02 -0.457608014     -0.208315477    
  -1.30840298E-02 -0.454452723     -0.206718534    
  -6.02829270E-03 -0.451185018     -0.205096990    
   1.17706554E-03 -0.447801888     -0.203448012    
   8.53520166E-03 -0.444300264     -0.201768592    
   1.60493702E-02 -0.440676957     -0.200055555    
   2.37229094E-02 -0.436928719     -0.198305547    
   3.15592401E-02 -0.433052212     -0.196514994    
   3.95618640E-02 -0.429044008     -0.194680154    
   4.77343872E-02 -0.424900591     -0.192797050    
   5.60804941E-02 -0.420618385     -0.190861478    
   6.46039695E-02 -0.416193724     -0.188868999    
   7.33086839E-02 -0.411622852     -0.186814949    
   8.21986124E-02 -0.406901926     -0.184694380    
   9.12778154E-02 -0.402027011     -0.182502091    
  0.100550458     -0.396994144     -0.180232570    
  0.110020816     -0.391799241     -0.177880034    
  0.119693257     -0.386438131     -0.175438374    
  0.129572257     -0.380906612     -0.172901139    
  0.132749766     -0.380874306     -0.170816660    
