   0.00000000       0.00000000       0.00000000    
   8.79978854E-03   1.69472545E-02   3.48506942E-02
   1.74705293E-02   3.25034000E-02   6.87204152E-02
   2.59345546E-02   4.67543490E-02  0.101612821    
   3.41240130E-02   5.97850718E-02  0.133530095    
   4.19801548E-02   7.16789439E-02  0.164473817    
   4.94526252E-02   8.25171843E-02  0.194445655    
   5.64988218E-02   9.23783928E-02  0.223447978    
   6.30832538E-02  0.101338200      0.251484066    
   6.91769198E-02  0.109468937      0.278558582    
   7.47567639E-02  0.116839454      0.304677516    
   7.98050463E-02  0.123514928      0.329848289    
   8.43088329E-02  0.129556805      0.354079813    
   8.82594660E-02  0.135022759      0.377382308    
   9.16520804E-02  0.139966637      0.399767458    
   9.44851115E-02  0.144438609      0.421247870    
   9.67599303E-02  0.148485139      0.441837490    
   9.84803513E-02  0.152149111      0.461550951    
   9.96523499E-02  0.155470029      0.480403900    
  0.100283690      0.158484027      0.498412400    
  0.100383639      0.161224127      0.515593410    
   9.99626666E-02  0.163720295      0.531963825    
   9.90322605E-02  0.165999725      0.547541320    
   9.76046473E-02  0.168086872      0.562343359    
   9.56926793E-02  0.170003682      0.576387763    
   9.33096111E-02  0.171769813      0.589692473    
   9.04689729E-02  0.173402622      0.602275193    
   8.71811286E-02  0.174917012      0.614150405    
   8.34631696E-02  0.176327005      0.625339031    
   7.93288499E-02  0.177644372      0.635858595    
   7.47917742E-02  0.178879231      0.645726085    
   6.98654652E-02  0.180040196      0.654958785    
   6.45631477E-02  0.181134596      0.663573265    
   5.88979311E-02  0.182168439      0.671586156    
   5.28825298E-02  0.183146626      0.679013669    
   4.65294272E-02  0.184073016      0.685871780    
   3.98507901E-02  0.184950516      0.692176163    
   3.28584649E-02  0.185781255      0.697942257    
   2.55639739E-02  0.186566502      0.703185081    
   1.79785453E-02  0.187306881      0.707919657    
   1.01130297E-02  0.188002378      0.712160408    
   1.97801692E-03  0.188652471      0.715921760    
  -6.41623512E-03  0.189256087      0.719217658    
  -1.50597673E-02  0.189811751      0.722061872    
  -2.39429139E-02  0.190317616      0.724467993    
  -3.30562703E-02  0.190771505      0.726449251    
  -4.23907079E-02  0.191170886      0.728018880    
  -5.19373640E-02  0.191513106      0.729189515    
  -6.16876036E-02  0.191795200      0.729973793    
  -7.16330111E-02  0.192014068      0.730384350    
  -8.17654282E-02  0.192166492      0.730433166    
  -9.20768678E-02  0.192249104      0.730132401    
 -0.102559499      0.192258462      0.729493797    
 -0.113205798      0.192191124      0.728529036    
 -0.124008283      0.192043543      0.727249503    
 -0.134959713      0.191812217      0.725666642    
 -0.146052971      0.191493571      0.723791480    
 -0.157281101      0.191084161      0.721635044    
 -0.168637305      0.190580532      0.719208062    
 -0.180114850      0.189979285      0.716521382    
 -0.191707164      0.189277098      0.713585258    
 -0.203407869      0.188470691      0.710410118    
 -0.215210602      0.187556952      0.707006216    
 -0.227109134      0.186532840      0.703383625    
 -0.239097387      0.185395434      0.699552178    
 -0.251169384      0.184141889      0.695521593    
 -0.263319135      0.182769522      0.691301584    
 -0.275540978      0.181275815      0.686901689    
 -0.287829161      0.179658324      0.682330966    
 -0.300178111      0.177914843      0.677598715    
 -0.312582433      0.176043168      0.672714055    
 -0.325036645      0.174041390      0.667685688    
 -0.337535471      0.171907648      0.662522495    
 -0.350073755      0.169640288      0.657233000    
 -0.362646580      0.167237833      0.651825428    
 -0.375248849      0.164698884      0.646308303    
 -0.387875766      0.162022293      0.640689611    
 -0.400522590      0.159206927      0.634977221    
 -0.413184702      0.156252012      0.629178882    
 -0.425857693      0.153156728      0.623302400    
 -0.438537031      0.149920538      0.617354989    
 -0.451218575      0.146543026      0.611344218    
 -0.463898242      0.143023863      0.605276942    
 -0.476571828      0.139362931      0.599160194    
 -0.489235669      0.135560229      0.593000829    
 -0.501885891      0.131615907      0.586805403    
 -0.514519036      0.127530247      0.580580235    
 -0.527131319      0.123303644      0.574331820    
 -0.539719701      0.118936643      0.568066001    
 -0.552280784      0.114429906      0.561788857    
 -0.564811528      0.109784208      0.555506170    
 -0.577309132      0.105000466      0.549223423    
 -0.589770555      0.100079685      0.542946041    
 -0.602193296       9.50229689E-02  0.536679268    
 -0.614574790       8.98315534E-02  0.530428350    
 -0.626912653       8.45067352E-02  0.524198055    
 -0.639204562       7.90499300E-02  0.517993152    
 -0.651448607       7.34626725E-02  0.511818290    
 -0.663642585       6.77465051E-02  0.505677938    
 -0.675784707       6.19031303E-02  0.499576330    
 -0.687873363       5.59342578E-02  0.493517607    
 -0.699906945       4.98417132E-02  0.487505764    
 -0.711883962       4.36273851E-02  0.481544703    
 -0.723803163       3.72932032E-02  0.475638062    
 -0.735663295       3.08411736E-02  0.469789505    
 -0.747463286       2.42733657E-02  0.464002371    
 -0.759202302       1.75918769E-02  0.458279997    
 -0.770879507       1.07988724E-02  0.452625692    
 -0.782494187       3.89654422E-03  0.447042376    
 -0.794045687      -3.11287260E-03  0.441533059    
 -0.805533648      -1.02270832E-02  0.436100572    
 -0.816957653      -1.74437966E-02  0.430747688    
 -0.828317523      -2.47606598E-02  0.425476998    
 -0.839613080      -3.21752802E-02  0.420291066    
 -0.850844264      -3.96852940E-02  0.415192336    
 -0.862011135      -4.72882763E-02  0.410183221    
 -0.873113930      -5.49817644E-02  0.405265927    
 -0.884152770      -6.27633333E-02  0.400442660    
 -0.895128131      -7.06304908E-02  0.395715564    
 -0.906040490      -7.85807893E-02  0.391086698    
 -0.916890204      -8.66116658E-02  0.386558145    
 -0.927677989      -9.47206616E-02  0.382131755    
 -0.938404560     -0.102905229      0.377809405    
 -0.949070573     -0.111162879      0.373593032    
 -0.959676921     -0.119491071      0.369484335    
 -0.970224679     -0.127887234      0.365485162    
 -0.980714619     -0.136348903      0.361597180    
 -0.991147876     -0.144873425      0.357822150    
  -1.00152552     -0.153458357      0.354161590    
  -1.01184893     -0.162101075      0.350617409    
  -1.02211928     -0.170799091      0.347190946    
  -1.03233767     -0.179549858      0.343884051    
  -1.04250550     -0.188350782      0.340698302    
  -1.05262446     -0.197199330      0.337635159    
  -1.06269598     -0.206092909      0.334696412    
  -1.07272124     -0.215029046      0.331883550    
  -1.08270216     -0.224005133      0.329198182    
  -1.09264028     -0.233018637      0.326642096    
  -1.10253716     -0.242066950      0.324216753    
  -1.11239469     -0.251147538      0.321923971    
  -1.12221456     -0.260257930      0.319765329    
  -1.13199842     -0.269395351      0.317742556    
  -1.14174843     -0.278557420      0.315857410    
  -1.15146601     -0.287741482      0.314111620    
  -1.16115355     -0.296944886      0.312507033    
  -1.17081273     -0.306165159      0.311045527    
  -1.18044543     -0.315399677      0.309728861    
  -1.19005406     -0.324645728      0.308559000    
  -1.19964027     -0.333900779      0.307537943    
  -1.20920634     -0.343162149      0.306667656    
  -1.21875429     -0.352427214      0.305950195    
  -1.22828603     -0.361693293      0.305387706    
  -1.23780394     -0.370957732      0.304982275    
  -1.24731016     -0.380217791      0.304736078    
  -1.25680685     -0.389470816      0.304651469    
  -1.26629591     -0.398714006      0.304730684    
  -1.27577996     -0.407944649      0.304976165    
  -1.28526092     -0.417159915      0.305390269    
  -1.29474115     -0.426356971      0.305975467    
  -1.30422270     -0.435533047      0.306734324    
  -1.31370771     -0.444685251      0.307669401    
  -1.32319868     -0.453810722      0.308783352    
  -1.33269739     -0.462906420      0.310078770    
  -1.34220648     -0.471969545      0.311558545    
  -1.35172749     -0.480997026      0.313225359    
  -1.36126304     -0.489985824      0.315082103    
  -1.37081504     -0.498932898      0.317131639    
  -1.38038540     -0.507835150      0.319376826    
  -1.38997614     -0.516689420      0.321820587    
  -1.39958930     -0.525492549      0.324466020    
  -1.40922666     -0.534241319      0.327316076    
  -1.41889012     -0.542932510      0.330373764    
  -1.42858136     -0.551562667      0.333642125    
  -1.43830168     -0.560128689      0.337124169    
  -1.44805288     -0.568627000      0.340822935    
  -1.45783627     -0.577054322      0.344741493    
  -1.46765316     -0.585407138      0.348882794    
  -1.47750461     -0.593681931      0.353249818    
  -1.48739159     -0.601875305      0.357845485    
  -1.49731469     -0.609983504      0.362672657    
  -1.50727475     -0.618003011      0.367734194    
  -1.51727211     -0.625930250      0.373032779    
  -1.52730668     -0.633761644      0.378571063    
  -1.53737867     -0.641493380      0.384351611    
  -1.54748738     -0.649121821      0.390376627    
  -1.55763233     -0.656643271      0.396648526    
  -1.56781256     -0.664054036      0.403169304    
  -1.57802677     -0.671350598      0.409940958    
  -1.58827305     -0.678529024      0.416965097    
  -1.59854949     -0.685585737      0.424243271    
  -1.60885394     -0.692517042      0.431776673    
  -1.61918318     -0.699319541      0.439566284    
  -1.62953413     -0.705989420      0.447612911    
  -1.63990259     -0.712523401      0.455916911    
  -1.65028465     -0.718917966      0.464478403    
  -1.66067517     -0.725170016      0.473297060    
  -1.67106926     -0.731275976      0.482372433    
  -1.68146014     -0.737232983      0.491703421    
  -1.69184184     -0.743037999      0.501288593    
  -1.70220685     -0.748688459      0.511126399    
  -1.71254766     -0.754181564      0.521214485    
