   0.00000000       0.00000000       0.00000000    
   8.89360253E-03   1.71626825E-02   3.48339528E-02
   1.78727582E-02   3.33390273E-02   6.86730295E-02
   2.68956497E-02   4.85748351E-02  0.101548135    
   3.59245837E-02   6.29144311E-02  0.133485630    
   4.49255556E-02   7.64006451E-02  0.164508075    
   5.38678654E-02   8.90748650E-02  0.194634989    
   6.27238527E-02  0.100977071      0.223883390    
   7.14685917E-02  0.112145782      0.252268225    
   8.00796673E-02  0.122618154      0.279802740    
   8.85370299E-02  0.132430002      0.306498975    
   9.68227834E-02  0.141615734      0.332367897    
  0.104921028      0.150208443      0.357419729    
  0.112817734      0.158239886      0.381664068    
  0.120500647      0.165740564      0.405110270    
  0.127959058      0.172739655      0.427767187    
  0.135183886      0.179265097      0.449643731    
  0.142167360      0.185343564      0.470748663    
  0.148903072      0.191000551      0.491090834    
  0.155385837      0.196260348      0.510679185    
  0.161611557      0.201146021      0.529522717    
  0.167577267      0.205679625      0.547630787    
  0.173280895      0.209881976      0.565012515    
  0.178721309      0.213772878      0.581677914    
  0.183898136      0.217371047      0.597636580    
  0.188811794      0.220694140      0.612898469    
  0.193463415      0.223758981      0.627474248    
  0.197854698      0.226581231      0.641374111    
  0.201987937      0.229175851      0.654609025    
  0.205865905      0.231556699      0.667189717    
  0.209491894      0.233736888      0.679127514    
  0.212869570      0.235728800      0.690433502    
  0.216002882      0.237543866      0.701119244    
  0.218896270      0.239192903      0.711196303    
  0.221554279      0.240685850      0.720676363    
  0.223981798      0.242032200      0.729571283    
  0.226183921      0.243240610      0.737892926    
  0.228165865      0.244319201      0.745653272    
  0.229933023      0.245275483      0.752864420    
  0.231490985      0.246116474      0.759538293    
  0.232845321      0.246848658      0.765687227    
  0.234001726      0.247478023      0.771323204    
  0.234965920      0.248010039      0.776458263    
  0.235743746      0.248449862      0.781104505    
  0.236340955      0.248802155      0.785273969    
  0.236763343      0.249071226      0.788978696    
  0.237016767      0.249261081      0.792230606    
  0.237106934      0.249375343      0.795041621    
  0.237039611      0.249417394      0.797423363    
  0.236820459      0.249390274      0.799387455    
  0.236455098      0.249296784      0.800945520    
  0.235949144      0.249139518      0.802109241    
  0.235308081      0.248920783      0.802889645    
  0.234537333      0.248642728      0.803298116    
  0.233642220      0.248307407      0.803345442    
  0.232628003      0.247916445      0.803042710    
  0.231499895      0.247471675      0.802400708    
  0.230262920      0.246974498      0.801430047    
  0.228922054      0.246426284      0.800141037    
  0.227482170      0.245828271      0.798544049    
  0.225948080      0.245181724      0.796648920    
  0.224324390      0.244487584      0.794465721    
  0.222615704      0.243746951      0.792004287    
  0.220826417      0.242960647      0.789273918    
  0.218960941      0.242129534      0.786284149    
  0.217023477      0.241254508      0.783044159    
  0.215018153      0.240336195      0.779562771    
  0.212949008      0.239375353      0.775848866    
  0.210819930      0.238372684      0.771911085    
  0.208634734      0.237328768      0.767757714    
  0.206397101      0.236244187      0.763397157    
  0.204110667      0.235119671      0.758837283    
  0.201778829      0.233955652      0.754085958    
  0.199405059      0.232752755      0.749150872    
  0.196992591      0.231511563      0.744039476    
  0.194544598      0.230232522      0.738759041    
  0.192064136      0.228916302      0.733316660    
  0.189554170      0.227563307      0.727719307    
  0.187017605      0.226174161      0.721973777    
  0.184457183      0.224749386      0.716086388    
  0.181875601      0.223289505      0.710063696    
  0.179275408      0.221795097      0.703911901    
  0.176659137      0.220266670      0.697636902    
  0.174029171      0.218704790      0.691244841    
  0.171387836      0.217110053      0.684741199    
  0.168737352      0.215483010      0.678131521    
  0.166079849      0.213824198      0.671421468    
  0.163417354      0.212134287      0.664616048    
  0.160751894      0.210413784      0.657720327    
  0.158085346      0.208663344      0.650739372    
  0.155419514      0.206883550      0.643677950    
  0.152756155      0.205075055      0.636540651    
  0.150096923      0.203238443      0.629332006    
  0.147443399      0.201374352      0.622056484    
  0.144797146      0.199483439      0.614718318    
  0.142159566      0.197566375      0.607321620    
  0.139532119      0.195623726      0.599870443    
  0.136916026      0.193656221      0.592368603    
  0.134312645      0.191664517      0.584819853    
  0.131723121      0.189649269      0.577228010    
  0.129148588      0.187611178      0.569596410    
  0.126590148      0.185550913      0.561928749    
  0.124048807      0.183469117      0.554228246    
  0.121525556      0.181366548      0.546498060    
  0.119021282      0.179243863      0.538741469    
  0.116536885      0.177101746      0.530961633    
  0.114073150      0.174940929      0.523161173    
  0.111630864      0.172762096      0.515343308    
  0.109210745      0.170565963      0.507510841    
  0.106813461      0.168353200      0.499666363    
  0.104439653      0.166124552      0.491812527    
  0.102089919      0.163880706      0.483952045    
   9.97648016E-02  0.161622390      0.476087302    
   9.74648297E-02  0.159350291      0.468220830    
   9.51904580E-02  0.157065153      0.460355043    
   9.29421335E-02  0.154767662      0.452492118    
   9.07202736E-02  0.152458549      0.444634557    
   8.85252357E-02  0.150138527      0.436784327    
   8.63573551E-02  0.147808284      0.428943753    
   8.42169449E-02  0.145468548      0.421114922    
   8.21042955E-02  0.143120036      0.413299829    
   8.00196379E-02  0.140763476      0.405500621    
   7.79632032E-02  0.138399556      0.397719204    
   7.59351850E-02  0.136029035      0.389957547    
   7.39357620E-02  0.133652568      0.382217526    
   7.19650686E-02  0.131270915      0.374501079    
   7.00232387E-02  0.128884792      0.366810083    
   6.81103617E-02  0.126494884      0.359146267    
   6.62265271E-02  0.124101944      0.351511419    
   6.43717870E-02  0.121706679      0.343907386    
   6.25461787E-02  0.119309805      0.336335868    
   6.07497357E-02  0.116912059      0.328798652    
   5.89824580E-02  0.114514165      0.321297348    
   5.72443195E-02  0.112116814      0.313833803    
   5.55352904E-02  0.109720781      0.306409508    
   5.38553372E-02  0.107326783      0.299026340    
   5.22044003E-02  0.104935534      0.291685790    
   5.05823940E-02  0.102547809      0.284389645    
   4.89892438E-02  0.100164324      0.277139515    
   4.74248417E-02   9.77858454E-02  0.269937068    
   4.58890870E-02   9.54131186E-02  0.262783974    
   4.43818495E-02   9.30468962E-02  0.255681753    
   4.29029912E-02   9.06879380E-02  0.248632222    
   4.14523818E-02   8.83370340E-02  0.241637021    
   4.00298722E-02   8.59949440E-02  0.234697774    
   3.86352912E-02   8.36624578E-02  0.227816179    
   3.72684784E-02   8.13403726E-02  0.220993936    
   3.59292664E-02   7.90294781E-02  0.214232743    
   3.46174575E-02   7.67305940E-02  0.207534343    
   3.33328806E-02   7.44445473E-02  0.200900421    
   3.20753381E-02   7.21721426E-02  0.194332764    
   3.08446307E-02   6.99142516E-02  0.187833130    
   2.96405647E-02   6.76717237E-02  0.181403354    
   2.84629297E-02   6.54454008E-02  0.175045222    
   2.73115225E-02   6.32361919E-02  0.168760568    
   2.61861365E-02   6.10449761E-02  0.162551299    
   2.50865594E-02   5.88726699E-02  0.156419307    
   2.40125824E-02   5.67201935E-02  0.150366515    
   2.29639895E-02   5.45884892E-02  0.144394875    
   2.19405815E-02   5.24785146E-02  0.138506398    
   2.09421460E-02   5.03912531E-02  0.132703096    
   1.99684724E-02   4.83276956E-02  0.126987085    
   1.90193653E-02   4.62888628E-02  0.121360451    
   1.80946235E-02   4.42757867E-02  0.115825333    
   1.71940550E-02   4.22895215E-02  0.110383928    
   1.63174700E-02   4.03311625E-02  0.105038479    
   1.54646942E-02   3.84018049E-02   9.97912735E-02
   1.46355517E-02   3.65025848E-02   9.46446210E-02
   1.38298804E-02   3.46346535E-02   8.96009058E-02
   1.30475294E-02   3.27991955E-02   8.46625715E-02
   1.22883553E-02   3.09974235E-02   7.98320845E-02
   1.15522314E-02   2.92305797E-02   7.51119852E-02
   1.08390460E-02   2.74999309E-02   7.05048814E-02
   1.01487003E-02   2.58067772E-02   6.60133958E-02
   9.48111061E-03   2.41524559E-02   6.16402328E-02
   8.83621909E-03   2.25383304E-02   5.73881976E-02
   8.21398385E-03   2.09658090E-02   5.32600842E-02
   7.61438673E-03   1.94363184E-02   4.92588058E-02
   7.03743473E-03   1.79513451E-02   4.53873239E-02
   6.48316042E-03   1.65123921E-02   4.16486673E-02
   5.95162716E-03   1.51210167E-02   3.80459279E-02
   5.44292852E-03   1.37788095E-02   3.45822871E-02
   4.95719165E-03   1.24874068E-02   3.12609822E-02
   4.49458137E-03   1.12484852E-02   2.80853268E-02
   4.05530119E-03   1.00637656E-02   2.50587277E-02
   3.63959861E-03   8.93501751E-03   2.21846532E-02
   3.24776419E-03   7.86405057E-03   1.94666572E-02
   2.88014021E-03   6.85272831E-03   1.69083755E-02
   2.53712083E-03   5.90296090E-03   1.45135317E-02
   2.21915659E-03   5.01670735E-03   1.22859320E-02
   1.92676031E-03   4.19597980E-03   1.02294767E-02
   1.66050834E-03   3.44284088E-03   8.34815018E-03
   1.42104772E-03   2.75940658E-03   6.64603338E-03
   1.20910048E-03   2.14784755E-03   5.12730237E-03
   1.02546823E-03   1.61038840E-03   3.79622960E-03
   8.71038297E-04   1.14930992E-03   2.65718834E-03
   7.46789621E-04   7.66949321E-04   1.71465625E-03
   6.53797877E-04   4.65700025E-04   9.73213755E-04
   5.93244215E-04   2.48013384E-04   4.37551906E-04
   5.66419854E-04   1.16398121E-04   1.12472328E-04
   5.74735051E-04   7.34208443E-05   2.89157310E-06
