   0.00000000       0.00000000       0.00000000       1.00000000    
   1.73771288E-02   8.65729246E-03   4.29649837E-03  0.999802291    
   3.41747627E-02   1.69649869E-02   8.35754164E-03  0.999236941    
   5.04065529E-02   2.49338262E-02   1.21937208E-02  0.998342991    
   6.60858601E-02   3.25742438E-02   1.58151705E-02  0.997156680    
   8.12257603E-02   3.98963764E-02   1.92315839E-02  0.995711207    
   9.58390534E-02   4.69100736E-02   2.24522389E-02  0.994037330    
  0.109938264       5.36248982E-02   2.54860111E-02  0.992163479    
  0.123535663       6.00501373E-02   2.83413902E-02  0.990116000    
  0.136643246       6.61948174E-02   3.10264993E-02  0.987919152    
  0.149272770       7.20677003E-02   3.35491076E-02  0.985595405    
  0.161435708       7.76773021E-02   3.59166525E-02  0.983165681    
  0.173143327       8.30318853E-02   3.81362401E-02  0.980649114    
  0.184406623       8.81394818E-02   4.02146764E-02  0.978063583    
  0.195236385       9.30078849E-02   4.21584658E-02  0.975425541    
  0.205643132       9.76446643E-02   4.39738333E-02  0.972750068    
  0.215637192      0.102057174       4.56667319E-02  0.970051289    
  0.225228652      0.106252551       4.72428501E-02  0.967342019    
  0.234427392      0.110237733       4.87076379E-02  0.964634120    
  0.243243068      0.114019446       5.00662997E-02  0.961938560    
  0.251685143      0.117604226       5.13238162E-02  0.959265172    
  0.259762853      0.120998420       5.24849519E-02  0.956623197    
  0.267485231      0.124208190       5.35542592E-02  0.954020917    
  0.274861157      0.127239510       5.45360930E-02  0.951465845    
  0.281899273      0.130098194       5.54346144E-02  0.948964894    
  0.288608044      0.132789865       5.62538095E-02  0.946524024    
  0.294995755      0.135319993       5.69974817E-02  0.944149017    
  0.301070511      0.137693897       5.76692671E-02  0.941844583    
  0.306840241      0.139916733       5.82726486E-02  0.939615190    
  0.312312692      0.141993493       5.88109456E-02  0.937464595    
  0.317495465      0.143929034       5.92873432E-02  0.935396194    
  0.322395951      0.145728081       5.97048737E-02  0.933412850    
  0.327021420      0.147395194       6.00664429E-02  0.931516826    
  0.331378937      0.148934811       6.03748262E-02  0.929710329    
  0.335475475      0.150351226       6.06326759E-02  0.927994847    
  0.339317799      0.151648641       6.08425252E-02  0.926371574    
  0.342912525      0.152831092       6.10067956E-02  0.924841523    
  0.346266150      0.153902516       6.11278005E-02  0.923405230    
  0.349385023      0.154866725       6.12077489E-02  0.922062874    
  0.352275342      0.155727416       6.12487532E-02  0.920814633    
  0.354943156      0.156488195       6.12528287E-02  0.919660151    
  0.357394397      0.157152534       6.12219051E-02  0.918599069    
  0.359634876      0.157723814       6.11578189E-02  0.917630494    
  0.361670226      0.158205315       6.10623248E-02  0.916753531    
  0.363506019      0.158600196       6.09371029E-02  0.915967286    
  0.365147650      0.158911556       6.07837550E-02  0.915270269    
  0.366600424      0.159142375       6.06038086E-02  0.914661169    
  0.367869496      0.159295559       6.03987239E-02  0.914138377    
  0.368959934      0.159373924       6.01698942E-02  0.913700223    
  0.369876653      0.159380183       5.99186495E-02  0.913344920    
  0.370624512      0.159316972       5.96462600E-02  0.913070560    
  0.371208221      0.159186855       5.93539327E-02  0.912875175    
  0.371632427      0.158992320       5.90428263E-02  0.912756681    
  0.371901602      0.158735767       5.87140396E-02  0.912712872    
  0.372020155      0.158419535       5.83686233E-02  0.912741661    
  0.371992409      0.158045873       5.80075793E-02  0.912840724    
  0.371822566      0.157616988       5.76318651E-02  0.913007915    
  0.371514738      0.157134995       5.72423898E-02  0.913240790    
  0.371072978      0.156601951       5.68400212E-02  0.913537025    
  0.370501190      0.156019837       5.64255863E-02  0.913894296    
  0.369803190      0.155390605       5.59998751E-02  0.914310336    
  0.368982762      0.154716119       5.55636361E-02  0.914782643    
  0.368043572      0.153998181       5.51175848E-02  0.915309012    
  0.366989166      0.153238550       5.46624064E-02  0.915886998    
  0.365823090      0.152438939       5.41987456E-02  0.916514218    
  0.364548743      0.151600987       5.37272207E-02  0.917188525    
  0.363169461      0.150726289       5.32484204E-02  0.917907476    
  0.361688524      0.149816394       5.27629033E-02  0.918668866    
  0.360109091      0.148872793       5.22711985E-02  0.919470549    
  0.358434319      0.147896945       5.17738163E-02  0.920310140    
  0.356667250      0.146890238       5.12712337E-02  0.921185613    
  0.354810834      0.145854041       5.07639088E-02  0.922094882    
  0.352867991      0.144789666       5.02522774E-02  0.923035681    
  0.350841582      0.143698394       4.97367494E-02  0.924006045    
  0.348734349      0.142581448       4.92177196E-02  0.925004065    
  0.346549034      0.141440019       4.86955605E-02  0.926027656    
  0.344288290      0.140275270       4.81706224E-02  0.927074969    
  0.341954708      0.139088303       4.76432405E-02  0.928144097    
  0.339550793      0.137880221       4.71137315E-02  0.929233372    
  0.337079048      0.136652052       4.65824008E-02  0.930340827    
  0.334541887      0.135404825       4.60495278E-02  0.931464851    
  0.331941664      0.134139508       4.55153883E-02  0.932603717    
  0.329280704      0.132857054       4.49802354E-02  0.933755815    
  0.326561242      0.131558374       4.44443114E-02  0.934919715    
  0.323785514      0.130244374       4.39078435E-02  0.936093688    
  0.320955664      0.128915891       4.33710515E-02  0.937276423    
  0.318073809      0.127573773       4.28341404E-02  0.938466430    
  0.315142006      0.126218811       4.22973000E-02  0.939662337    
  0.312162280      0.124851793       4.17607166E-02  0.940862775    
  0.309136599      0.123473473       4.12245616E-02  0.942066550    
  0.306066900      0.122084573       4.06889953E-02  0.943272412    
  0.302955061      0.120685808       4.01541702E-02  0.944479108    
  0.299802929      0.119277850       3.96202318E-02  0.945685625    
  0.296612322      0.117861360       3.90873142E-02  0.946890712    
  0.293384999      0.116436988       3.85555476E-02  0.948093414    
  0.290122718      0.115005344       3.80250514E-02  0.949292779    
  0.286827147      0.113567024       3.74959372E-02  0.950487673    
  0.283499956      0.112122610       3.69683094E-02  0.951677263    
  0.280142754      0.110672668       3.64422686E-02  0.952860713    
  0.276757151      0.109217733       3.59179042E-02  0.954037130    
  0.273344696      0.107758336       3.53953056E-02  0.955205739    
  0.269906908      0.106294990       3.48745547E-02  0.956365764    
  0.266445309      0.104828186       3.43557261E-02  0.957516372    
  0.262961328      0.103358403       3.38388905E-02  0.958657026    
  0.259456456      0.101886101       3.33241113E-02  0.959786952    
  0.255932063      0.100411735       3.28114517E-02  0.960905671    
  0.252389550       9.89357457E-02   3.23009714E-02  0.962012410    
  0.248830289       9.74585488E-02   3.17927189E-02  0.963106692    
  0.245255604       9.59805623E-02   3.12867463E-02  0.964188039    
  0.241666809       9.45021808E-02   3.07831001E-02  0.965255857    
  0.238065183       9.30237919E-02   3.02818213E-02  0.966309786    
  0.234452009       9.15457755E-02   2.97829490E-02  0.967349231    
  0.230828524       9.00685042E-02   2.92865206E-02  0.968374014    
  0.227195963       8.85923281E-02   2.87925713E-02  0.969383478    
  0.223555520       8.71175975E-02   2.83011310E-02  0.970377505    
  0.219908386       8.56446549E-02   2.78122276E-02  0.971355617    
  0.216255739       8.41738284E-02   2.73258910E-02  0.972317636    
  0.212598726       8.27054381E-02   2.68421434E-02  0.973263144    
  0.208938479       8.12398046E-02   2.63610091E-02  0.974191904    
  0.205276132       7.97772333E-02   2.58825105E-02  0.975103796    
  0.201612771       7.83180296E-02   2.54066680E-02  0.975998521    
  0.197949514       7.68624917E-02   2.49334984E-02  0.976875842    
  0.194287434       7.54109100E-02   2.44630221E-02  0.977735698    
  0.190627590       7.39635676E-02   2.39952542E-02  0.978577912    
  0.186971053       7.25207403E-02   2.35302113E-02  0.979402304    
  0.183318853       7.10827112E-02   2.30679102E-02  0.980208814    
  0.179672047       6.96497560E-02   2.26083659E-02  0.980997324    
  0.176031649       6.82221353E-02   2.21515913E-02  0.981767774    
  0.172398686       6.68001175E-02   2.16976013E-02  0.982520044    
  0.168774173       6.53839707E-02   2.12464128E-02  0.983254194    
  0.165159106       6.39739558E-02   2.07980387E-02  0.983970106    
  0.161554486       6.25703260E-02   2.03524940E-02  0.984667897    
  0.157961309       6.11733422E-02   1.99097935E-02  0.985347509    
  0.154380575       5.97832575E-02   1.94699541E-02  0.986008883    
  0.150813252       5.84003292E-02   1.90329906E-02  0.986652136    
  0.147260338       5.70248105E-02   1.85989216E-02  0.987277389    
  0.143722802       5.56569584E-02   1.81677658E-02  0.987884581    
  0.140201628       5.42970300E-02   1.77395418E-02  0.988473892    
  0.136697799       5.29452786E-02   1.73142701E-02  0.989045322    
  0.133212283       5.16019650E-02   1.68919731E-02  0.989599109    
  0.129746065       5.02673462E-02   1.64726749E-02  0.990135252    
  0.126300111       4.89416830E-02   1.60564017E-02  0.990653932    
  0.122875422       4.76252362E-02   1.56431794E-02  0.991155267    
  0.119472973       4.63182777E-02   1.52330389E-02  0.991639435    
  0.116093747       4.50210720E-02   1.48260109E-02  0.992106616    
  0.112738743       4.37338948E-02   1.44221298E-02  0.992556930    
  0.109408952       4.24570180E-02   1.40214330E-02  0.992990673    
  0.106105380       4.11907248E-02   1.36239594E-02  0.993407965    
  0.102829032       3.99353020E-02   1.32297510E-02  0.993808985    
   9.95809212E-02   3.86910401E-02   1.28388535E-02  0.994194090    
   9.63620692E-02   3.74582335E-02   1.24513162E-02  0.994563341    
   9.31735113E-02   3.62371877E-02   1.20671904E-02  0.994917035    
   9.00162905E-02   3.50282080E-02   1.16865328E-02  0.995255530    
   8.68914574E-02   3.38316076E-02   1.13094030E-02  0.995578945    
   8.38000625E-02   3.26477140E-02   1.09358653E-02  0.995887637    
   8.07431862E-02   3.14768516E-02   1.05659887E-02  0.996181786    
   7.77219161E-02   3.03193610E-02   1.01998458E-02  0.996461749    
   7.47373402E-02   2.91755889E-02   9.83751472E-03  0.996727824    
   7.17905760E-02   2.80458890E-02   9.47907846E-03  0.996980309    
   6.88827485E-02   2.69306265E-02   9.12462547E-03  0.997219443    
   6.60149902E-02   2.58301757E-02   8.77424981E-03  0.997445643    
   6.31884634E-02   2.47449223E-02   8.42805114E-03  0.997659206    
   6.04043417E-02   2.36752592E-02   8.08613561E-03  0.997860432    
   5.76638132E-02   2.26215944E-02   7.74861639E-03  0.998049676    
   5.49680889E-02   2.15843450E-02   7.41561316E-03  0.998227239    
   5.23183942E-02   2.05639433E-02   7.08725210E-03  0.998393536    
   4.97159772E-02   1.95608307E-02   6.76366733E-03  0.998548925    
   4.71621044E-02   1.85754634E-02   6.44500135E-03  0.998693705    
   4.46580648E-02   1.76083129E-02   6.13140408E-03  0.998828292    
   4.22051698E-02   1.66598614E-02   5.82303479E-03  0.998953044    
   3.98047529E-02   1.57306101E-02   5.52006112E-03  0.999068379    
   3.74581739E-02   1.48210730E-02   5.22266049E-03  0.999174654    
   3.51668186E-02   1.39317801E-02   4.93102055E-03  0.999272227    
   3.29320915E-02   1.30632790E-02   4.64533828E-03  0.999361455    
   3.07554286E-02   1.22161340E-02   4.36582230E-03  0.999442697    
   2.86382921E-02   1.13909263E-02   4.09269193E-03  0.999516547    
   2.65821703E-02   1.05882566E-02   3.82617884E-03  0.999583244    
   2.45885849E-02   9.80874337E-03   3.56652681E-03  0.999643207    
   2.26590857E-02   9.05302633E-03   3.31399264E-03  0.999696791    
   2.07952522E-02   8.32176488E-03   3.06884665E-03  0.999744415    
   1.89986955E-02   7.61563843E-03   2.83137313E-03  0.999786496    
   1.72710605E-02   6.93534873E-03   2.60187103E-03  0.999823391    
   1.56140272E-02   6.28162036E-03   2.38065491E-03  0.999855518    
   1.40293073E-02   5.65520069E-03   2.16805562E-03  0.999883235    
   1.25186499E-02   5.05686086E-03   1.96442031E-03  0.999906898    
   1.10838404E-02   4.48739668E-03   1.77011429E-03  0.999926925    
   9.72670130E-03   3.94762913E-03   1.58552092E-03  0.999943674    
   8.44909437E-03   3.43840593E-03   1.41104299E-03  0.999957383    
   7.25292042E-03   2.96060159E-03   1.24710309E-03  0.999968529    
   6.14012172E-03   2.51511834E-03   1.09414512E-03  0.999977350    
   5.11268154E-03   2.10288749E-03   9.52634611E-04  0.999984264    
   4.17262642E-03   1.72486959E-03   8.23060225E-04  0.999989450    
   3.32202646E-03   1.38205604E-03   7.05934421E-04  0.999993265    
   2.56299716E-03   1.07546966E-03   6.01794687E-04  0.999995947    
   1.89769990E-03   8.06165743E-04   5.11204649E-04  0.999997735    
   1.32834329E-03   5.75233018E-04   4.34755231E-04  0.999998808    
   8.57184641E-04   3.83794599E-04   3.73065821E-04  0.999999523    
   4.86530713E-04   2.33009050E-04   3.26785637E-04  0.999999762    
   2.18739151E-04   1.24071579E-04   2.96594983E-04  0.999999940    
   5.62196801E-05   5.82149878E-05   2.83206668E-04  0.999999940    
   1.43523721E-06   3.67108369E-05   2.87367468E-04  0.999999940    
