   1.57079995      0.785399973      0.392699987    
   1.51867402      0.753837883      0.371285915    
   1.46777427      0.723244548      0.350834221    
   1.41807497      0.693592310      0.331303328    
   1.36955059      0.664854228      0.312653452    
   1.32217634      0.637004197      0.294846505    
   1.27592766      0.610016763      0.277846009    
   1.23078084      0.583867192      0.261617064    
   1.18671227      0.558531404      0.246126264    
   1.14369905      0.533986092      0.231341615    
   1.10171866      0.510208488      0.217232481    
   1.06074893      0.487176448      0.203769565    
   1.02076840      0.464868546      0.190924808    
  0.981755793      0.443263859      0.178671360    
  0.943690300      0.422342062      0.166983500    
  0.906551659      0.402083427      0.155836612    
  0.870319843      0.382468760      0.145207152    
  0.834975362      0.363479406      0.135072559    
  0.800499022      0.345097184      0.125411257    
  0.766872108      0.327304482      0.116202578    
  0.734076202      0.310084134      0.107426748    
  0.702093303      0.293419480       9.90648419E-02
  0.670905769      0.277294308       9.10987407E-02
  0.640496314      0.261692852       8.35110992E-02
  0.610848010      0.246599808       7.62853175E-02
  0.581944227      0.232000276       6.94055110E-02
  0.553768694      0.217879802       6.28564730E-02
  0.526305497      0.204224303       5.66236526E-02
  0.499539077      0.191020116       5.06931171E-02
  0.473454118      0.178253949       4.50515337E-02
  0.448035657      0.165912881       3.96861397E-02
  0.423269033      0.153984368       3.45847271E-02
  0.399139851      0.142456189       2.97356062E-02
  0.375634104      0.131316498       2.51275916E-02
  0.352737963      0.120553762       2.07499787E-02
  0.330437988      0.110156775       1.65925212E-02
  0.308720917      0.100114658       1.26454160E-02
  0.287573844       9.04168263E-02   8.89928080E-03
  0.266984105       8.10529962E-02   5.34513686E-03
  0.246939272       7.20131844E-02   1.97439268E-03
  0.227427214       6.32876754E-02  -1.22117461E-03
  0.208436042       5.48670366E-02  -4.24943212E-03
  0.189954102       4.67421003E-02  -7.11790845E-03
  0.171969995       3.89039591E-02  -9.83380806E-03
  0.154472575       3.13439630E-02  -1.24040227E-02
  0.137450904       2.40536984E-02  -1.48351490E-02
  0.120894298       1.70249976E-02  -1.71334967E-02
  0.104792282       1.02499258E-02  -1.93051044E-02
   8.91346186E-02   3.72077106E-03  -2.13557482E-02
   7.39112869E-02  -2.56995670E-03  -2.32909564E-02
   5.91124669E-02  -8.62953253E-03  -2.51160152E-02
   4.47285622E-02  -1.44650266E-02  -2.68359836E-02
   3.07501778E-02  -2.00833008E-02  -2.84557007E-02
   1.71681195E-02  -2.54910234E-02  -2.99797952E-02
   3.97339556E-03  -3.06946710E-02  -3.14126946E-02
  -8.84279143E-03  -3.57005335E-02  -3.27586383E-02
  -2.12890506E-02  -4.05147187E-02  -3.40216756E-02
  -3.33738029E-02  -4.51431572E-02  -3.52056846E-02
  -4.51052785E-02  -4.95916083E-02  -3.63143682E-02
  -5.64915352E-02  -5.38656637E-02  -3.73512730E-02
  -6.75404519E-02  -5.79707548E-02  -3.83197889E-02
  -7.82597214E-02  -6.19121492E-02  -3.92231606E-02
  -8.86568800E-02  -6.56949654E-02  -4.00644876E-02
  -9.87392962E-02  -6.93241805E-02  -4.08467352E-02
 -0.108514160      -7.28046075E-02  -4.15727384E-02
 -0.117988512      -7.61409253E-02  -4.22452055E-02
 -0.127169222      -7.93376788E-02  -4.28667292E-02
 -0.136063010      -8.23992789E-02  -4.34397869E-02
 -0.144676447      -8.53300020E-02  -4.39667478E-02
 -0.153015956      -8.81339908E-02  -4.44498770E-02
 -0.161087796      -9.08152834E-02  -4.48913351E-02
 -0.168898091      -9.33777764E-02  -4.52931933E-02
 -0.176452830      -9.58252624E-02  -4.56574261E-02
 -0.183757842      -9.81614143E-02  -4.59859222E-02
 -0.190818831     -0.100389794      -4.62804884E-02
 -0.197641373     -0.102513857      -4.65428457E-02
 -0.204230890     -0.104536958      -4.67746407E-02
 -0.210592687     -0.106462337      -4.69774492E-02
 -0.216731951     -0.108293146      -4.71527725E-02
 -0.222653717     -0.110032439      -4.73020449E-02
 -0.228362918     -0.111683160      -4.74266335E-02
 -0.233864352     -0.113248184      -4.75278497E-02
 -0.239162713     -0.114730276      -4.76069413E-02
 -0.244262546     -0.116132125      -4.76650968E-02
 -0.249168321     -0.117456332      -4.77034561E-02
 -0.253884375     -0.118705414      -4.77230996E-02
 -0.258414924     -0.119881809      -4.77250628E-02
 -0.262764066     -0.120987870      -4.77103330E-02
 -0.266935825     -0.122025877      -4.76798490E-02
 -0.270934105     -0.122998044      -4.76345085E-02
 -0.274762660     -0.123906493      -4.75751646E-02
 -0.278425217     -0.124753289      -4.75026295E-02
 -0.281925350     -0.125540420      -4.74176779E-02
 -0.285266578     -0.126269817      -4.73210476E-02
 -0.288452268     -0.126943335      -4.72134352E-02
 -0.291485697     -0.127562761      -4.70955111E-02
 -0.294370085     -0.128129825      -4.69679087E-02
 -0.297108531     -0.128646210      -4.68312278E-02
 -0.299704045     -0.129113510      -4.66860421E-02
 -0.302159548     -0.129533276      -4.65328954E-02
 -0.304477841     -0.129906997      -4.63722982E-02
 -0.306661695     -0.130236104      -4.62047383E-02
 -0.308713764     -0.130521983      -4.60306779E-02
 -0.310636610     -0.130765960      -4.58505563E-02
 -0.312432706     -0.130969301      -4.56647798E-02
 -0.314104438     -0.131133243      -4.54737395E-02
 -0.315654159     -0.131258950      -4.52778041E-02
 -0.317084074     -0.131347537      -4.50773165E-02
 -0.318396330     -0.131400079      -4.48726006E-02
 -0.319593012     -0.131417617      -4.46639620E-02
 -0.320676088     -0.131401122      -4.44516838E-02
 -0.321647495     -0.131351531      -4.42360304E-02
 -0.322509080     -0.131269723      -4.40172516E-02
 -0.323262602     -0.131156564      -4.37955782E-02
 -0.323909730     -0.131012842      -4.35712226E-02
 -0.324452072     -0.130839318      -4.33443785E-02
 -0.324891180     -0.130636707      -4.31152247E-02
 -0.325228512     -0.130405694      -4.28839289E-02
 -0.325465471     -0.130146921      -4.26506400E-02
 -0.325603366     -0.129860982      -4.24154885E-02
 -0.325643420     -0.129548430      -4.21785936E-02
 -0.325586855     -0.129209787      -4.19400632E-02
 -0.325434774     -0.128845528      -4.16999832E-02
 -0.325188190     -0.128456101      -4.14584354E-02
 -0.324848086     -0.128041908      -4.12154794E-02
 -0.324415386     -0.127603322      -4.09711637E-02
 -0.323890924     -0.127140671      -4.07255255E-02
 -0.323275447     -0.126654252      -4.04785872E-02
 -0.322569668     -0.126144335      -4.02303599E-02
 -0.321774215     -0.125611141      -3.99808399E-02
 -0.320889652     -0.125054851      -3.97300087E-02
 -0.319916487     -0.124475628      -3.94778401E-02
 -0.318855166     -0.123873584      -3.92242894E-02
 -0.317706048     -0.123248808      -3.89693044E-02
 -0.316469461     -0.122601345      -3.87128182E-02
 -0.315145642     -0.121931218      -3.84547487E-02
 -0.313734770     -0.121238403      -3.81949991E-02
 -0.312236935     -0.120522849      -3.79334651E-02
 -0.310652196     -0.119784467      -3.76700275E-02
 -0.308980554     -0.119023137      -3.74045484E-02
 -0.307221949     -0.118238702      -3.71368825E-02
 -0.305376202     -0.117430978      -3.68668661E-02
 -0.303443134     -0.116599731      -3.65943238E-02
 -0.301422447     -0.115744710      -3.63190658E-02
 -0.299313843     -0.114865616      -3.60408872E-02
 -0.297116905     -0.113962121      -3.57595645E-02
 -0.294831157     -0.113033861      -3.54748629E-02
 -0.292456090     -0.112080432      -3.51865254E-02
 -0.289991140     -0.111101404      -3.48942876E-02
 -0.287435621     -0.110096306      -3.45978625E-02
 -0.284788817     -0.109064631      -3.42969485E-02
 -0.282049954     -0.108005844      -3.39912213E-02
 -0.279218197     -0.106919356      -3.36803421E-02
 -0.276292622     -0.105804548      -3.33639495E-02
 -0.273272246     -0.104660772      -3.30416672E-02
 -0.270156056     -0.103487335      -3.27130966E-02
 -0.266942918     -0.102283500      -3.23778167E-02
 -0.263631642     -0.101048499      -3.20353843E-02
 -0.260221004      -9.97815207E-02  -3.16853337E-02
 -0.256709695      -9.84817147E-02  -3.13271768E-02
 -0.253096342      -9.71481949E-02  -3.09603997E-02
 -0.249379501      -9.57800224E-02  -3.05844638E-02
 -0.245557651      -9.43762213E-02  -3.01988050E-02
 -0.241629198      -9.29357782E-02  -2.98028290E-02
 -0.237592503      -9.14576277E-02  -2.93959137E-02
 -0.233445853      -8.99406597E-02  -2.89774090E-02
 -0.229187429      -8.83837268E-02  -2.85466313E-02
 -0.224815384      -8.67856294E-02  -2.81028654E-02
 -0.220327780      -8.51451233E-02  -2.76453644E-02
 -0.215722591      -8.34609121E-02  -2.71733440E-02
 -0.210997745      -8.17316547E-02  -2.66859867E-02
 -0.206151083      -7.99559578E-02  -2.61824317E-02
 -0.201180369      -7.81323835E-02  -2.56617833E-02
 -0.196083292      -7.62594342E-02  -2.51231026E-02
 -0.190857470      -7.43355528E-02  -2.45654061E-02
 -0.185500443      -7.23591447E-02  -2.39876676E-02
 -0.180009663      -7.03285486E-02  -2.33888142E-02
 -0.174382508      -6.82420433E-02  -2.27677226E-02
 -0.168616265      -6.60978556E-02  -2.21232194E-02
 -0.162708163      -6.38941601E-02  -2.14540772E-02
 -0.156655326      -6.16290495E-02  -2.07590144E-02
 -0.150454804      -5.93005717E-02  -2.00366899E-02
 -0.144103572      -5.69067039E-02  -1.92857031E-02
 -0.137598500      -5.44453561E-02  -1.85045898E-02
 -0.130936369      -5.19143753E-02  -1.76918190E-02
 -0.124113895      -4.93115373E-02  -1.68457907E-02
 -0.117127687      -4.66345511E-02  -1.59648359E-02
 -0.109974265      -4.38810438E-02  -1.50472084E-02
 -0.102650061      -4.10485789E-02  -1.40910828E-02
  -9.51514170E-02  -3.81346382E-02  -1.30945537E-02
  -8.74745697E-02  -3.51366252E-02  -1.20556289E-02
  -7.96156675E-02  -3.20518650E-02  -1.09722279E-02
  -7.15707541E-02  -2.88776029E-02  -9.84217692E-03
  -6.33357763E-02  -2.56109964E-02  -8.66320357E-03
  -5.49065843E-02  -2.22491175E-02  -7.43293623E-03
  -4.62789237E-02  -1.87889505E-02  -6.14889525E-03
  -3.74484397E-02  -1.52273867E-02  -4.80849063E-03
  -2.84106620E-02  -1.15612261E-02  -3.40901734E-03
  -1.91610232E-02  -7.78717175E-03  -1.94764847E-03
  -9.69483983E-03  -3.90182878E-03  -4.21431498E-04
  -7.32019544E-06   9.82990023E-05   1.17271813E-03
