  -2.31670809      -1.40275955     -0.951736450    
  -2.26221085      -1.35970378     -0.908964157    
  -2.20885801      -1.31787729     -0.868039668    
  -2.15663910      -1.27724802     -0.828883410    
  -2.10552216      -1.23777914     -0.791419864    
  -2.05549669      -1.19944143     -0.755577624    
  -2.00652552      -1.16220319     -0.721286416    
  -1.95860338      -1.12603509     -0.688480020    
  -1.91169846      -1.09090281     -0.657095492    
  -1.86579490      -1.05678236     -0.627072632    
  -1.82087684      -1.02364624     -0.598351777    
  -1.77691245     -0.991462290     -0.570878029    
  -1.73389387     -0.960208237     -0.544597745    
  -1.69179964     -0.929857671     -0.519460440    
  -1.65060627     -0.900383830     -0.495417267    
  -1.61030293     -0.871762991     -0.472420484    
  -1.57086587     -0.843971312     -0.450426310    
  -1.53228176     -0.816987634     -0.429391205    
  -1.49452949     -0.790786743     -0.409274638    
  -1.45759583     -0.765348792     -0.390036911    
  -1.42146218     -0.740651309     -0.371640265    
  -1.38611269     -0.716674328     -0.354048938    
  -1.35153139     -0.693398058     -0.337228507    
  -1.31770241     -0.670801878     -0.321145862    
  -1.28461254     -0.648868084     -0.305769175    
  -1.25224590     -0.627576590     -0.291068345    
  -1.22058654     -0.606911004     -0.277014256    
  -1.18961859     -0.586852789     -0.263579369    
  -1.15933156     -0.567385256     -0.250737041    
  -1.12970936     -0.548491895     -0.238461971    
  -1.10073888     -0.530156136     -0.226729453    
  -1.07240808     -0.512363553     -0.215516493    
  -1.04469991     -0.495097369     -0.204800650    
  -1.01760626     -0.478343844     -0.194560573    
 -0.991110086     -0.462088317     -0.184775889    
 -0.965203166     -0.446316302     -0.175426900    
 -0.939869881     -0.431014746     -0.166494906    
 -0.915099442     -0.416170239     -0.157961950    
 -0.890881419     -0.401769429     -0.149810851    
 -0.867202520     -0.387800395     -0.142025217    
 -0.844052076     -0.374250621     -0.134589225    
 -0.821419537     -0.361108273     -0.127487838    
 -0.799293637     -0.348361850     -0.120706648    
 -0.777663112     -0.335999846     -0.114231758    
 -0.756518662     -0.324011743     -0.108050056    
 -0.735849142     -0.312386692     -0.102148786    
 -0.715645134     -0.301114291      -9.65158939E-02
 -0.695896149     -0.290184647      -9.11397263E-02
 -0.676592529     -0.279587895      -8.60092491E-02
 -0.657725334     -0.269314468      -8.11137259E-02
 -0.639284670     -0.259355277      -7.64430389E-02
 -0.621261537     -0.249701083      -7.19874278E-02
 -0.603646994     -0.240343228      -6.77375346E-02
 -0.586432219     -0.231273234      -6.36844188E-02
 -0.569608331     -0.222482786      -5.98197170E-02
 -0.553167105     -0.213963792      -5.61349913E-02
 -0.537100077     -0.205708370      -5.26226237E-02
 -0.521398902     -0.197708935      -4.92748283E-02
 -0.506055832     -0.189958021      -4.60846573E-02
 -0.491062969     -0.182448491      -4.30451483E-02
 -0.476411968     -0.175173089      -4.01498526E-02
 -0.462095946     -0.168125167      -3.73923108E-02
 -0.448107392     -0.161298454      -3.47665623E-02
 -0.434438378     -0.154685646      -3.22668105E-02
 -0.421082318     -0.148280799      -2.98874248E-02
 -0.408031553     -0.142077938      -2.76232753E-02
 -0.395279467     -0.136071116      -2.54692305E-02
 -0.382819444     -0.130254358      -2.34204866E-02
 -0.370644867     -0.124621719      -2.14724075E-02
 -0.358748436     -0.119168557      -1.96203589E-02
 -0.347124219     -0.113888584      -1.78603660E-02
 -0.335766196     -0.108777151      -1.61881242E-02
 -0.324667156     -0.103828974      -1.45998262E-02
 -0.313821763      -9.90390778E-02  -1.30918287E-02
 -0.303224057      -9.44028273E-02  -1.16603244E-02
 -0.292867422      -8.99155959E-02  -1.03020007E-02
 -0.282746553      -8.55723992E-02  -9.01371241E-03
 -0.272856146      -8.13692808E-02  -7.79214827E-03
 -0.263189614      -7.73019269E-02  -6.63432805E-03
 -0.253742278      -7.33653679E-02  -5.53727150E-03
 -0.244508192      -6.95566311E-02  -4.49849479E-03
 -0.235482723      -6.58707470E-02  -3.51518393E-03
 -0.226659238      -6.23044036E-02  -2.58468930E-03
 -0.218034446      -5.88536263E-02  -1.70485838E-03
 -0.209602386      -5.55147715E-02  -8.73042503E-04
 -0.201357737      -5.22841997E-02  -8.72545788E-05
 -0.193295211      -4.91582677E-02   6.54657662E-04
 -0.185411513      -4.61336635E-02   1.35484664E-03
 -0.177701309      -4.32074070E-02   2.01513362E-03
 -0.170158014      -4.03755233E-02   2.63750553E-03
 -0.162780285      -3.76353674E-02   3.22378334E-03
 -0.155561507      -3.49836200E-02   3.77562316E-03
 -0.148499012      -3.24176401E-02   4.29468043E-03
 -0.141586199      -2.99341157E-02   4.78277588E-03
 -0.134819090      -2.75300611E-02   5.24106948E-03
 -0.128195018      -2.52028313E-02   5.67121617E-03
 -0.121708713      -2.29504369E-02   6.07470656E-03
 -0.115356177      -2.07689069E-02   6.45269966E-03
 -0.109133452      -1.86562538E-02   6.80651935E-03
 -0.103035241      -1.66098271E-02   7.13765621E-03
  -9.70602036E-02  -1.46269798E-02   7.44710350E-03
  -9.12030563E-02  -1.27057238E-02   7.73602072E-03
  -8.54598135E-02  -1.08434092E-02   8.00540019E-03
  -7.98265114E-02  -9.03738849E-03   8.25673342E-03
  -7.42991790E-02  -7.28633674E-03   8.49068165E-03
  -6.88764751E-02  -5.58694219E-03   8.70823860E-03
  -6.35517985E-02  -3.93721787E-03   8.91056284E-03
  -5.83224818E-02  -2.33517750E-03   9.09848325E-03
  -5.31858876E-02  -7.79496273E-04   9.27282684E-03
  -4.81367111E-02   7.33137131E-04   9.43458732E-03
  -4.31736298E-02   2.20404728E-03   9.58459266E-03
  -3.82926725E-02   3.63588333E-03   9.72350407E-03
  -3.34898643E-02   5.02930768E-03   9.85215139E-03
  -2.87612285E-02   6.38763094E-03   9.97136068E-03
  -2.41041183E-02   7.71217886E-03   1.00819599E-02
  -1.95158850E-02   9.00493748E-03   1.01846121E-02
  -1.49925547E-02   1.02672316E-02   1.02798147E-02
  -1.05314786E-02   1.15010478E-02   1.03683937E-02
  -6.12868182E-03   1.27083724E-02   1.04511781E-02
  -1.78019202E-03   1.38911940E-02   1.05286641E-02
   2.51399144E-03   1.50508350E-02   1.06013482E-02
   6.75916672E-03   1.61892846E-02   1.06702251E-02
   1.09593077E-02   1.73078645E-02   1.07354587E-02
   1.51157379E-02   1.84085630E-02   1.07980436E-02
   1.92311071E-02   1.94927063E-02   1.08584762E-02
   2.33093891E-02   2.05622781E-02   1.09172529E-02
   2.73545589E-02   2.16186047E-02   1.09750368E-02
   3.13679390E-02   2.26630103E-02   1.10323234E-02
   3.53535004E-02   2.36974824E-02   1.10897757E-02
   3.93138975E-02   2.47240067E-02   1.11480551E-02
   4.32517789E-02   2.57432461E-02   1.12074949E-02
   4.71697897E-02   2.67575178E-02   1.12689203E-02
   5.10719083E-02   2.77678166E-02   1.13326646E-02
   5.49594574E-02   2.87761297E-02   1.13993883E-02
   5.88364080E-02   2.97834482E-02   1.14697553E-02
   6.27054125E-02   3.07917595E-02   1.15444260E-02
   6.65704384E-02   3.18023898E-02   1.16237337E-02
   7.04328194E-02   3.28169912E-02   1.17083387E-02
   7.42952004E-02   3.38368937E-02   1.17990710E-02
   7.81602338E-02   3.48637514E-02   1.18962592E-02
   8.20332095E-02   3.58988829E-02   1.20007331E-02
   8.59141350E-02   3.69442850E-02   1.21129882E-02
   8.98083076E-02   3.80009413E-02   1.22336876E-02
   9.37157199E-02   3.90708447E-02   1.23634934E-02
   9.76416767E-02   4.01553176E-02   1.25032328E-02
  0.101588830       4.12560180E-02   1.26534039E-02
  0.105558500       4.23745960E-02   1.28149986E-02
  0.109553337       4.35123853E-02   1.29883485E-02
  0.113578640       4.46710326E-02   1.31744482E-02
  0.117635727       4.58521992E-02   1.33739579E-02
  0.121727258       4.70572039E-02   1.35878725E-02
  0.125855863       4.82883714E-02   1.38168531E-02
  0.130025551       4.95470241E-02   1.40618943E-02
  0.134238929       5.08344844E-02   1.43236583E-02
  0.138497353       5.21527380E-02   1.46031380E-02
  0.142806113       5.35037778E-02   1.49013270E-02
  0.147167847       5.48889227E-02   1.52192181E-02
  0.151583880       5.63101619E-02   1.55578060E-02
  0.156058207       5.77691533E-02   1.59180835E-02
  0.160593450       5.92675470E-02   1.63012072E-02
  0.165192947       6.08076639E-02   1.67082585E-02
  0.169859990       6.23911619E-02   1.71403922E-02
  0.174597904       6.40196949E-02   1.75989345E-02
  0.179408655       6.56955764E-02   1.80851258E-02
  0.184295580       6.74208030E-02   1.86002087E-02
  0.189263284       6.91970214E-02   1.91456750E-02
  0.194313124       7.10265487E-02   1.97229292E-02
  0.199449062       7.29113817E-02   2.03333795E-02
  0.204675063       7.48538300E-02   2.09786817E-02
  0.209993124       7.68558830E-02   2.16603279E-02
  0.215407208       7.89198577E-02   2.23802198E-02
  0.220920637       8.10477436E-02   2.31399313E-02
  0.226536721       8.32421929E-02   2.39413641E-02
  0.232258767       8.55058432E-02   2.47865096E-02
  0.238090098       8.78403559E-02   2.56772675E-02
  0.244034663       9.02487189E-02   2.66157091E-02
  0.250095785       9.27335694E-02   2.76040696E-02
  0.256277442       9.52972323E-02   2.86445841E-02
  0.262582302       9.79420245E-02   2.97396556E-02
  0.269014955      0.100671582       3.08916792E-02
  0.275578767      0.103487901       3.21033113E-02
  0.282276988      0.106394127       3.33771929E-02
  0.289114326      0.109393232       3.47161442E-02
  0.296094686      0.112488031       3.61231454E-02
  0.303221077      0.115681686       3.76012586E-02
  0.310498118      0.118977159       3.91535461E-02
  0.317929864      0.122378111       4.07834463E-02
  0.325520158      0.125887334       4.24944684E-02
  0.333273083      0.129508466       4.42901850E-02
  0.341193199      0.133245021       4.61744331E-02
  0.349284530      0.137100458       4.81511541E-02
  0.357551694      0.141078308       5.02244905E-02
  0.365999013      0.145182505       5.23988158E-02
  0.374630779      0.149416849       5.46785481E-02
  0.383451581      0.153785199       5.70684858E-02
  0.392465949      0.158291727       5.95735386E-02
  0.401679009      0.162940472       6.21988103E-02
  0.411095053      0.167735755       6.49497211E-02
  0.420719266      0.172681913       6.78318664E-02
  0.430556417      0.177783459       7.08510950E-02
