  -2.34435105      -1.06852889     -0.486879081    
  -2.28926563      -1.03576744     -0.465017647    
  -2.23534369      -1.00394130     -0.444100201    
  -2.18256211     -0.973024428     -0.424086422    
  -2.13089824     -0.942991734     -0.404937744    
  -2.08032990     -0.913818777     -0.386617213    
  -2.03083539     -0.885481775     -0.369089425    
  -1.98239315     -0.857957602     -0.352320522    
  -1.93498242     -0.831223726     -0.336278111    
  -1.88858259     -0.805258274     -0.320931107    
  -1.84317338     -0.780039966     -0.306249797    
  -1.79873514     -0.755548000     -0.292205721    
  -1.75524843     -0.731762350     -0.278771639    
  -1.71269417     -0.708663285     -0.265921474    
  -1.67105365     -0.686231852     -0.253630251    
  -1.63030851     -0.664449513     -0.241874054    
  -1.59044087     -0.643298090     -0.230630010    
  -1.55143297     -0.622760177     -0.219876185    
  -1.51326752     -0.602818668     -0.209591597    
  -1.47592747     -0.583456874     -0.199756160    
  -1.43939626     -0.564658761     -0.190350652    
  -1.40365744     -0.546408594     -0.181356639    
  -1.36869502     -0.528690994     -0.172756508    
  -1.33449328     -0.511491239     -0.164533392    
  -1.30103672     -0.494794756     -0.156671122    
  -1.26831019     -0.478587538     -0.149154216    
  -1.23629880     -0.462855905     -0.141967893    
  -1.20498800     -0.447586536     -0.135097951    
  -1.17436349     -0.432766467     -0.128530830    
  -1.14441109     -0.418383151     -0.122253530    
  -1.11511719     -0.404424340     -0.116253607    
  -1.08646822     -0.390878111     -0.110519156    
  -1.05845082     -0.377732903     -0.105038770    
  -1.03105211     -0.364977449      -9.98015404E-02
  -1.00425923     -0.352600724      -9.47970077E-02
 -0.978059709     -0.340592116      -9.00151730E-02
 -0.952441275     -0.328941226      -8.54464546E-02
 -0.927391827     -0.317638010      -8.10816810E-02
 -0.902899504     -0.306672603      -7.69120753E-02
 -0.878952742     -0.296035528      -7.29292333E-02
 -0.855540156     -0.285717458      -6.91251084E-02
 -0.832650542     -0.275709361      -6.54919967E-02
 -0.810272932     -0.266002446      -6.20225258E-02
 -0.788396597     -0.256588221      -5.87096363E-02
 -0.767010927     -0.247458324      -5.55465706E-02
 -0.746105611     -0.238604665      -5.25268614E-02
 -0.725670457     -0.230019405      -4.96443100E-02
 -0.705695450     -0.221694902      -4.68929932E-02
 -0.686170876     -0.213623703      -4.42672297E-02
 -0.667087078     -0.205798566      -4.17615883E-02
 -0.648434639     -0.198212460      -3.93708646E-02
 -0.630204260     -0.190858528      -3.70900817E-02
 -0.612386882     -0.183730111      -3.49144712E-02
 -0.594973624     -0.176820710      -3.28394696E-02
 -0.577955723     -0.170124054      -3.08607072E-02
 -0.561324596     -0.163633987      -2.89740022E-02
 -0.545071840     -0.157344535      -2.71753501E-02
 -0.529189110     -0.151249915      -2.54609175E-02
 -0.513668358     -0.145344451      -2.38270350E-02
 -0.498501599     -0.139622673      -2.22701915E-02
 -0.483680993     -0.134079233      -2.07870211E-02
 -0.469198883     -0.128708914      -1.93743072E-02
 -0.455047697     -0.123506658      -1.80289652E-02
 -0.441220045     -0.118467540      -1.67480465E-02
 -0.427708685     -0.113586776      -1.55287255E-02
 -0.414506465     -0.108859695      -1.43682975E-02
 -0.401606381     -0.104281776      -1.32641736E-02
 -0.389001548      -9.98485759E-02  -1.22138755E-02
 -0.376685202      -9.55558196E-02  -1.12150302E-02
 -0.364650726      -9.13993120E-02  -1.02653662E-02
 -0.352891564      -8.73749852E-02  -9.36270785E-03
 -0.341401368      -8.34788904E-02  -8.50497186E-03
 -0.330173820      -7.97071531E-02  -7.69016519E-03
 -0.319202751      -7.60560259E-02  -6.91637769E-03
 -0.308482081      -7.25218579E-02  -6.18178165E-03
 -0.298005879      -6.91010877E-02  -5.48462663E-03
 -0.287768275      -6.57902583E-02  -4.82323579E-03
 -0.277763486      -6.25859872E-02  -4.19600401E-03
 -0.267985880      -5.94849885E-02  -3.60139413E-03
 -0.258429915      -5.64840734E-02  -3.03793373E-03
 -0.249090105      -5.35801202E-02  -2.50421255E-03
 -0.239961088      -5.07700928E-02  -1.99887971E-03
 -0.231037587      -4.80510406E-02  -1.52064138E-03
 -0.222314402      -4.54200767E-02  -1.06825808E-03
 -0.213786438      -4.28743958E-02  -6.40542130E-04
 -0.205448657      -4.04112674E-02  -2.36355496E-04
 -0.197296143      -3.80280204E-02   1.45392114E-04
 -0.189324021      -3.57220657E-02   5.05745877E-04
 -0.181527525      -3.34908627E-02   8.45707371E-04
 -0.173901945      -3.13319415E-02   1.16623682E-03
 -0.166442662      -2.92428974E-02   1.46825507E-03
 -0.159145117      -2.72213817E-02   1.75264478E-03
 -0.152004838      -2.52650995E-02   2.02025264E-03
 -0.145017400      -2.33718175E-02   2.27189111E-03
 -0.138178468      -2.15393528E-02   2.50833947E-03
 -0.131483749      -1.97655763E-02   2.73034605E-03
 -0.124929041      -1.80484056E-02   2.93862913E-03
 -0.118510187      -1.63858104E-02   3.13387811E-03
 -0.112223096      -1.47758098E-02   3.31675587E-03
 -0.106063731      -1.32164629E-02   3.48789943E-03
 -0.100028120      -1.17058754E-02   3.64792044E-03
  -9.41123441E-02  -1.02421949E-02   3.79740773E-03
  -8.83125365E-02  -8.82360991E-03   3.93692777E-03
  -8.26248825E-02  -7.44834915E-03   4.06702608E-03
  -7.70456269E-02  -6.11467892E-03   4.18822747E-03
  -7.15710521E-02  -4.82090143E-03   4.30103811E-03
  -6.61974996E-02  -3.56535427E-03   4.40594601E-03
  -6.09213486E-02  -2.34640948E-03   4.50342242E-03
  -5.57390265E-02  -1.16247113E-03   4.59392183E-03
  -5.06470054E-02  -1.19748684E-05   4.67788382E-03
  -4.56418023E-02   1.10661343E-03   4.75573353E-03
  -4.07199673E-02   2.19479972E-03   4.82788216E-03
  -3.58780958E-02   3.25406226E-03   4.89472877E-03
  -3.11128180E-02   4.28585289E-03   4.95666033E-03
  -2.64208037E-02   5.29159931E-03   5.01405168E-03
  -2.17987541E-02   6.27270341E-03   5.06726839E-03
  -1.72434095E-02   7.23054633E-03   5.11666527E-03
  -1.27515364E-02   8.16648733E-03   5.16258925E-03
  -8.31993669E-03   9.08186287E-03   5.20537794E-03
  -3.94543773E-03   9.97799169E-03   5.24536148E-03
   3.75101343E-04   1.08561749E-02   5.28286351E-03
   4.64479439E-03   1.17176948E-02   5.31820115E-03
   8.86673108E-03   1.25638172E-02   5.35168499E-03
   1.30439755E-02   1.33957947E-02   5.38362097E-03
   1.71795692E-02   1.42148659E-02   5.41431084E-03
   2.12765317E-02   1.50222527E-02   5.44405216E-03
   2.53378619E-02   1.58191696E-02   5.47313970E-03
   2.93665379E-02   1.66068152E-02   5.50186448E-03
   3.33655216E-02   1.73863824E-02   5.53051615E-03
   3.73377576E-02   1.81590505E-02   5.55938249E-03
   4.12861705E-02   1.89259946E-02   5.58875082E-03
   4.52136770E-02   1.96883809E-02   5.61890705E-03
   4.91231792E-02   2.04473678E-02   5.65013802E-03
   5.30175678E-02   2.12041121E-02   5.68273151E-03
   5.68997189E-02   2.19597612E-02   5.71697624E-03
   6.07724972E-02   2.27154661E-02   5.75316232E-03
   6.46387637E-02   2.34723687E-02   5.79158310E-03
   6.85013756E-02   2.42316127E-02   5.83253475E-03
   7.23631755E-02   2.49943379E-02   5.87631715E-03
   7.62270093E-02   2.57616919E-02   5.92323393E-03
   8.00957158E-02   2.65348125E-02   5.97359426E-03
   8.39721262E-02   2.73148511E-02   6.02771249E-03
   8.78590792E-02   2.81029567E-02   6.08590897E-03
   9.17594060E-02   2.89002806E-02   6.14851108E-03
   9.56759453E-02   2.97079831E-02   6.21585269E-03
   9.96115357E-02   3.05272285E-02   6.28827605E-03
  0.103569016       3.13591883E-02   6.36613322E-03
  0.107551239       3.22050415E-02   6.44978415E-03
  0.111561053       3.30659822E-02   6.53959950E-03
  0.115601316       3.39432023E-02   6.63596112E-03
  0.119674891       3.48379165E-02   6.73926203E-03
  0.123784661       3.57513428E-02   6.84990734E-03
  0.127933517       3.66847180E-02   6.96831569E-03
  0.132124349       3.76392864E-02   7.09492015E-03
  0.136360079       3.86163108E-02   7.23016774E-03
  0.140643626       3.96170765E-02   7.37452134E-03
  0.144977942       4.06428762E-02   7.52846105E-03
  0.149365991       4.16950174E-02   7.69248372E-03
  0.153810740       4.27748449E-02   7.86710531E-03
  0.158315182       4.38837074E-02   8.05286039E-03
  0.162882328       4.50229757E-02   8.25030543E-03
  0.167515233       4.61940467E-02   8.46001692E-03
  0.172216952       4.73983437E-02   8.68259557E-03
  0.176990569       4.86373119E-02   8.91866442E-03
  0.181839183       4.99124229E-02   9.16887354E-03
  0.186765954       5.12251705E-02   9.43389721E-03
  0.191774026       5.25770821E-02   9.71443951E-03
  0.196866602       5.39697148E-02   1.00112315E-02
  0.202046901       5.54046519E-02   1.03250360E-02
  0.207318187       5.68835177E-02   1.06566483E-02
  0.212683752       5.84079586E-02   1.10068955E-02
  0.218146920       5.99796586E-02   1.13766398E-02
  0.223711044       6.16003387E-02   1.17667811E-02
  0.229379520       6.32717609E-02   1.21782571E-02
  0.235155791       6.49957284E-02   1.26120457E-02
  0.241043329       6.67740628E-02   1.30691668E-02
  0.247045651       6.86086640E-02   1.35506857E-02
  0.253166318       7.05014393E-02   1.40577117E-02
  0.259408921       7.24543557E-02   1.45914033E-02
  0.265777111       7.44694248E-02   1.51529685E-02
  0.272274613       7.65487179E-02   1.57436691E-02
  0.278905123       7.86943436E-02   1.63648222E-02
  0.285672486       8.09084550E-02   1.70178022E-02
  0.292580515       8.31932649E-02   1.77040435E-02
  0.299633116       8.55510458E-02   1.84250437E-02
  0.306834251       8.79841149E-02   1.91823654E-02
  0.314187914       9.04948711E-02   1.99776404E-02
  0.321698159       9.30857435E-02   2.08125748E-02
  0.329369128       9.57592428E-02   2.16889475E-02
  0.337205023       9.85179245E-02   2.26086155E-02
  0.345210075      0.101364434       2.35735197E-02
  0.353388608      0.104301460       2.45856848E-02
  0.361745000      0.107331783       2.56472267E-02
  0.370283693      0.110458247       2.67603546E-02
  0.379009187      0.113683760       2.79273763E-02
  0.387926072      0.117011331       2.91507021E-02
  0.397039026      0.120444022       3.04328464E-02
  0.406352758      0.123984993       3.17764394E-02
  0.415872097      0.127637476       3.31842229E-02
  0.425601929      0.131404802       3.46590653E-02
  0.435547203      0.135290369       3.62039581E-02
