   0.00000000       0.00000000       0.00000000    
   0.00000000       0.00000000       1.24579249E-02
   0.00000000       0.00000000       2.46990807E-02
   0.00000000       0.00000000       3.67272235E-02
   0.00000000       0.00000000       4.85460274E-02
   0.00000000       0.00000000       6.01591133E-02
   0.00000000       0.00000000       7.15700313E-02
   0.00000000       0.00000000       8.27822760E-02
   0.00000000       0.00000000       9.37992707E-02
   0.00000000       0.00000000      0.104624383    
   0.00000000       0.00000000      0.115260921    
   0.00000000       0.00000000      0.125712126    
   0.00000000       0.00000000      0.135981187    
   0.00000000       0.00000000      0.146071211    
   0.00000000       0.00000000      0.155985281    
   0.00000000       0.00000000      0.165726408    
   0.00000000       0.00000000      0.175325960    
   0.00000000       0.00000000      0.184730023    
   0.00000000       0.00000000      0.193969831    
   0.00000000       0.00000000      0.203048185    
   0.00000000       0.00000000      0.211967811    
   0.00000000       0.00000000      0.220731378    
   0.00000000       0.00000000      0.229341537    
   0.00000000       0.00000000      0.237800851    
   0.00000000       0.00000000      0.246111840    
   0.00000000       0.00000000      0.254276991    
   0.00000000       0.00000000      0.262298703    
   0.00000000       0.00000000      0.270179391    
   0.00000000       0.00000000      0.277921349    
   0.00000000       0.00000000      0.285526842    
   0.00000000       0.00000000      0.293020189    
   0.00000000       0.00000000      0.300403178    
   0.00000000       0.00000000      0.307612479    
   0.00000000       0.00000000      0.314693958    
   0.00000000       0.00000000      0.321670324    
   0.00000000       0.00000000      0.328502178    
   0.00000000       0.00000000      0.335212171    
   0.00000000       0.00000000      0.341802210    
   0.00000000       0.00000000      0.348274142    
   0.00000000       0.00000000      0.354629785    
   0.00000000       0.00000000      0.360870898    
   0.00000000       0.00000000      0.366999209    
   0.00000000       0.00000000      0.373016387    
   0.00000000       0.00000000      0.378924102    
   0.00000000       0.00000000      0.384723932    
   0.00000000       0.00000000      0.390417457    
   0.00000000       0.00000000      0.396006167    
   0.00000000       0.00000000      0.401491523    
   0.00000000       0.00000000      0.406874955    
   0.00000000       0.00000000      0.412157863    
   0.00000000       0.00000000      0.417341620    
   0.00000000       0.00000000      0.422427505    
   0.00000000       0.00000000      0.427416801    
   0.00000000       0.00000000      0.432310730    
   0.00000000       0.00000000      0.437110484    
   0.00000000       0.00000000      0.441817224    
   0.00000000       0.00000000      0.446447223    
   0.00000000       0.00000000      0.450971216    
   0.00000000       0.00000000      0.455405414    
   0.00000000       0.00000000      0.459750831    
   0.00000000       0.00000000      0.464008391    
   0.00000000       0.00000000      0.468193561    
   0.00000000       0.00000000      0.472278208    
   0.00000000       0.00000000      0.476277649    
   0.00000000       0.00000000      0.480192721    
   0.00000000       0.00000000      0.484024197    
   0.00000000       0.00000000      0.487772822    
   0.00000000       0.00000000      0.491439283    
   0.00000000       0.00000000      0.495024234    
   0.00000000       0.00000000      0.498528332    
   0.00000000       0.00000000      0.501952171    
   0.00000000       0.00000000      0.505296230    
   0.00000000       0.00000000      0.508574307    
   0.00000000       0.00000000      0.511760473    
   0.00000000       0.00000000      0.514868319    
   0.00000000       0.00000000      0.517898262    
   0.00000000       0.00000000      0.520850718    
   0.00000000       0.00000000      0.523726046    
   0.00000000       0.00000000      0.526524484    
   0.00000000       0.00000000      0.529246330    
   0.00000000       0.00000000      0.531891823    
   0.00000000       0.00000000      0.534461141    
   0.00000000       0.00000000      0.536954463    
   0.00000000       0.00000000      0.539371848    
   0.00000000       0.00000000      0.541713417    
   0.00000000       0.00000000      0.543979228    
   0.00000000       0.00000000      0.546169341    
   0.00000000       0.00000000      0.548283696    
   0.00000000       0.00000000      0.550322235    
   0.00000000       0.00000000      0.552284837    
   0.00000000       0.00000000      0.554171383    
   0.00000000       0.00000000      0.555981755    
   0.00000000       0.00000000      0.557715714    
   0.00000000       0.00000000      0.559373021    
   0.00000000       0.00000000      0.560953379    
   0.00000000       0.00000000      0.562456489    
   0.00000000       0.00000000      0.563881993    
   0.00000000       0.00000000      0.565229535    
   0.00000000       0.00000000      0.566498697    
   0.00000000       0.00000000      0.567689002    
   0.00000000       0.00000000      0.568799973    
   0.00000000       0.00000000      0.569831014    
   0.00000000       0.00000000      0.570781589    
   0.00000000       0.00000000      0.571651101    
   0.00000000       0.00000000      0.572438896    
   0.00000000       0.00000000      0.573144257    
   0.00000000       0.00000000      0.573766470    
   0.00000000       0.00000000      0.574304819    
   0.00000000       0.00000000      0.574758410    
   0.00000000       0.00000000      0.575126469    
   0.00000000       0.00000000      0.575408041    
   0.00000000       0.00000000      0.575602293    
   0.00000000       0.00000000      0.575708210    
   0.00000000       0.00000000      0.575724781    
   0.00000000       0.00000000      0.575650990    
   0.00000000       0.00000000      0.575485706    
   0.00000000       0.00000000      0.575227797    
   0.00000000       0.00000000      0.574891925    
   0.00000000       0.00000000      0.574477077    
   0.00000000       0.00000000      0.573934197    
   0.00000000       0.00000000      0.573310196    
   0.00000000       0.00000000      0.572604001    
   0.00000000       0.00000000      0.571764410    
   0.00000000       0.00000000      0.570840299    
   0.00000000       0.00000000      0.569830418    
   0.00000000       0.00000000      0.568681300    
   0.00000000       0.00000000      0.567425907    
   0.00000000       0.00000000      0.566080868    
   0.00000000       0.00000000      0.564608097    
   0.00000000       0.00000000      0.563024104    
   0.00000000       0.00000000      0.561346173    
   0.00000000       0.00000000      0.559534371    
   0.00000000       0.00000000      0.557605982    
   0.00000000       0.00000000      0.555579066    
   0.00000000       0.00000000      0.553411603    
   0.00000000       0.00000000      0.551121712    
   0.00000000       0.00000000      0.548728347    
   0.00000000       0.00000000      0.546187341    
   0.00000000       0.00000000      0.543517590    
   0.00000000       0.00000000      0.540739000    
   0.00000000       0.00000000      0.537805021    
   0.00000000       0.00000000      0.534735560    
   0.00000000       0.00000000      0.531551540    
   0.00000000       0.00000000      0.528250873    
   0.00000000       0.00000000      0.524760425    
   0.00000000       0.00000000      0.521149218    
   0.00000000       0.00000000      0.517415166    
   0.00000000       0.00000000      0.513481021    
   0.00000000       0.00000000      0.509393573    
   0.00000000       0.00000000      0.505176544    
   0.00000000       0.00000000      0.500774324    
   0.00000000       0.00000000      0.496210396    
   0.00000000       0.00000000      0.491481811    
   0.00000000       0.00000000      0.486585587    
   0.00000000       0.00000000      0.481518686    
   0.00000000       0.00000000      0.476277918    
   0.00000000       0.00000000      0.470860124    
   0.00000000       0.00000000      0.465262026    
   0.00000000       0.00000000      0.459480286    
   0.00000000       0.00000000      0.453511536    
   0.00000000       0.00000000      0.447352320    
   0.00000000       0.00000000      0.440999091    
   0.00000000       0.00000000      0.434448242    
   0.00000000       0.00000000      0.427696109    
   0.00000000       0.00000000      0.420738965    
   0.00000000       0.00000000      0.413572967    
   0.00000000       0.00000000      0.406194240    
   0.00000000       0.00000000      0.398598790    
   0.00000000       0.00000000      0.390819967    
   0.00000000       0.00000000      0.382778943    
   0.00000000       0.00000000      0.374508858    
   0.00000000       0.00000000      0.366044939    
   0.00000000       0.00000000      0.357303828    
   0.00000000       0.00000000      0.348320603    
   0.00000000       0.00000000      0.339132458    
   0.00000000       0.00000000      0.329651326    
   0.00000000       0.00000000      0.319914281    
   0.00000000       0.00000000      0.309916496    
   0.00000000       0.00000000      0.299653143    
   0.00000000       0.00000000      0.289119273    
   0.00000000       0.00000000      0.278309822    
   0.00000000       0.00000000      0.267219663    
   0.00000000       0.00000000      0.255843580    
   0.00000000       0.00000000      0.244176269    
   0.00000000       0.00000000      0.232212305    
   0.00000000       0.00000000      0.219946176    
   0.00000000       0.00000000      0.207372278    
   0.00000000       0.00000000      0.194484904    
   0.00000000       0.00000000      0.181278229    
   0.00000000       0.00000000      0.167746365    
   0.00000000       0.00000000      0.153883278    
   0.00000000       0.00000000      0.139682859    
   0.00000000       0.00000000      0.125138879    
   0.00000000       0.00000000      0.110245012    
   0.00000000       0.00000000       9.49947983E-02
   0.00000000       0.00000000       7.93816894E-02
   0.00000000       0.00000000       6.34615421E-02
   0.00000000       0.00000000       4.71025109E-02
   0.00000000       0.00000000       3.03602163E-02
   0.00000000       0.00000000       1.32936779E-02
   0.00000000       2.77647958E-03  -1.25861447E-03
