   0.00000000       0.00000000       0.00000000       1.00000000    
   0.00000000       0.00000000       5.46619412E-05   1.00000000    
   0.00000000       0.00000000       2.17379609E-04   1.00000000    
   0.00000000       0.00000000       4.86272736E-04  0.999999881    
   0.00000000       0.00000000       8.59493506E-04  0.999999642    
   0.00000000       0.00000000       1.33522600E-03  0.999999106    
   0.00000000       0.00000000       1.91168557E-03  0.999998152    
   0.00000000       0.00000000       2.58711795E-03  0.999996662    
   0.00000000       0.00000000       3.35979904E-03  0.999994338    
   0.00000000       0.00000000       4.22803406E-03  0.999991059    
   0.00000000       0.00000000       5.19015733E-03  0.999986529    
   0.00000000       0.00000000       6.24453044E-03  0.999980509    
   0.00000000       0.00000000       7.38954265E-03  0.999972701    
   0.00000000       0.00000000       8.62361118E-03  0.999962807    
   0.00000000       0.00000000       9.94517747E-03  0.999950528    
   0.00000000       0.00000000       1.13527104E-02  0.999935567    
   0.00000000       0.00000000       1.28449518E-02  0.999917507    
   0.00000000       0.00000000       1.44201703E-02  0.999896049    
   0.00000000       0.00000000       1.60769075E-02  0.999870777    
   0.00000000       0.00000000       1.78137273E-02  0.999841332    
   0.00000000       0.00000000       1.96292177E-02  0.999807358    
   0.00000000       0.00000000       2.15219874E-02  0.999768376    
   0.00000000       0.00000000       2.34906673E-02  0.999724030    
   0.00000000       0.00000000       2.55339090E-02  0.999673903    
   0.00000000       0.00000000       2.76503842E-02  0.999617577    
   0.00000000       0.00000000       2.98387855E-02  0.999554634    
   0.00000000       0.00000000       3.20978239E-02  0.999484658    
   0.00000000       0.00000000       3.44262272E-02  0.999407172    
   0.00000000       0.00000000       3.68227437E-02  0.999321759    
   0.00000000       0.00000000       3.92861404E-02  0.999227941    
   0.00000000       0.00000000       4.18151990E-02  0.999125302    
   0.00000000       0.00000000       4.44091074E-02  0.999013364    
   0.00000000       0.00000000       4.70664836E-02  0.998891711    
   0.00000000       0.00000000       4.97859716E-02  0.998759866    
   0.00000000       0.00000000       5.25664166E-02  0.998617411    
   0.00000000       0.00000000       5.54068610E-02  0.998463869    
   0.00000000       0.00000000       5.83060011E-02  0.998298764    
   0.00000000       0.00000000       6.12627268E-02  0.998121679    
   0.00000000       0.00000000       6.42759427E-02  0.997932196    
   0.00000000       0.00000000       6.73445612E-02  0.997729838    
   0.00000000       0.00000000       7.04675168E-02  0.997514129    
   0.00000000       0.00000000       7.36437514E-02  0.997284651    
   0.00000000       0.00000000       7.68722147E-02  0.997040987    
   0.00000000       0.00000000       8.01518783E-02  0.996782720    
   0.00000000       0.00000000       8.34817141E-02  0.996509373    
   0.00000000       0.00000000       8.68607089E-02  0.996220529    
   0.00000000       0.00000000       9.02878642E-02  0.995915771    
   0.00000000       0.00000000       9.37621817E-02  0.995594680    
   0.00000000       0.00000000       9.72826853E-02  0.995256841    
   0.00000000       0.00000000      0.100848399      0.994901836    
   0.00000000       0.00000000      0.104458354      0.994529307    
   0.00000000       0.00000000      0.108111605      0.994138837    
   0.00000000       0.00000000      0.111807197      0.993730009    
   0.00000000       0.00000000      0.115544192      0.993302405    
   0.00000000       0.00000000      0.119321659      0.992855728    
   0.00000000       0.00000000      0.123138674      0.992389560    
   0.00000000       0.00000000      0.126994312      0.991903543    
   0.00000000       0.00000000      0.130887806      0.991397262    
   0.00000000       0.00000000      0.134818122      0.990870416    
   0.00000000       0.00000000      0.138784349      0.990322709    
   0.00000000       0.00000000      0.142785609      0.989753723    
   0.00000000       0.00000000      0.146821126      0.989163160    
   0.00000000       0.00000000      0.150889903      0.988550663    
   0.00000000       0.00000000      0.154991075      0.987915933    
   0.00000000       0.00000000      0.159123763      0.987258732    
   0.00000000       0.00000000      0.163287088      0.986578703    
   0.00000000       0.00000000      0.167480215      0.985875547    
   0.00000000       0.00000000      0.171702266      0.985149026    
   0.00000000       0.00000000      0.175952390      0.984398842    
   0.00000000       0.00000000      0.180229753      0.983624697    
   0.00000000       0.00000000      0.184533492      0.982826352    
   0.00000000       0.00000000      0.188862771      0.982003629    
   0.00000000       0.00000000      0.193216875      0.981156230    
   0.00000000       0.00000000      0.197594836      0.980283916    
   0.00000000       0.00000000      0.201995835      0.979386508    
   0.00000000       0.00000000      0.206419021      0.978463829    
   0.00000000       0.00000000      0.210863590      0.977515638    
   0.00000000       0.00000000      0.215328693      0.976541758    
   0.00000000       0.00000000      0.219813511      0.975542009    
   0.00000000       0.00000000      0.224317238      0.974516273    
   0.00000000       0.00000000      0.228839025      0.973464370    
   0.00000000       0.00000000      0.233378068      0.972386181    
   0.00000000       0.00000000      0.237933546      0.971281528    
   0.00000000       0.00000000      0.242504641      0.970150352    
   0.00000000       0.00000000      0.247090533      0.968992531    
   0.00000000       0.00000000      0.251690418      0.967807949    
   0.00000000       0.00000000      0.256303459      0.966596544    
   0.00000000       0.00000000      0.260928839      0.965358198    
   0.00000000       0.00000000      0.265565753      0.964092910    
   0.00000000       0.00000000      0.270213395      0.962800622    
   0.00000000       0.00000000      0.274870932      0.961481273    
   0.00000000       0.00000000      0.279537559      0.960134923    
   0.00000000       0.00000000      0.284212470      0.958761513    
   0.00000000       0.00000000      0.288894832      0.957361042    
   0.00000000       0.00000000      0.293583840      0.955933511    
   0.00000000       0.00000000      0.298278660      0.954479039    
   0.00000000       0.00000000      0.302978486      0.952997625    
   0.00000000       0.00000000      0.307682514      0.951489329    
   0.00000000       0.00000000      0.312389910      0.949954212    
   0.00000000       0.00000000      0.317099839      0.948392391    
   0.00000000       0.00000000      0.321811497      0.946803987    
   0.00000000       0.00000000      0.326524049      0.945189118    
   0.00000000       0.00000000      0.331236690      0.943547904    
   0.00000000       0.00000000      0.335948586      0.941880524    
   0.00000000       0.00000000      0.340658903      0.940187156    
   0.00000000       0.00000000      0.345366806      0.938467979    
   0.00000000       0.00000000      0.350071490      0.936723173    
   0.00000000       0.00000000      0.354772091      0.934952974    
   0.00000000       0.00000000      0.359467804      0.933157623    
   0.00000000       0.00000000      0.364157766      0.931337416    
   0.00000000       0.00000000      0.368841171      0.929492593    
   0.00000000       0.00000000      0.373517156      0.927623451    
   0.00000000       0.00000000      0.378184885      0.925730288    
   0.00000000       0.00000000      0.382843524      0.923813403    
   0.00000000       0.00000000      0.387492210      0.921873152    
   0.00000000       0.00000000      0.392130107      0.919909954    
   0.00000000       0.00000000      0.396756351      0.917924166    
   0.00000000       0.00000000      0.401370108      0.915916145    
   0.00000000       0.00000000      0.405970752      0.913886249    
   0.00000000       0.00000000      0.410557300      0.911834955    
   0.00000000       0.00000000      0.415128797      0.909762800    
   0.00000000       0.00000000      0.419684619      0.907670140    
   0.00000000       0.00000000      0.424223751      0.905557573    
   0.00000000       0.00000000      0.428745210      0.903425634    
   0.00000000       0.00000000      0.433248401      0.901274741    
   0.00000000       0.00000000      0.437732309      0.899105549    
   0.00000000       0.00000000      0.442195922      0.896918654    
   0.00000000       0.00000000      0.446638376      0.894714773    
   0.00000000       0.00000000      0.451058894      0.892494380    
   0.00000000       0.00000000      0.455456495      0.890258253    
   0.00000000       0.00000000      0.459830254      0.888007045    
   0.00000000       0.00000000      0.464179426      0.885741413    
   0.00000000       0.00000000      0.468502998      0.883462131    
   0.00000000       0.00000000      0.472800046      0.881169975    
   0.00000000       0.00000000      0.477069825      0.878865600    
   0.00000000       0.00000000      0.481311291      0.876549959    
   0.00000000       0.00000000      0.485523522      0.874223828    
   0.00000000       0.00000000      0.489705771      0.871887982    
   0.00000000       0.00000000      0.493856966      0.869543374    
   0.00000000       0.00000000      0.497976184      0.867190957    
   0.00000000       0.00000000      0.502062678      0.864831507    
   0.00000000       0.00000000      0.506115317      0.862466097    
   0.00000000       0.00000000      0.510133207      0.860095680    
   0.00000000       0.00000000      0.514115751      0.857721090    
   0.00000000       0.00000000      0.518061817      0.855343461    
   0.00000000       0.00000000      0.521970332      0.852963924    
   0.00000000       0.00000000      0.525840640      0.850583375    
   0.00000000       0.00000000      0.529671669      0.848203063    
   0.00000000       0.00000000      0.533462226      0.845824182    
   0.00000000       0.00000000      0.537211359      0.843447983    
   0.00000000       0.00000000      0.540918291      0.841075480    
   0.00000000       0.00000000      0.544581831      0.838708043    
   0.00000000       0.00000000      0.548201025      0.836346924    
   0.00000000       0.00000000      0.551774859      0.833993435    
   0.00000000       0.00000000      0.555302322      0.831648886    
   0.00000000       0.00000000      0.558782458      0.829314590    
   0.00000000       0.00000000      0.562214196      0.826991975    
   0.00000000       0.00000000      0.565596581      0.824682415    
   0.00000000       0.00000000      0.568928540      0.822387338    
   0.00000000       0.00000000      0.572209001      0.820108235    
   0.00000000       0.00000000      0.575436950      0.817846537    
   0.00000000       0.00000000      0.578611314      0.815603852    
   0.00000000       0.00000000      0.581731021      0.813381672    
   0.00000000       0.00000000      0.584794998      0.811181605    
   0.00000000       0.00000000      0.587802112      0.809005201    
   0.00000000       0.00000000      0.590751290      0.806854188    
   0.00000000       0.00000000      0.593641400      0.804730177    
   0.00000000       0.00000000      0.596471250      0.802634895    
   0.00000000       0.00000000      0.599239767      0.800570071    
   0.00000000       0.00000000      0.601945996      0.798537254    
   0.00000000       0.00000000      0.604588509      0.796538472    
   0.00000000       0.00000000      0.607166052      0.794575453    
   0.00000000       0.00000000      0.609677672      0.792649925    
   0.00000000       0.00000000      0.612121880      0.790763915    
   0.00000000       0.00000000      0.614497423      0.788919330    
   0.00000000       0.00000000      0.616803229      0.787117839    
   0.00000000       0.00000000      0.619037747      0.785361707    
   0.00000000       0.00000000      0.621199608      0.783652842    
   0.00000000       0.00000000      0.623287439      0.781993270    
   0.00000000       0.00000000      0.625299871      0.780385017    
   0.00000000       0.00000000      0.627235413      0.778830171    
   0.00000000       0.00000000      0.629092634      0.777330816    
   0.00000000       0.00000000      0.630869985      0.775889039    
   0.00000000       0.00000000      0.632565975      0.774506986    
   0.00000000       0.00000000      0.634178996      0.773186743    
   0.00000000       0.00000000      0.635707438      0.771930575    
   0.00000000       0.00000000      0.637149632      0.770740628    
   0.00000000       0.00000000      0.638503909      0.769619107    
   0.00000000       0.00000000      0.639768481      0.768568218    
   0.00000000       0.00000000      0.640941501      0.767590225    
   0.00000000       0.00000000      0.642021179      0.766687393    
   0.00000000       0.00000000      0.643005550      0.765862048    
   0.00000000       0.00000000      0.643892646      0.765116394    
   0.00000000       0.00000000      0.644680440      0.764452755    
   0.00000000       0.00000000      0.645366788      0.763873398    
   0.00000000       0.00000000      0.645949543      0.763380647    
   0.00000000       0.00000000      0.646426499      0.762976825    
   0.00000000       0.00000000      0.646795690      0.762663841    
   0.00000000       0.00000000      0.647054315      0.762444437    
   0.00000000       0.00000000      0.647199929      0.762320817    
   0.00000000       0.00000000      0.647230387      0.762295008    
