   0.00000000       0.00000000       0.00000000    
   1.09323882E-04   0.00000000       0.00000000    
   4.34759248E-04   0.00000000       0.00000000    
   9.72545531E-04   0.00000000       0.00000000    
   1.71898725E-03   0.00000000       0.00000000    
   2.67045293E-03   0.00000000       0.00000000    
   3.82337347E-03   0.00000000       0.00000000    
   5.17424196E-03   0.00000000       0.00000000    
   6.71961065E-03   0.00000000       0.00000000    
   8.45609419E-03   0.00000000       0.00000000    
   1.03803622E-02   0.00000000       0.00000000    
   1.24891428E-02   0.00000000       0.00000000    
   1.47792194E-02   0.00000000       0.00000000    
   1.72474366E-02   0.00000000       0.00000000    
   1.98906828E-02   0.00000000       0.00000000    
   2.27059107E-02   0.00000000       0.00000000    
   2.56906096E-02   0.00000000       0.00000000    
   2.88413391E-02   0.00000000       0.00000000    
   3.21552046E-02   0.00000000       0.00000000    
   3.56293432E-02   0.00000000       0.00000000    
   3.92609611E-02   0.00000000       0.00000000    
   4.30472977E-02   0.00000000       0.00000000    
   4.69856560E-02   0.00000000       0.00000000    
   5.10733686E-02   0.00000000       0.00000000    
   5.53078130E-02   0.00000000       0.00000000    
   5.96864223E-02   0.00000000       0.00000000    
   6.42066672E-02   0.00000000       0.00000000    
   6.88660592E-02   0.00000000       0.00000000    
   7.36621395E-02   0.00000000       0.00000000    
   7.85925016E-02   0.00000000       0.00000000    
   8.36547837E-02   0.00000000       0.00000000    
   8.88474286E-02   0.00000000       0.00000000    
   9.41677615E-02   0.00000000       0.00000000    
   9.96131152E-02   0.00000000       0.00000000    
  0.105181314       0.00000000       0.00000000    
  0.110870495       0.00000000       0.00000000    
  0.116678178       0.00000000       0.00000000    
  0.122602232       0.00000000       0.00000000    
  0.128640562       0.00000000       0.00000000    
  0.134791136       0.00000000       0.00000000    
  0.141051948       0.00000000       0.00000000    
  0.147420973       0.00000000       0.00000000    
  0.153896257       0.00000000       0.00000000    
  0.160475910       0.00000000       0.00000000    
  0.167157963       0.00000000       0.00000000    
  0.173940629       0.00000000       0.00000000    
  0.180821970       0.00000000       0.00000000    
  0.187800229       0.00000000       0.00000000    
  0.194873586       0.00000000       0.00000000    
  0.202040270       0.00000000       0.00000000    
  0.209298521       0.00000000       0.00000000    
  0.216646671       0.00000000       0.00000000    
  0.224082947       0.00000000       0.00000000    
  0.231605694       0.00000000       0.00000000    
  0.239213288       0.00000000       0.00000000    
  0.246904045       0.00000000       0.00000000    
  0.254676342       0.00000000       0.00000000    
  0.262528896       0.00000000       0.00000000    
  0.270459831       0.00000000       0.00000000    
  0.278467566       0.00000000       0.00000000    
  0.286550581       0.00000000       0.00000000    
  0.294707626       0.00000000       0.00000000    
  0.302936852       0.00000000       0.00000000    
  0.311236858       0.00000000       0.00000000    
  0.319606125       0.00000000       0.00000000    
  0.328043133       0.00000000       0.00000000    
  0.336546481       0.00000000       0.00000000    
  0.345114708       0.00000000       0.00000000    
  0.353746414       0.00000000       0.00000000    
  0.362440079       0.00000000       0.00000000    
  0.371194392       0.00000000       0.00000000    
  0.380007952       0.00000000       0.00000000    
  0.388879567       0.00000000       0.00000000    
  0.397807598       0.00000000       0.00000000    
  0.406790704       0.00000000       0.00000000    
  0.415827513       0.00000000       0.00000000    
  0.424916714       0.00000000       0.00000000    
  0.434056878       0.00000000       0.00000000    
  0.443246633       0.00000000       0.00000000    
  0.452484757       0.00000000       0.00000000    
  0.461769819       0.00000000       0.00000000    
  0.471100539       0.00000000       0.00000000    
  0.480475515       0.00000000       0.00000000    
  0.489893496       0.00000000       0.00000000    
  0.499353111       0.00000000       0.00000000    
  0.508853078       0.00000000       0.00000000    
  0.518392026       0.00000000       0.00000000    
  0.527968585       0.00000000       0.00000000    
  0.537581444       0.00000000       0.00000000    
  0.547229409       0.00000000       0.00000000    
  0.556910932       0.00000000       0.00000000    
  0.566624999       0.00000000       0.00000000    
  0.576370001       0.00000000       0.00000000    
  0.586144626       0.00000000       0.00000000    
  0.595947564       0.00000000       0.00000000    
  0.605777502       0.00000000       0.00000000    
  0.615633130       0.00000000       0.00000000    
  0.625512958       0.00000000       0.00000000    
  0.635415792       0.00000000       0.00000000    
  0.645340025       0.00000000       0.00000000    
  0.655284405       0.00000000       0.00000000    
  0.665247560       0.00000000       0.00000000    
  0.675227940       0.00000000       0.00000000    
  0.685224414       0.00000000       0.00000000    
  0.695235372       0.00000000       0.00000000    
  0.705259323       0.00000000       0.00000000    
  0.715294957       0.00000000       0.00000000    
  0.725340724       0.00000000       0.00000000    
  0.735395074       0.00000000       0.00000000    
  0.745456696       0.00000000       0.00000000    
  0.755524039       0.00000000       0.00000000    
  0.765595555       0.00000000       0.00000000    
  0.775669634       0.00000000       0.00000000    
  0.785744905       0.00000000       0.00000000    
  0.795819521       0.00000000       0.00000000    
  0.805892169       0.00000000       0.00000000    
  0.815961003       0.00000000       0.00000000    
  0.826024532       0.00000000       0.00000000    
  0.836081684       0.00000000       0.00000000    
  0.846130371       0.00000000       0.00000000    
  0.856168866       0.00000000       0.00000000    
  0.866195738       0.00000000       0.00000000    
  0.876209080       0.00000000       0.00000000    
  0.886206865       0.00000000       0.00000000    
  0.896187901       0.00000000       0.00000000    
  0.906150043       0.00000000       0.00000000    
  0.916091084       0.00000000       0.00000000    
  0.926009297       0.00000000       0.00000000    
  0.935903013       0.00000000       0.00000000    
  0.945769966       0.00000000       0.00000000    
  0.955608130       0.00000000       0.00000000    
  0.965416014       0.00000000       0.00000000    
  0.975191236       0.00000000       0.00000000    
  0.984931588       0.00000000       0.00000000    
  0.994635403       0.00000000       0.00000000    
   1.00430024       0.00000000       0.00000000    
   1.01392400       0.00000000       0.00000000    
   1.02350461       0.00000000       0.00000000    
   1.03303981       0.00000000       0.00000000    
   1.04252708       0.00000000       0.00000000    
   1.05196452       0.00000000       0.00000000    
   1.06134951       0.00000000       0.00000000    
   1.07067943       0.00000000       0.00000000    
   1.07995296       0.00000000       0.00000000    
   1.08916688       0.00000000       0.00000000    
   1.09831882       0.00000000       0.00000000    
   1.10740638       0.00000000       0.00000000    
   1.11642706       0.00000000       0.00000000    
   1.12537742       0.00000000       0.00000000    
   1.13425493       0.00000000       0.00000000    
   1.14305723       0.00000000       0.00000000    
   1.15178108       0.00000000       0.00000000    
   1.16042352       0.00000000       0.00000000    
   1.16898191       0.00000000       0.00000000    
   1.17745304       0.00000000       0.00000000    
   1.18583393       0.00000000       0.00000000    
   1.19412172       0.00000000       0.00000000    
   1.20231318       0.00000000       0.00000000    
   1.21040499       0.00000000       0.00000000    
   1.21839380       0.00000000       0.00000000    
   1.22627676       0.00000000       0.00000000    
   1.23405027       0.00000000       0.00000000    
   1.24171066       0.00000000       0.00000000    
   1.24925482       0.00000000       0.00000000    
   1.25667882       0.00000000       0.00000000    
   1.26397943       0.00000000       0.00000000    
   1.27115273       0.00000000       0.00000000    
   1.27819502       0.00000000       0.00000000    
   1.28510249       0.00000000       0.00000000    
   1.29187179       0.00000000       0.00000000    
   1.29849851       0.00000000       0.00000000    
   1.30497837       0.00000000       0.00000000    
   1.31130791       0.00000000       0.00000000    
   1.31748247       0.00000000       0.00000000    
   1.32349765       0.00000000       0.00000000    
   1.32934976       0.00000000       0.00000000    
   1.33503389       0.00000000       0.00000000    
   1.34054530       0.00000000       0.00000000    
   1.34587932       0.00000000       0.00000000    
   1.35103166       0.00000000       0.00000000    
   1.35599709       0.00000000       0.00000000    
   1.36077094       0.00000000       0.00000000    
   1.36534810       0.00000000       0.00000000    
   1.36972368       0.00000000       0.00000000    
   1.37389255       0.00000000       0.00000000    
   1.37784934       0.00000000       0.00000000    
   1.38158894       0.00000000       0.00000000    
   1.38510561       0.00000000       0.00000000    
   1.38839412       0.00000000       0.00000000    
   1.39144850       0.00000000       0.00000000    
   1.39426327       0.00000000       0.00000000    
   1.39683259       0.00000000       0.00000000    
   1.39915037       0.00000000       0.00000000    
   1.40121055       0.00000000       0.00000000    
   1.40300679       0.00000000       0.00000000    
   1.40453315       0.00000000       0.00000000    
   1.40578306       0.00000000       0.00000000    
   1.40675104       0.00000000       0.00000000    
   1.40742934       0.00000000       0.00000000    
   1.40781128       0.00000000       0.00000000    
   1.40789115       0.00000000       0.00000000    
