   0.00000000       0.00000000      0.713951886    
   0.00000000       0.00000000      0.701529205    
   0.00000000       0.00000000      0.689321816    
   0.00000000       0.00000000      0.677325070    
   0.00000000       0.00000000      0.665535867    
   0.00000000       0.00000000      0.653950214    
   0.00000000       0.00000000      0.642564476    
   0.00000000       0.00000000      0.631375372    
   0.00000000       0.00000000      0.620379150    
   0.00000000       0.00000000      0.609572411    
   0.00000000       0.00000000      0.598951340    
   0.00000000       0.00000000      0.588513255    
   0.00000000       0.00000000      0.578253627    
   0.00000000       0.00000000      0.568170190    
   0.00000000       0.00000000      0.558259666    
   0.00000000       0.00000000      0.548518538    
   0.00000000       0.00000000      0.538943470    
   0.00000000       0.00000000      0.529531062    
   0.00000000       0.00000000      0.520278752    
   0.00000000       0.00000000      0.511183083    
   0.00000000       0.00000000      0.502240658    
   0.00000000       0.00000000      0.493449837    
   0.00000000       0.00000000      0.484806299    
   0.00000000       0.00000000      0.476306677    
   0.00000000       0.00000000      0.467949241    
   0.00000000       0.00000000      0.459730625    
   0.00000000       0.00000000      0.451649934    
   0.00000000       0.00000000      0.443700373    
   0.00000000       0.00000000      0.435881943    
   0.00000000       0.00000000      0.428191245    
   0.00000000       0.00000000      0.420624882    
   0.00000000       0.00000000      0.413181096    
   0.00000000       0.00000000      0.405856550    
   0.00000000       0.00000000      0.398649484    
   0.00000000       0.00000000      0.391554832    
   0.00000000       0.00000000      0.384574264    
   0.00000000       0.00000000      0.377701014    
   0.00000000       0.00000000      0.370935023    
   0.00000000       0.00000000      0.364272922    
   0.00000000       0.00000000      0.357713014    
   0.00000000       0.00000000      0.351250172    
   0.00000000       0.00000000      0.344884396    
   0.00000000       0.00000000      0.338613987    
   0.00000000       0.00000000      0.332433850    
   0.00000000       0.00000000      0.326343954    
   0.00000000       0.00000000      0.320340902    
   0.00000000       0.00000000      0.314421326    
   0.00000000       0.00000000      0.308585167    
   0.00000000       0.00000000      0.302827358    
   0.00000000       0.00000000      0.297147900    
   0.00000000       0.00000000      0.291543335    
   0.00000000       0.00000000      0.286012024    
   0.00000000       0.00000000      0.280552238    
   0.00000000       0.00000000      0.275158882    
   0.00000000       0.00000000      0.269833624    
   0.00000000       0.00000000      0.264571398    
   0.00000000       0.00000000      0.259370476    
   0.00000000       0.00000000      0.254230827    
   0.00000000       0.00000000      0.249147415    
   0.00000000       0.00000000      0.244118482    
   0.00000000       0.00000000      0.239144057    
   0.00000000       0.00000000      0.234220713    
   0.00000000       0.00000000      0.229345053    
   0.00000000       0.00000000      0.224515364    
   0.00000000       0.00000000      0.219731674    
   0.00000000       0.00000000      0.214990541    
   0.00000000       0.00000000      0.210288599    
   0.00000000       0.00000000      0.205625802    
   0.00000000       0.00000000      0.200998783    
   0.00000000       0.00000000      0.196407527    
   0.00000000       0.00000000      0.191845208    
   0.00000000       0.00000000      0.187315255    
   0.00000000       0.00000000      0.182812557    
   0.00000000       0.00000000      0.178333685    
   0.00000000       0.00000000      0.173878670    
   0.00000000       0.00000000      0.169447497    
   0.00000000       0.00000000      0.165036753    
   0.00000000       0.00000000      0.160639629    
   0.00000000       0.00000000      0.156262949    
   0.00000000       0.00000000      0.151896477    
   0.00000000       0.00000000      0.147540227    
   0.00000000       0.00000000      0.143197611    
   0.00000000       0.00000000      0.138858393    
   0.00000000       0.00000000      0.134525985    
   0.00000000       0.00000000      0.130196974    
   0.00000000       0.00000000      0.125871390    
   0.00000000       0.00000000      0.121542387    
   0.00000000       0.00000000      0.117209978    
   0.00000000       0.00000000      0.112874165    
   0.00000000       0.00000000      0.108528137    
   0.00000000       0.00000000      0.104175292    
   0.00000000       0.00000000       9.98122320E-02
   0.00000000       0.00000000       9.54355523E-02
   0.00000000       0.00000000       9.10418406E-02
   0.00000000       0.00000000       8.66310969E-02
   0.00000000       0.00000000       8.21999162E-02
   0.00000000       0.00000000       7.77482986E-02
   0.00000000       0.00000000       7.32728392E-02
   0.00000000       0.00000000       6.87735453E-02
   0.00000000       0.00000000       6.42435923E-02
   0.00000000       0.00000000       5.96829839E-02
   0.00000000       0.00000000       5.50917201E-02
   0.00000000       0.00000000       5.04629947E-02
   0.00000000       0.00000000       4.58002090E-02
   0.00000000       0.00000000       4.10965495E-02
   0.00000000       0.00000000       3.63520198E-02
   0.00000000       0.00000000       3.15666199E-02
   0.00000000       0.00000000       2.67335344E-02
   0.00000000       0.00000000       2.18527652E-02
   0.00000000       0.00000000       1.69209074E-02
   0.00000000       0.00000000       1.19379591E-02
   0.00000000       0.00000000       6.90051494E-03
   0.00000000       0.00000000       1.80516928E-03
   0.00000000       0.00000000      -3.34807811E-03
   0.00000000       0.00000000      -8.56603868E-03
   0.00000000       0.00000000      -1.38453078E-02
   0.00000000       0.00000000      -1.91926956E-02
   0.00000000       0.00000000      -2.46082041E-02
   0.00000000       0.00000000      -3.00952364E-02
   0.00000000       0.00000000      -3.56572010E-02
   0.00000000       0.00000000      -4.12940979E-02
   0.00000000       0.00000000      -4.70093302E-02
   0.00000000       0.00000000      -5.28063104E-02
   0.00000000       0.00000000      -5.86884357E-02
   0.00000000       0.00000000      -6.46557137E-02
   0.00000000       0.00000000      -7.07115456E-02
   0.00000000       0.00000000      -7.68593401E-02
   0.00000000       0.00000000      -8.31025019E-02
   0.00000000       0.00000000      -8.94410238E-02
   0.00000000       0.00000000      -9.58817378E-02
   0.00000000       0.00000000     -0.102424622    
   0.00000000       0.00000000     -0.109069690    
   0.00000000       0.00000000     -0.115823746    
   0.00000000       0.00000000     -0.122690201    
   0.00000000       0.00000000     -0.129669055    
   0.00000000       0.00000000     -0.136763707    
   0.00000000       0.00000000     -0.143977568    
   0.00000000       0.00000000     -0.151314050    
   0.00000000       0.00000000     -0.158776551    
   0.00000000       0.00000000     -0.166368484    
   0.00000000       0.00000000     -0.174089834    
   0.00000000       0.00000000     -0.181944028    
   0.00000000       0.00000000     -0.189941272    
   0.00000000       0.00000000     -0.198074743    
   0.00000000       0.00000000     -0.206354693    
   0.00000000       0.00000000     -0.214777678    
   0.00000000       0.00000000     -0.223353937    
   0.00000000       0.00000000     -0.232086867    
   0.00000000       0.00000000     -0.240973070    
   0.00000000       0.00000000     -0.250019342    
   0.00000000       0.00000000     -0.259232521    
   0.00000000       0.00000000     -0.268612593    
   0.00000000       0.00000000     -0.278162956    
   0.00000000       0.00000000     -0.287887037    
   0.00000000       0.00000000     -0.297791630    
   0.00000000       0.00000000     -0.307876736    
   0.00000000       0.00000000     -0.318147451    
   0.00000000       0.00000000     -0.328608930    
   0.00000000       0.00000000     -0.339262813    
   0.00000000       0.00000000     -0.350112587    
   0.00000000       0.00000000     -0.361164987    
   0.00000000       0.00000000     -0.372423440    
   0.00000000       0.00000000     -0.383889675    
   0.00000000       0.00000000     -0.395568788    
   0.00000000       0.00000000     -0.407465875    
   0.00000000       0.00000000     -0.419584334    
   0.00000000       0.00000000     -0.431929320    
   0.00000000       0.00000000     -0.444504201    
   0.00000000       0.00000000     -0.457312375    
   0.00000000       0.00000000     -0.470360696    
   0.00000000       0.00000000     -0.483652532    
   0.00000000       0.00000000     -0.497193009    
   0.00000000       0.00000000     -0.510985494    
   0.00000000       0.00000000     -0.525036871    
   0.00000000       0.00000000     -0.539348781    
   0.00000000       0.00000000     -0.553928077    
   0.00000000       0.00000000     -0.568779886    
   0.00000000       0.00000000     -0.583909214    
   0.00000000       0.00000000     -0.599319577    
   0.00000000       0.00000000     -0.615017772    
   0.00000000       0.00000000     -0.631008804    
   0.00000000       0.00000000     -0.647296250    
   0.00000000       0.00000000     -0.663886726    
   0.00000000       0.00000000     -0.680786431    
   0.00000000       0.00000000     -0.697999358    
   0.00000000       0.00000000     -0.715532422    
   0.00000000       0.00000000     -0.733389974    
   0.00000000       0.00000000     -0.751579702    
   0.00000000       0.00000000     -0.770104825    
   0.00000000       0.00000000     -0.788973033    
   0.00000000       0.00000000     -0.808190465    
   0.00000000       0.00000000     -0.827762067    
   0.00000000       0.00000000     -0.847694695    
   0.00000000       0.00000000     -0.867995203    
   0.00000000       0.00000000     -0.888668597    
   0.00000000       0.00000000     -0.909722745    
   0.00000000       0.00000000     -0.931162894    
   0.00000000       0.00000000     -0.952996910    
   0.00000000       0.00000000     -0.975230753    
   0.00000000       0.00000000     -0.997871459    
