   0.00000000       0.00000000       0.00000000    
   0.00000000       0.00000000       1.24941580E-02
   0.00000000       0.00000000       2.47709192E-02
   0.00000000       0.00000000       3.68340500E-02
   0.00000000       0.00000000       4.86872382E-02
   0.00000000       0.00000000       6.03341162E-02
   0.00000000       0.00000000       7.17782453E-02
   0.00000000       0.00000000       8.30231234E-02
   0.00000000       0.00000000       9.40721929E-02
   0.00000000       0.00000000      0.104928829    
   0.00000000       0.00000000      0.115596347    
   0.00000000       0.00000000      0.126077995    
   0.00000000       0.00000000      0.136376977    
   0.00000000       0.00000000      0.146496415    
   0.00000000       0.00000000      0.156439394    
   0.00000000       0.00000000      0.166208938    
   0.00000000       0.00000000      0.175808012    
   0.00000000       0.00000000      0.185239524    
   0.00000000       0.00000000      0.194506317    
   0.00000000       0.00000000      0.203611195    
   0.00000000       0.00000000      0.212556899    
   0.00000000       0.00000000      0.221346110    
   0.00000000       0.00000000      0.229981482    
   0.00000000       0.00000000      0.238465592    
   0.00000000       0.00000000      0.246800959    
   0.00000000       0.00000000      0.254990071    
   0.00000000       0.00000000      0.263035357    
   0.00000000       0.00000000      0.270939231    
   0.00000000       0.00000000      0.278703988    
   0.00000000       0.00000000      0.286331922    
   0.00000000       0.00000000      0.293825269    
   0.00000000       0.00000000      0.301186204    
   0.00000000       0.00000000      0.308416873    
   0.00000000       0.00000000      0.315519363    
   0.00000000       0.00000000      0.322495729    
   0.00000000       0.00000000      0.329347938    
   0.00000000       0.00000000      0.336077988    
   0.00000000       0.00000000      0.342687756    
   0.00000000       0.00000000      0.349179119    
   0.00000000       0.00000000      0.355553895    
   0.00000000       0.00000000      0.361813873    
   0.00000000       0.00000000      0.367960751    
   0.00000000       0.00000000      0.373996228    
   0.00000000       0.00000000      0.379921973    
   0.00000000       0.00000000      0.385739565    
   0.00000000       0.00000000      0.391450584    
   0.00000000       0.00000000      0.397056550    
   0.00000000       0.00000000      0.402558923    
   0.00000000       0.00000000      0.407959163    
   0.00000000       0.00000000      0.413258642    
   0.00000000       0.00000000      0.418458730    
   0.00000000       0.00000000      0.423560739    
   0.00000000       0.00000000      0.428565949    
   0.00000000       0.00000000      0.433475614    
   0.00000000       0.00000000      0.438290894    
   0.00000000       0.00000000      0.443012983    
   0.00000000       0.00000000      0.447642982    
   0.00000000       0.00000000      0.452181965    
   0.00000000       0.00000000      0.456631005    
   0.00000000       0.00000000      0.460991085    
   0.00000000       0.00000000      0.465263158    
   0.00000000       0.00000000      0.469448179    
   0.00000000       0.00000000      0.473547041    
   0.00000000       0.00000000      0.477560580    
   0.00000000       0.00000000      0.481489599    
   0.00000000       0.00000000      0.485334903    
   0.00000000       0.00000000      0.489097238    
   0.00000000       0.00000000      0.492777288    
   0.00000000       0.00000000      0.496375740    
   0.00000000       0.00000000      0.499893218    
   0.00000000       0.00000000      0.503330350    
   0.00000000       0.00000000      0.506687641    
   0.00000000       0.00000000      0.509965658    
   0.00000000       0.00000000      0.513164878    
   0.00000000       0.00000000      0.516285717    
   0.00000000       0.00000000      0.519328594    
   0.00000000       0.00000000      0.522293925    
   0.00000000       0.00000000      0.525182068    
   0.00000000       0.00000000      0.527993262    
   0.00000000       0.00000000      0.530727863    
   0.00000000       0.00000000      0.533386052    
   0.00000000       0.00000000      0.535968006    
   0.00000000       0.00000000      0.538473964    
   0.00000000       0.00000000      0.540903986    
   0.00000000       0.00000000      0.543258190    
   0.00000000       0.00000000      0.545536637    
   0.00000000       0.00000000      0.547739387    
   0.00000000       0.00000000      0.549866378    
   0.00000000       0.00000000      0.551917553    
   0.00000000       0.00000000      0.553892851    
   0.00000000       0.00000000      0.555792093    
   0.00000000       0.00000000      0.557615161    
   0.00000000       0.00000000      0.559361875    
   0.00000000       0.00000000      0.561031997    
   0.00000000       0.00000000      0.562625229    
   0.00000000       0.00000000      0.564141273    
   0.00000000       0.00000000      0.565579772    
   0.00000000       0.00000000      0.566940367    
   0.00000000       0.00000000      0.568222642    
   0.00000000       0.00000000      0.569426179    
   0.00000000       0.00000000      0.570550442    
   0.00000000       0.00000000      0.571594894    
   0.00000000       0.00000000      0.572558999    
   0.00000000       0.00000000      0.573442101    
   0.00000000       0.00000000      0.574243605    
   0.00000000       0.00000000      0.574962795    
   0.00000000       0.00000000      0.575598955    
   0.00000000       0.00000000      0.576151371    
   0.00000000       0.00000000      0.576619208    
   0.00000000       0.00000000      0.577001631    
   0.00000000       0.00000000      0.577297747    
   0.00000000       0.00000000      0.577506661    
   0.00000000       0.00000000      0.577627420    
   0.00000000       0.00000000      0.577659011    
   0.00000000       0.00000000      0.577600420    
   0.00000000       0.00000000      0.577450514    
   0.00000000       0.00000000      0.577208221    
   0.00000000       0.00000000      0.576872349    
   0.00000000       0.00000000      0.576441705    
   0.00000000       0.00000000      0.575915039    
   0.00000000       0.00000000      0.575291038    
   0.00000000       0.00000000      0.574568391    
   0.00000000       0.00000000      0.573745728    
   0.00000000       0.00000000      0.572821617    
   0.00000000       0.00000000      0.571794569    
   0.00000000       0.00000000      0.570663095    
   0.00000000       0.00000000      0.569425642    
   0.00000000       0.00000000      0.568080604    
   0.00000000       0.00000000      0.566626310    
   0.00000000       0.00000000      0.565061092    
   0.00000000       0.00000000      0.563383162    
   0.00000000       0.00000000      0.561590731    
   0.00000000       0.00000000      0.559682012    
   0.00000000       0.00000000      0.557655096    
   0.00000000       0.00000000      0.555508018    
   0.00000000       0.00000000      0.553238809    
   0.00000000       0.00000000      0.550845444    
   0.00000000       0.00000000      0.548325837    
   0.00000000       0.00000000      0.545677841    
   0.00000000       0.00000000      0.542899251    
   0.00000000       0.00000000      0.539987803    
   0.00000000       0.00000000      0.536941230    
   0.00000000       0.00000000      0.533757210    
   0.00000000       0.00000000      0.530433238    
   0.00000000       0.00000000      0.526966929    
   0.00000000       0.00000000      0.523355722    
   0.00000000       0.00000000      0.519597113    
   0.00000000       0.00000000      0.515688419    
   0.00000000       0.00000000      0.511626899    
   0.00000000       0.00000000      0.507409871    
   0.00000000       0.00000000      0.503034532    
   0.00000000       0.00000000      0.498497963    
   0.00000000       0.00000000      0.493797243    
   0.00000000       0.00000000      0.488929391    
   0.00000000       0.00000000      0.483891368    
   0.00000000       0.00000000      0.478680015    
   0.00000000       0.00000000      0.473292172    
   0.00000000       0.00000000      0.467724591    
   0.00000000       0.00000000      0.461973935    
   0.00000000       0.00000000      0.456036836    
   0.00000000       0.00000000      0.449909866    
   0.00000000       0.00000000      0.443589479    
   0.00000000       0.00000000      0.437072068    
   0.00000000       0.00000000      0.430353999    
   0.00000000       0.00000000      0.423431545    
   0.00000000       0.00000000      0.416300893    
   0.00000000       0.00000000      0.408958167    
   0.00000000       0.00000000      0.401399404    
   0.00000000       0.00000000      0.393620580    
   0.00000000       0.00000000      0.385617614    
   0.00000000       0.00000000      0.377386302    
   0.00000000       0.00000000      0.368922383    
   0.00000000       0.00000000      0.360221505    
   0.00000000       0.00000000      0.351279259    
   0.00000000       0.00000000      0.342091113    
   0.00000000       0.00000000      0.332652509    
   0.00000000       0.00000000      0.322958767    
   0.00000000       0.00000000      0.313005120    
   0.00000000       0.00000000      0.302786708    
   0.00000000       0.00000000      0.292298615    
   0.00000000       0.00000000      0.281535804    
   0.00000000       0.00000000      0.270493150    
   0.00000000       0.00000000      0.259165466    
   0.00000000       0.00000000      0.247547448    
   0.00000000       0.00000000      0.235633686    
   0.00000000       0.00000000      0.223418698    
   0.00000000       0.00000000      0.210896879    
   0.00000000       0.00000000      0.198062554    
   0.00000000       0.00000000      0.184909910    
   0.00000000       0.00000000      0.171433076    
   0.00000000       0.00000000      0.157626048    
   0.00000000       0.00000000      0.143482715    
   0.00000000       0.00000000      0.128996879    
   0.00000000       0.00000000      0.114162222    
   0.00000000       0.00000000       9.89723057E-02
   0.00000000       0.00000000       8.34206045E-02
   0.00000000       0.00000000       6.75004572E-02
   0.00000000       0.00000000       5.12051061E-02
   0.00000000       0.00000000       3.45276594E-02
   0.00000000       0.00000000       1.74611211E-02
   0.00000000       0.00000000      -1.62981451E-06
