  -0.00000000      -0.00000000      0.720235705    
  -0.00000000      -0.00000000      0.707704484    
  -0.00000000      -0.00000000      0.695390046    
  -0.00000000      -0.00000000      0.683288515    
  -0.00000000      -0.00000000      0.671396196    
  -0.00000000      -0.00000000      0.659709334    
  -0.00000000      -0.00000000      0.648224294    
  -0.00000000      -0.00000000      0.636937499    
  -0.00000000      -0.00000000      0.625845373    
  -0.00000000      -0.00000000      0.614944398    
  -0.00000000      -0.00000000      0.604231119    
  -0.00000000      -0.00000000      0.593702078    
  -0.00000000      -0.00000000      0.583353877    
  -0.00000000      -0.00000000      0.573183239    
  -0.00000000      -0.00000000      0.563186824    
  -0.00000000      -0.00000000      0.553361356    
  -0.00000000      -0.00000000      0.543703616    
  -0.00000000      -0.00000000      0.534210384    
  -0.00000000      -0.00000000      0.524878561    
  -0.00000000      -0.00000000      0.515704989    
  -0.00000000      -0.00000000      0.506686628    
  -0.00000000      -0.00000000      0.497820437    
  -0.00000000      -0.00000000      0.489103407    
  -0.00000000      -0.00000000      0.480532557    
  -0.00000000      -0.00000000      0.472104967    
  -0.00000000      -0.00000000      0.463817716    
  -0.00000000      -0.00000000      0.455667913    
  -0.00000000      -0.00000000      0.447652727    
  -0.00000000      -0.00000000      0.439769357    
  -0.00000000      -0.00000000      0.432015002    
  -0.00000000      -0.00000000      0.424386919    
  -0.00000000      -0.00000000      0.416882396    
  -0.00000000      -0.00000000      0.409498721    
  -0.00000000      -0.00000000      0.402233243    
  -0.00000000      -0.00000000      0.395083278    
  -0.00000000      -0.00000000      0.388046235    
  -0.00000000      -0.00000000      0.381119519    
  -0.00000000      -0.00000000      0.374300569    
  -0.00000000      -0.00000000      0.367586851    
  -0.00000000      -0.00000000      0.360975832    
  -0.00000000      -0.00000000      0.354465008    
  -0.00000000      -0.00000000      0.348051906    
  -0.00000000      -0.00000000      0.341734082    
  -0.00000000      -0.00000000      0.335509121    
  -0.00000000      -0.00000000      0.329374582    
  -0.00000000      -0.00000000      0.323328078    
  -0.00000000      -0.00000000      0.317367256    
  -0.00000000      -0.00000000      0.311489731    
  -0.00000000      -0.00000000      0.305693179    
  -0.00000000      -0.00000000      0.299975306    
  -0.00000000      -0.00000000      0.294333786    
  -0.00000000      -0.00000000      0.288766325    
  -0.00000000      -0.00000000      0.283270687    
  -0.00000000      -0.00000000      0.277844578    
  -0.00000000      -0.00000000      0.272485793    
  -0.00000000      -0.00000000      0.267192096    
  -0.00000000      -0.00000000      0.261961251    
  -0.00000000      -0.00000000      0.256791085    
  -0.00000000      -0.00000000      0.251679420    
  -0.00000000      -0.00000000      0.246624067    
  -0.00000000      -0.00000000      0.241622865    
  -0.00000000      -0.00000000      0.236673668    
  -0.00000000      -0.00000000      0.231774330    
  -0.00000000      -0.00000000      0.226922706    
  -0.00000000      -0.00000000      0.222116694    
  -0.00000000      -0.00000000      0.217354164    
  -0.00000000      -0.00000000      0.212633014    
  -0.00000000      -0.00000000      0.207951158    
  -0.00000000      -0.00000000      0.203306481    
  -0.00000000      -0.00000000      0.198696911    
  -0.00000000      -0.00000000      0.194120377    
  -0.00000000      -0.00000000      0.189574793    
  -0.00000000      -0.00000000      0.185058087    
  -0.00000000      -0.00000000      0.180568203    
  -0.00000000      -0.00000000      0.176103085    
  -0.00000000      -0.00000000      0.171660677    
  -0.00000000      -0.00000000      0.167238906    
  -0.00000000      -0.00000000      0.162835732    
  -0.00000000      -0.00000000      0.158449098    
  -0.00000000      -0.00000000      0.154076964    
  -0.00000000      -0.00000000      0.149717286    
  -0.00000000      -0.00000000      0.145368010    
  -0.00000000      -0.00000000      0.141027078    
  -0.00000000      -0.00000000      0.136692449    
  -0.00000000      -0.00000000      0.132362083    
  -0.00000000      -0.00000000      0.128033906    
  -0.00000000      -0.00000000      0.123705879    
  -0.00000000      -0.00000000      0.119375937    
  -0.00000000      -0.00000000      0.115042023    
  -0.00000000      -0.00000000      0.110702068    
  -0.00000000      -0.00000000      0.106354006    
  -0.00000000      -0.00000000      0.101995759    
  -0.00000000      -0.00000000       9.76252407E-02
  -0.00000000      -0.00000000       9.32403728E-02
  -0.00000000      -0.00000000       8.88390616E-02
  -0.00000000      -0.00000000       8.44192058E-02
  -0.00000000      -0.00000000       7.99786896E-02
  -0.00000000      -0.00000000       7.55154043E-02
  -0.00000000      -0.00000000       7.10272193E-02
  -0.00000000      -0.00000000       6.65120035E-02
  -0.00000000      -0.00000000       6.19676113E-02
  -0.00000000      -0.00000000       5.73918819E-02
  -0.00000000      -0.00000000       5.27826548E-02
  -0.00000000      -0.00000000       4.81377505E-02
  -0.00000000      -0.00000000       4.34549786E-02
  -0.00000000      -0.00000000       3.87321338E-02
  -0.00000000      -0.00000000       3.39670032E-02
  -0.00000000      -0.00000000       2.91573554E-02
  -0.00000000      -0.00000000       2.43009459E-02
  -0.00000000      -0.00000000       1.93955153E-02
  -0.00000000      -0.00000000       1.44387875E-02
  -0.00000000      -0.00000000       9.42847133E-03
  -0.00000000      -0.00000000       4.36225906E-03
  -0.00000000      -0.00000000      -7.62174837E-04
  -0.00000000      -0.00000000      -5.94717311E-03
  -0.00000000      -0.00000000      -1.11950971E-02
  -0.00000000      -0.00000000      -1.65083297E-02
  -0.00000000      -0.00000000      -2.18892712E-02
  -0.00000000      -0.00000000      -2.73403414E-02
  -0.00000000      -0.00000000      -3.28639820E-02
  -0.00000000      -0.00000000      -3.84626612E-02
  -0.00000000      -0.00000000      -4.41388600E-02
  -0.00000000      -0.00000000      -4.98950891E-02
  -0.00000000      -0.00000000      -5.57338819E-02
  -0.00000000      -0.00000000      -6.16577938E-02
  -0.00000000      -0.00000000      -6.76694065E-02
  -0.00000000      -0.00000000      -7.37713203E-02
  -0.00000000      -0.00000000      -7.99661726E-02
  -0.00000000      -0.00000000      -8.62566233E-02
  -0.00000000      -0.00000000      -9.26453620E-02
  -0.00000000      -0.00000000      -9.91351008E-02
  -0.00000000      -0.00000000     -0.105728582    
  -0.00000000      -0.00000000     -0.112428576    
  -0.00000000      -0.00000000     -0.119237892    
  -0.00000000      -0.00000000     -0.126159355    
  -0.00000000      -0.00000000     -0.133195847    
  -0.00000000      -0.00000000     -0.140350252    
  -0.00000000      -0.00000000     -0.147625506    
  -0.00000000      -0.00000000     -0.155024573    
  -0.00000000      -0.00000000     -0.162550449    
  -0.00000000      -0.00000000     -0.170206174    
  -0.00000000      -0.00000000     -0.177994803    
  -0.00000000      -0.00000000     -0.185919464    
  -0.00000000      -0.00000000     -0.193983287    
  -0.00000000      -0.00000000     -0.202189460    
  -0.00000000      -0.00000000     -0.210541204    
  -0.00000000      -0.00000000     -0.219041780    
  -0.00000000      -0.00000000     -0.227694482    
  -0.00000000      -0.00000000     -0.236502662    
  -0.00000000      -0.00000000     -0.245469704    
  -0.00000000      -0.00000000     -0.254599035    
  -0.00000000      -0.00000000     -0.263894141    
  -0.00000000      -0.00000000     -0.273358524    
  -0.00000000      -0.00000000     -0.282995760    
  -0.00000000      -0.00000000     -0.292809457    
  -0.00000000      -0.00000000     -0.302803248    
  -0.00000000      -0.00000000     -0.312980860    
  -0.00000000      -0.00000000     -0.323346049    
  -0.00000000      -0.00000000     -0.333902627    
  -0.00000000      -0.00000000     -0.344654441    
  -0.00000000      -0.00000000     -0.355605394    
  -0.00000000      -0.00000000     -0.366759449    
  -0.00000000      -0.00000000     -0.378120601    
  -0.00000000      -0.00000000     -0.389692962    
  -0.00000000      -0.00000000     -0.401480615    
  -0.00000000      -0.00000000     -0.413487762    
  -0.00000000      -0.00000000     -0.425718635    
  -0.00000000      -0.00000000     -0.438177556    
  -0.00000000      -0.00000000     -0.450868875    
  -0.00000000      -0.00000000     -0.463797003    
  -0.00000000      -0.00000000     -0.476966411    
  -0.00000000      -0.00000000     -0.490381658    
  -0.00000000      -0.00000000     -0.504047334    
  -0.00000000      -0.00000000     -0.517968118    
  -0.00000000      -0.00000000     -0.532148778    
  -0.00000000      -0.00000000     -0.546594083    
  -0.00000000      -0.00000000     -0.561308980    
  -0.00000000      -0.00000000     -0.576298356    
  -0.00000000      -0.00000000     -0.591567218    
  -0.00000000      -0.00000000     -0.607120693    
  -0.00000000      -0.00000000     -0.622963905    
  -0.00000000      -0.00000000     -0.639102101    
  -0.00000000      -0.00000000     -0.655540586    
  -0.00000000      -0.00000000     -0.672284782    
  -0.00000000      -0.00000000     -0.689340174    
  -0.00000000      -0.00000000     -0.706712246    
  -0.00000000      -0.00000000     -0.724406660    
  -0.00000000      -0.00000000     -0.742429137    
  -0.00000000      -0.00000000     -0.760785401    
  -0.00000000      -0.00000000     -0.779481411    
  -0.00000000      -0.00000000     -0.798523128    
  -0.00000000      -0.00000000     -0.817916572    
  -0.00000000      -0.00000000     -0.837667882    
  -0.00000000      -0.00000000     -0.857783318    
  -0.00000000      -0.00000000     -0.878269136    
  -0.00000000      -0.00000000     -0.899131835    
  -0.00000000      -0.00000000     -0.920377851    
  -0.00000000      -0.00000000     -0.942013860    
  -0.00000000      -0.00000000     -0.964046538    
  -0.00000000      -0.00000000     -0.986482680    
  -0.00000000      -0.00000000      -1.00932920    
