   0.00000000       0.00000000       0.00000000    
   1.09643697E-04   0.00000000       0.00000000    
   4.36027447E-04   0.00000000       0.00000000    
   9.75379895E-04   0.00000000       0.00000000    
   1.72399485E-03   0.00000000       0.00000000    
   2.67823040E-03   0.00000000       0.00000000    
   3.83450836E-03   0.00000000       0.00000000    
   5.18931169E-03   0.00000000       0.00000000    
   6.73918612E-03   0.00000000       0.00000000    
   8.48073512E-03   0.00000000       0.00000000    
   1.04106255E-02   0.00000000       0.00000000    
   1.25255799E-02   0.00000000       0.00000000    
   1.48223778E-02   0.00000000       0.00000000    
   1.72978602E-02   0.00000000       0.00000000    
   1.99489165E-02   0.00000000       0.00000000    
   2.27725003E-02   0.00000000       0.00000000    
   2.57656183E-02   0.00000000       0.00000000    
   2.89253220E-02   0.00000000       0.00000000    
   3.22487243E-02   0.00000000       0.00000000    
   3.57329883E-02   0.00000000       0.00000000    
   3.93753350E-02   0.00000000       0.00000000    
   4.31730188E-02   0.00000000       0.00000000    
   4.71233651E-02   0.00000000       0.00000000    
   5.12237400E-02   0.00000000       0.00000000    
   5.54715507E-02   0.00000000       0.00000000    
   5.98642640E-02   0.00000000       0.00000000    
   6.43993765E-02   0.00000000       0.00000000    
   6.90744668E-02   0.00000000       0.00000000    
   7.38871247E-02   0.00000000       0.00000000    
   7.88349956E-02   0.00000000       0.00000000    
   8.39157775E-02   0.00000000       0.00000000    
   8.91271904E-02   0.00000000       0.00000000    
   9.44670364E-02   0.00000000       0.00000000    
   9.99331102E-02   0.00000000       0.00000000    
  0.105523303       0.00000000       0.00000000    
  0.111235514       0.00000000       0.00000000    
  0.117067657       0.00000000       0.00000000    
  0.123017751       0.00000000       0.00000000    
  0.129083797       0.00000000       0.00000000    
  0.135263890       0.00000000       0.00000000    
  0.141556039       0.00000000       0.00000000    
  0.147958517       0.00000000       0.00000000    
  0.154469416       0.00000000       0.00000000    
  0.161086932       0.00000000       0.00000000    
  0.167809352       0.00000000       0.00000000    
  0.174634919       0.00000000       0.00000000    
  0.181561947       0.00000000       0.00000000    
  0.188588813       0.00000000       0.00000000    
  0.195713848       0.00000000       0.00000000    
  0.202935487       0.00000000       0.00000000    
  0.210252151       0.00000000       0.00000000    
  0.217662349       0.00000000       0.00000000    
  0.225164518       0.00000000       0.00000000    
  0.232757241       0.00000000       0.00000000    
  0.240438998       0.00000000       0.00000000    
  0.248208463       0.00000000       0.00000000    
  0.256064206       0.00000000       0.00000000    
  0.264004827       0.00000000       0.00000000    
  0.272029012       0.00000000       0.00000000    
  0.280135423       0.00000000       0.00000000    
  0.288322866       0.00000000       0.00000000    
  0.296589941       0.00000000       0.00000000    
  0.304935485       0.00000000       0.00000000    
  0.313358217       0.00000000       0.00000000    
  0.321856976       0.00000000       0.00000000    
  0.330430567       0.00000000       0.00000000    
  0.339077830       0.00000000       0.00000000    
  0.347797573       0.00000000       0.00000000    
  0.356588751       0.00000000       0.00000000    
  0.365450263       0.00000000       0.00000000    
  0.374380916       0.00000000       0.00000000    
  0.383379668       0.00000000       0.00000000    
  0.392445505       0.00000000       0.00000000    
  0.401577353       0.00000000       0.00000000    
  0.410774142       0.00000000       0.00000000    
  0.420034945       0.00000000       0.00000000    
  0.429358691       0.00000000       0.00000000    
  0.438744366       0.00000000       0.00000000    
  0.448191106       0.00000000       0.00000000    
  0.457697779       0.00000000       0.00000000    
  0.467263490       0.00000000       0.00000000    
  0.476887345       0.00000000       0.00000000    
  0.486568272       0.00000000       0.00000000    
  0.496305376       0.00000000       0.00000000    
  0.506097853       0.00000000       0.00000000    
  0.515944600       0.00000000       0.00000000    
  0.525844753       0.00000000       0.00000000    
  0.535797417       0.00000000       0.00000000    
  0.545801640       0.00000000       0.00000000    
  0.555856526       0.00000000       0.00000000    
  0.565961182       0.00000000       0.00000000    
  0.576114774       0.00000000       0.00000000    
  0.586316109       0.00000000       0.00000000    
  0.596564531       0.00000000       0.00000000    
  0.606859028       0.00000000       0.00000000    
  0.617198765       0.00000000       0.00000000    
  0.627582669       0.00000000       0.00000000    
  0.638010025       0.00000000       0.00000000    
  0.648479640       0.00000000       0.00000000    
  0.658990741       0.00000000       0.00000000    
  0.669542372       0.00000000       0.00000000    
  0.680133462       0.00000000       0.00000000    
  0.690763175       0.00000000       0.00000000    
  0.701430440       0.00000000       0.00000000    
  0.712134302       0.00000000       0.00000000    
  0.722873628       0.00000000       0.00000000    
  0.733647585       0.00000000       0.00000000    
  0.744455040       0.00000000       0.00000000    
  0.755295038       0.00000000       0.00000000    
  0.766166329       0.00000000       0.00000000    
  0.777067900       0.00000000       0.00000000    
  0.787998617       0.00000000       0.00000000    
  0.798957407       0.00000000       0.00000000    
  0.809943080       0.00000000       0.00000000    
  0.820954442       0.00000000       0.00000000    
  0.831990123       0.00000000       0.00000000    
  0.843049109       0.00000000       0.00000000    
  0.854129970       0.00000000       0.00000000    
  0.865231514       0.00000000       0.00000000    
  0.876352370       0.00000000       0.00000000    
  0.887491047       0.00000000       0.00000000    
  0.898646295       0.00000000       0.00000000    
  0.909816563       0.00000000       0.00000000    
  0.921000302       0.00000000       0.00000000    
  0.932196140       0.00000000       0.00000000    
  0.943402350       0.00000000       0.00000000    
  0.954617321       0.00000000       0.00000000    
  0.965839386       0.00000000       0.00000000    
  0.977066815       0.00000000       0.00000000    
  0.988297820       0.00000000       0.00000000    
  0.999530673       0.00000000       0.00000000    
   1.01076341       0.00000000       0.00000000    
   1.02199388       0.00000000       0.00000000    
   1.03322041       0.00000000       0.00000000    
   1.04444051       0.00000000       0.00000000    
   1.05565238       0.00000000       0.00000000    
   1.06685364       0.00000000       0.00000000    
   1.07804191       0.00000000       0.00000000    
   1.08921492       0.00000000       0.00000000    
   1.10037017       0.00000000       0.00000000    
   1.11150515       0.00000000       0.00000000    
   1.12261724       0.00000000       0.00000000    
   1.13370335       0.00000000       0.00000000    
   1.14476132       0.00000000       0.00000000    
   1.15578771       0.00000000       0.00000000    
   1.16677976       0.00000000       0.00000000    
   1.17773426       0.00000000       0.00000000    
   1.18864799       0.00000000       0.00000000    
   1.19951773       0.00000000       0.00000000    
   1.21033978       0.00000000       0.00000000    
   1.22111094       0.00000000       0.00000000    
   1.23182726       0.00000000       0.00000000    
   1.24248493       0.00000000       0.00000000    
   1.25308013       0.00000000       0.00000000    
   1.26360846       0.00000000       0.00000000    
   1.27406609       0.00000000       0.00000000    
   1.28444862       0.00000000       0.00000000    
   1.29475129       0.00000000       0.00000000    
   1.30496967       0.00000000       0.00000000    
   1.31509888       0.00000000       0.00000000    
   1.32513404       0.00000000       0.00000000    
   1.33507001       0.00000000       0.00000000    
   1.34490132       0.00000000       0.00000000    
   1.35462284       0.00000000       0.00000000    
   1.36422861       0.00000000       0.00000000    
   1.37371302       0.00000000       0.00000000    
   1.38306999       0.00000000       0.00000000    
   1.39229345       0.00000000       0.00000000    
   1.40137696       0.00000000       0.00000000    
   1.41031408       0.00000000       0.00000000    
   1.41909826       0.00000000       0.00000000    
   1.42772222       0.00000000       0.00000000    
   1.43617916       0.00000000       0.00000000    
   1.44446158       0.00000000       0.00000000    
   1.45256233       0.00000000       0.00000000    
   1.46047342       0.00000000       0.00000000    
   1.46818721       0.00000000       0.00000000    
   1.47569561       0.00000000       0.00000000    
   1.48299038       0.00000000       0.00000000    
   1.49006319       0.00000000       0.00000000    
   1.49690521       0.00000000       0.00000000    
   1.50350809       0.00000000       0.00000000    
   1.50986254       0.00000000       0.00000000    
   1.51595938       0.00000000       0.00000000    
   1.52178967       0.00000000       0.00000000    
   1.52734375       0.00000000       0.00000000    
   1.53261244       0.00000000       0.00000000    
   1.53758585       0.00000000       0.00000000    
   1.54225397       0.00000000       0.00000000    
   1.54660726       0.00000000       0.00000000    
   1.55063534       0.00000000       0.00000000    
   1.55432844       0.00000000       0.00000000    
   1.55767620       0.00000000       0.00000000    
   1.56066859       0.00000000       0.00000000    
   1.56329525       0.00000000       0.00000000    
   1.56554580       0.00000000       0.00000000    
   1.56741011       0.00000000       0.00000000    
   1.56887782       0.00000000       0.00000000    
   1.56993890       0.00000000       0.00000000    
   1.57058287       0.00000000       0.00000000    
   1.57079959       0.00000000       0.00000000    
