   0.00000000    
   1.75000001E-02
   3.50000001E-02
   5.24999984E-02
   7.00000003E-02
   8.74999985E-02
  0.104999997    
  0.122500002    
  0.140000001    
  0.157499999    
  0.174999997    
  0.192499995    
  0.209999993    
  0.227500007    
  0.245000005    
  0.262499988    
  0.280000001    
  0.297500014    
  0.314999998    
  0.332500011    
  0.349999994    
  0.367500007    
  0.384999990    
  0.402500004    
  0.419999987    
  0.437500000    
  0.455000013    
  0.472499996    
  0.490000010    
  0.507499993    
  0.524999976    
  0.542500019    
  0.560000002    
  0.577499986    
  0.595000029    
  0.612500012    
  0.629999995    
  0.647499979    
  0.665000021    
  0.682500005    
  0.699999988    
  0.717499971    
  0.735000014    
  0.752499998    
  0.769999981    
  0.787500024    
  0.805000007    
  0.822499990    
  0.839999974    
  0.857500017    
  0.875000000    
  0.892499983    
  0.910000026    
  0.927500010    
  0.944999993    
  0.962499976    
  0.980000019    
  0.997500002    
   1.01499999    
   1.03250003    
   1.04999995    
   1.06750000    
   1.08500004    
   1.10249996    
   1.12000000    
   1.13750005    
   1.15499997    
   1.17250001    
   1.19000006    
   1.20749998    
   1.22500002    
   1.24249995    
   1.25999999    
   1.27750003    
   1.29499996    
   1.31250000    
   1.33000004    
   1.34749997    
   1.36500001    
   1.38250005    
   1.39999998    
   1.41750002    
   1.43499994    
   1.45249999    
   1.47000003    
   1.48749995    
   1.50500000    
   1.52250004    
   1.53999996    
   1.55750000    
   1.57500005    
   1.59249997    
   1.61000001    
   1.62750006    
   1.64499998    
   1.66250002    
   1.67999995    
   1.69749999    
   1.71500003    
   1.73249996    
   1.75000000    
   1.76750004    
   1.78499997    
   1.80250001    
   1.82000005    
   1.83749998    
   1.85500002    
   1.87249994    
   1.88999999    
   1.90750003    
   1.92499995    
   1.94250000    
   1.96000004    
   1.97749996    
   1.99500000    
   2.01250005    
   2.02999997    
   2.04749990    
   2.06500006    
   2.08249998    
   2.09999990    
   2.11750007    
   2.13499999    
   2.15249991    
   2.17000008    
   2.18750000    
   2.20499992    
   2.22250009    
   2.24000001    
   2.25749993    
   2.27500010    
   2.29250002    
   2.30999994    
   2.32750010    
   2.34500003    
   2.36249995    
   2.38000011    
   2.39750004    
   2.41499996    
   2.43249989    
   2.45000005    
   2.46749997    
   2.48499990    
   2.50250006    
   2.51999998    
   2.53749990    
   2.55500007    
   2.57249999    
   2.58999991    
   2.60750008    
   2.62500000    
   2.64249992    
   2.66000009    
   2.67750001    
   2.69499993    
   2.71250010    
   2.73000002    
   2.74749994    
   2.76500010    
   2.78250003    
   2.79999995    
   2.81750011    
   2.83500004    
   2.85249996    
   2.86999989    
   2.88750005    
   2.90499997    
   2.92249990    
   2.94000006    
   2.95749998    
   2.97499990    
   2.99250007    
   3.00999999    
   3.02749991    
   3.04500008    
   3.06250000    
   3.07999992    
   3.09750009    
   3.11500001    
   3.13249993    
   3.15000010    
   3.16750002    
   3.18499994    
   3.20250010    
   3.22000003    
   3.23749995    
   3.25500011    
   3.27250004    
   3.28999996    
   3.30749989    
   3.32500005    
   3.34249997    
   3.35999990    
   3.37750006    
   3.39499998    
   3.41249990    
   3.43000007    
   3.44749999    
   3.46499991    
   3.48250008    
   3.50000000    
