   0.00000000       0.00000000       0.00000000       1.00000000    
   0.00000000       0.00000000       5.48218486E-05   1.00000000    
   0.00000000       0.00000000       2.18013723E-04  0.999999940    
   0.00000000       0.00000000       4.87689918E-04  0.999999881    
   0.00000000       0.00000000       8.61997309E-04  0.999999642    
   0.00000000       0.00000000       1.33911485E-03  0.999999106    
   0.00000000       0.00000000       1.91725302E-03  0.999998152    
   0.00000000       0.00000000       2.59465305E-03  0.999996603    
   0.00000000       0.00000000       3.36958654E-03  0.999994338    
   0.00000000       0.00000000       4.24035499E-03  0.999991000    
   0.00000000       0.00000000       5.20528946E-03  0.999986410    
   0.00000000       0.00000000       6.26274897E-03  0.999980390    
   0.00000000       0.00000000       7.41112139E-03  0.999972522    
   0.00000000       0.00000000       8.64882208E-03  0.999962568    
   0.00000000       0.00000000       9.97429341E-03  0.999950230    
   0.00000000       0.00000000       1.13860052E-02  0.999935150    
   0.00000000       0.00000000       1.28824525E-02  0.999917030    
   0.00000000       0.00000000       1.44621562E-02  0.999895394    
   0.00000000       0.00000000       1.61236636E-02  0.999870002    
   0.00000000       0.00000000       1.78655442E-02  0.999840379    
   0.00000000       0.00000000       1.96863953E-02  0.999806225    
   0.00000000       0.00000000       2.15848349E-02  0.999767005    
   0.00000000       0.00000000       2.35595051E-02  0.999722421    
   0.00000000       0.00000000       2.56090704E-02  0.999672055    
   0.00000000       0.00000000       2.77322195E-02  0.999615371    
   0.00000000       0.00000000       2.99276616E-02  0.999552071    
   0.00000000       0.00000000       3.21941264E-02  0.999481618    
   0.00000000       0.00000000       3.45303677E-02  0.999403656    
   0.00000000       0.00000000       3.69351581E-02  0.999317646    
   0.00000000       0.00000000       3.94072905E-02  0.999223232    
   0.00000000       0.00000000       4.19455767E-02  0.999119937    
   0.00000000       0.00000000       4.45488468E-02  0.999007225    
   0.00000000       0.00000000       4.72159535E-02  0.998884737    
   0.00000000       0.00000000       4.99457680E-02  0.998751938    
   0.00000000       0.00000000       5.27371764E-02  0.998608410    
   0.00000000       0.00000000       5.55890836E-02  0.998453736    
   0.00000000       0.00000000       5.85004091E-02  0.998287380    
   0.00000000       0.00000000       6.14700951E-02  0.998108923    
   0.00000000       0.00000000       6.44970983E-02  0.997917891    
   0.00000000       0.00000000       6.75803870E-02  0.997713864    
   0.00000000       0.00000000       7.07189515E-02  0.997496247    
   0.00000000       0.00000000       7.39118010E-02  0.997264802    
   0.00000000       0.00000000       7.71579444E-02  0.997018874    
   0.00000000       0.00000000       8.04564133E-02  0.996758103    
   0.00000000       0.00000000       8.38062614E-02  0.996482074    
   0.00000000       0.00000000       8.72065425E-02  0.996190250    
   0.00000000       0.00000000       9.06563401E-02  0.995882213    
   0.00000000       0.00000000       9.41547304E-02  0.995557547    
   0.00000000       0.00000000       9.77008194E-02  0.995215833    
   0.00000000       0.00000000      0.101293720      0.994856596    
   0.00000000       0.00000000      0.104932554      0.994479358    
   0.00000000       0.00000000      0.108616464      0.994083703    
   0.00000000       0.00000000      0.112344585      0.993669331    
   0.00000000       0.00000000      0.116116084      0.993235648    
   0.00000000       0.00000000      0.119930133      0.992782295    
   0.00000000       0.00000000      0.123785906      0.992308974    
   0.00000000       0.00000000      0.127682596      0.991815090    
   0.00000000       0.00000000      0.131619394      0.991300344    
   0.00000000       0.00000000      0.135595515      0.990764260    
   0.00000000       0.00000000      0.139610171      0.990206540    
   0.00000000       0.00000000      0.143662602      0.989626706    
   0.00000000       0.00000000      0.147752032      0.989024401    
   0.00000000       0.00000000      0.151877701      0.988399327    
   0.00000000       0.00000000      0.156038865      0.987750888    
   0.00000000       0.00000000      0.160234764      0.987078905    
   0.00000000       0.00000000      0.164464682      0.986382961    
   0.00000000       0.00000000      0.168727890      0.985662699    
   0.00000000       0.00000000      0.173023656      0.984917641    
   0.00000000       0.00000000      0.177351266      0.984147608    
   0.00000000       0.00000000      0.181710005      0.983352184    
   0.00000000       0.00000000      0.186099172      0.982530951    
   0.00000000       0.00000000      0.190518051      0.981683671    
   0.00000000       0.00000000      0.194965973      0.980809987    
   0.00000000       0.00000000      0.199442223      0.979909599    
   0.00000000       0.00000000      0.203946128      0.978982091    
   0.00000000       0.00000000      0.208476990      0.978027284    
   0.00000000       0.00000000      0.213034153      0.977044761    
   0.00000000       0.00000000      0.217616916      0.976034224    
   0.00000000       0.00000000      0.222224608      0.974995494    
   0.00000000       0.00000000      0.226856574      0.973928154    
   0.00000000       0.00000000      0.231512129      0.972832024    
   0.00000000       0.00000000      0.236190602      0.971706748    
   0.00000000       0.00000000      0.240891337      0.970552087    
   0.00000000       0.00000000      0.245613664      0.969367802    
   0.00000000       0.00000000      0.250356942      0.968153596    
   0.00000000       0.00000000      0.255120486      0.966909230    
   0.00000000       0.00000000      0.259903610      0.965634584    
   0.00000000       0.00000000      0.264705688      0.964329243    
   0.00000000       0.00000000      0.269526035      0.962993085    
   0.00000000       0.00000000      0.274364024      0.961625934    
   0.00000000       0.00000000      0.279218942      0.960227430    
   0.00000000       0.00000000      0.284090161      0.958797574    
   0.00000000       0.00000000      0.288976997      0.957336009    
   0.00000000       0.00000000      0.293878764      0.955842674    
   0.00000000       0.00000000      0.298794806      0.954317391    
   0.00000000       0.00000000      0.303724468      0.952759922    
   0.00000000       0.00000000      0.308667064      0.951170146    
   0.00000000       0.00000000      0.313621908      0.949547946    
   0.00000000       0.00000000      0.318588316      0.947893202    
   0.00000000       0.00000000      0.323565602      0.946205735    
   0.00000000       0.00000000      0.328553051      0.944485545    
   0.00000000       0.00000000      0.333550006      0.942732394    
   0.00000000       0.00000000      0.338555753      0.940946341    
   0.00000000       0.00000000      0.343569577      0.939127207    
   0.00000000       0.00000000      0.348590761      0.937275052    
   0.00000000       0.00000000      0.353618592      0.935389698    
   0.00000000       0.00000000      0.358652353      0.933471203    
   0.00000000       0.00000000      0.363691330      0.931519508    
   0.00000000       0.00000000      0.368734777      0.929534614    
   0.00000000       0.00000000      0.373781919      0.927516639    
   0.00000000       0.00000000      0.378832042      0.925465465    
   0.00000000       0.00000000      0.383884370      0.923381150    
   0.00000000       0.00000000      0.388938159      0.921263874    
   0.00000000       0.00000000      0.393992603      0.919113636    
   0.00000000       0.00000000      0.399046928      0.916930497    
   0.00000000       0.00000000      0.404100329      0.914714694    
   0.00000000       0.00000000      0.409152031      0.912466228    
   0.00000000       0.00000000      0.414201200      0.910185337    
   0.00000000       0.00000000      0.419247031      0.907872200    
   0.00000000       0.00000000      0.424288660      0.905526996    
   0.00000000       0.00000000      0.429325253      0.903149962    
   0.00000000       0.00000000      0.434355974      0.900741339    
   0.00000000       0.00000000      0.439379930      0.898301303    
   0.00000000       0.00000000      0.444396228      0.895830333    
   0.00000000       0.00000000      0.449404001      0.893328607    
   0.00000000       0.00000000      0.454402328      0.890796602    
   0.00000000       0.00000000      0.459390283      0.888234556    
   0.00000000       0.00000000      0.464366943      0.885642886    
   0.00000000       0.00000000      0.469331354      0.883022130    
   0.00000000       0.00000000      0.474282563      0.880372703    
   0.00000000       0.00000000      0.479219586      0.877695084    
   0.00000000       0.00000000      0.484141439      0.874989748    
   0.00000000       0.00000000      0.489047080      0.872257411    
   0.00000000       0.00000000      0.493935525      0.869498551    
   0.00000000       0.00000000      0.498805702      0.866713822    
   0.00000000       0.00000000      0.503656566      0.863903940    
   0.00000000       0.00000000      0.508487046      0.861069620    
   0.00000000       0.00000000      0.513296008      0.858211637    
   0.00000000       0.00000000      0.518082380      0.855330706    
   0.00000000       0.00000000      0.522845030      0.852427781    
   0.00000000       0.00000000      0.527582765      0.849503636    
   0.00000000       0.00000000      0.532294452      0.846559286    
   0.00000000       0.00000000      0.536978841      0.843595684    
   0.00000000       0.00000000      0.541634798      0.840613902    
   0.00000000       0.00000000      0.546261013      0.837615013    
   0.00000000       0.00000000      0.550856292      0.834600091    
   0.00000000       0.00000000      0.555419326      0.831570446    
   0.00000000       0.00000000      0.559948802      0.828527212    
   0.00000000       0.00000000      0.564443409      0.825471759    
   0.00000000       0.00000000      0.568901837      0.822405457    
   0.00000000       0.00000000      0.573322654      0.819329679    
   0.00000000       0.00000000      0.577704489      0.816245973    
   0.00000000       0.00000000      0.582045913      0.813155949    
   0.00000000       0.00000000      0.586345494      0.810061097    
   0.00000000       0.00000000      0.590601683      0.806963265    
   0.00000000       0.00000000      0.594813049      0.803864062    
   0.00000000       0.00000000      0.598978043      0.800765455    
   0.00000000       0.00000000      0.603095114      0.797669232    
   0.00000000       0.00000000      0.607162654      0.794577539    
   0.00000000       0.00000000      0.611179113      0.791492283    
   0.00000000       0.00000000      0.615142763      0.788415730    
   0.00000000       0.00000000      0.619051993      0.785350025    
   0.00000000       0.00000000      0.622905016      0.782297492    
   0.00000000       0.00000000      0.626700163      0.779260457    
   0.00000000       0.00000000      0.630435646      0.776241481    
   0.00000000       0.00000000      0.634109616      0.773243129    
   0.00000000       0.00000000      0.637720287      0.770268023    
   0.00000000       0.00000000      0.641265750      0.767318904    
   0.00000000       0.00000000      0.644744098      0.764398515    
   0.00000000       0.00000000      0.648153424      0.761509776    
   0.00000000       0.00000000      0.651491761      0.758655727    
   0.00000000       0.00000000      0.654757023      0.755839407    
   0.00000000       0.00000000      0.657947183      0.753064096    
   0.00000000       0.00000000      0.661060154      0.750332892    
   0.00000000       0.00000000      0.664093852      0.747649252    
   0.00000000       0.00000000      0.667046010      0.745016575    
   0.00000000       0.00000000      0.669914484      0.742438257    
   0.00000000       0.00000000      0.672697008      0.739918053    
   0.00000000       0.00000000      0.675391316      0.737459540    
   0.00000000       0.00000000      0.677995026      0.735066533    
   0.00000000       0.00000000      0.680505753      0.732742786    
   0.00000000       0.00000000      0.682921112      0.730492115    
   0.00000000       0.00000000      0.685238600      0.728318691    
   0.00000000       0.00000000      0.687455654      0.726226389    
   0.00000000       0.00000000      0.689569771      0.724219263    
   0.00000000       0.00000000      0.691578329      0.722301483    
   0.00000000       0.00000000      0.693478703      0.720477164    
   0.00000000       0.00000000      0.695268154      0.718750417    
   0.00000000       0.00000000      0.696943879      0.717125654    
   0.00000000       0.00000000      0.698503137      0.715606987    
   0.00000000       0.00000000      0.699943006      0.714198709    
   0.00000000       0.00000000      0.701260626      0.712904990    
   0.00000000       0.00000000      0.702452958      0.711730182    
   0.00000000       0.00000000      0.703517020      0.710678399    
   0.00000000       0.00000000      0.704449773      0.709753811    
   0.00000000       0.00000000      0.705247998      0.708960652    
   0.00000000       0.00000000      0.705908537      0.708302975    
   0.00000000       0.00000000      0.706428170      0.707784772    
   0.00000000       0.00000000      0.706803560      0.707409859    
   0.00000000       0.00000000      0.707031310      0.707182229    
   0.00000000       0.00000000      0.707107961      0.707105577    
