   0.00000000       0.00000000       0.00000000    
   8.45008472E-05   0.00000000       0.00000000    
   3.38003534E-04   0.00000000       0.00000000    
   7.60508352E-04   0.00000000       0.00000000    
   1.35201518E-03   0.00000000       0.00000000    
   2.11252412E-03   0.00000000       0.00000000    
   3.04203387E-03   0.00000000       0.00000000    
   4.14054375E-03   0.00000000       0.00000000    
   5.40805561E-03   0.00000000       0.00000000    
   6.84456807E-03   0.00000000       0.00000000    
   8.45008343E-03   0.00000000       0.00000000    
   1.02245994E-02   0.00000000       0.00000000    
   1.21681150E-02   0.00000000       0.00000000    
   1.42806331E-02   0.00000000       0.00000000    
   1.65621508E-02   0.00000000       0.00000000    
   1.90126691E-02   0.00000000       0.00000000    
   2.16321871E-02   0.00000000       0.00000000    
   2.44207084E-02   0.00000000       0.00000000    
   2.73782276E-02   0.00000000       0.00000000    
   3.05047482E-02   0.00000000       0.00000000    
   3.38002741E-02   0.00000000       0.00000000    
   3.72647904E-02   0.00000000       0.00000000    
   4.08983119E-02   0.00000000       0.00000000    
   4.47008349E-02   0.00000000       0.00000000    
   4.86723594E-02   0.00000000       0.00000000    
   5.28128818E-02   0.00000000       0.00000000    
   5.71224019E-02   0.00000000       0.00000000    
   6.16009235E-02   0.00000000       0.00000000    
   6.62484467E-02   0.00000000       0.00000000    
   7.10649788E-02   0.00000000       0.00000000    
   7.60504976E-02   0.00000000       0.00000000    
   8.12050179E-02   0.00000000       0.00000000    
   8.65285471E-02   0.00000000       0.00000000    
   9.20210779E-02   0.00000000       0.00000000    
   9.76826102E-02   0.00000000       0.00000000    
  0.103513122       0.00000000       0.00000000    
  0.109512642       0.00000000       0.00000000    
  0.115681164       0.00000000       0.00000000    
  0.122018687       0.00000000       0.00000000    
  0.128525227       0.00000000       0.00000000    
  0.135200739       0.00000000       0.00000000    
  0.142045259       0.00000000       0.00000000    
  0.149058774       0.00000000       0.00000000    
  0.156241298       0.00000000       0.00000000    
  0.163592815       0.00000000       0.00000000    
  0.171113312       0.00000000       0.00000000    
  0.178802788       0.00000000       0.00000000    
  0.186661288       0.00000000       0.00000000    
  0.194688782       0.00000000       0.00000000    
  0.202885285       0.00000000       0.00000000    
  0.211250737       0.00000000       0.00000000    
  0.219785169       0.00000000       0.00000000    
  0.228488579       0.00000000       0.00000000    
  0.237360895       0.00000000       0.00000000    
  0.246402070       0.00000000       0.00000000    
  0.255611420       0.00000000       0.00000000    
  0.264986902       0.00000000       0.00000000    
  0.274525553       0.00000000       0.00000000    
  0.284224391       0.00000000       0.00000000    
  0.294080168       0.00000000       0.00000000    
  0.304087758       0.00000000       0.00000000    
  0.314243227       0.00000000       0.00000000    
  0.324542552       0.00000000       0.00000000    
  0.334982514       0.00000000       0.00000000    
  0.345559835       0.00000000       0.00000000    
  0.356269300       0.00000000       0.00000000    
  0.367106885       0.00000000       0.00000000    
  0.378068745       0.00000000       0.00000000    
  0.389151663       0.00000000       0.00000000    
  0.400351107       0.00000000       0.00000000    
  0.411663234       0.00000000       0.00000000    
  0.423084289       0.00000000       0.00000000    
  0.434610337       0.00000000       0.00000000    
  0.446238279       0.00000000       0.00000000    
  0.457963705       0.00000000       0.00000000    
  0.469782859       0.00000000       0.00000000    
  0.481691897       0.00000000       0.00000000    
  0.493687212       0.00000000       0.00000000    
  0.505766273       0.00000000       0.00000000    
  0.517924070       0.00000000       0.00000000    
  0.530157030       0.00000000       0.00000000    
  0.542461395       0.00000000       0.00000000    
  0.554833412       0.00000000       0.00000000    
  0.567269564       0.00000000       0.00000000    
  0.579766154       0.00000000       0.00000000    
  0.592320144       0.00000000       0.00000000    
  0.604927301       0.00000000       0.00000000    
  0.617585123       0.00000000       0.00000000    
  0.630290151       0.00000000       0.00000000    
  0.643037379       0.00000000       0.00000000    
  0.655823410       0.00000000       0.00000000    
  0.668644547       0.00000000       0.00000000    
  0.681497157       0.00000000       0.00000000    
  0.694377780       0.00000000       0.00000000    
  0.707282782       0.00000000       0.00000000    
  0.720209122       0.00000000       0.00000000    
  0.733152747       0.00000000       0.00000000    
  0.746111214       0.00000000       0.00000000    
  0.759079754       0.00000000       0.00000000    
  0.772054732       0.00000000       0.00000000    
  0.785032809       0.00000000       0.00000000    
  0.798010170       0.00000000       0.00000000    
  0.810983419       0.00000000       0.00000000    
  0.823948979       0.00000000       0.00000000    
  0.836903214       0.00000000       0.00000000    
  0.849843204       0.00000000       0.00000000    
  0.862766027       0.00000000       0.00000000    
  0.875668049       0.00000000       0.00000000    
  0.888544500       0.00000000       0.00000000    
  0.901391804       0.00000000       0.00000000    
  0.914206326       0.00000000       0.00000000    
  0.926984549       0.00000000       0.00000000    
  0.939722955       0.00000000       0.00000000    
  0.952417791       0.00000000       0.00000000    
  0.965065539       0.00000000       0.00000000    
  0.977663100       0.00000000       0.00000000    
  0.990207493       0.00000000       0.00000000    
   1.00269520       0.00000000       0.00000000    
   1.01512122       0.00000000       0.00000000    
   1.02748191       0.00000000       0.00000000    
   1.03977370       0.00000000       0.00000000    
   1.05199277       0.00000000       0.00000000    
   1.06413686       0.00000000       0.00000000    
   1.07620096       0.00000000       0.00000000    
   1.08818114       0.00000000       0.00000000    
   1.10007453       0.00000000       0.00000000    
   1.11187792       0.00000000       0.00000000    
   1.12358773       0.00000000       0.00000000    
   1.13519883       0.00000000       0.00000000    
   1.14670718       0.00000000       0.00000000    
   1.15810943       0.00000000       0.00000000    
   1.16940153       0.00000000       0.00000000    
   1.18057954       0.00000000       0.00000000    
   1.19163978       0.00000000       0.00000000    
   1.20257902       0.00000000       0.00000000    
   1.21339393       0.00000000       0.00000000    
   1.22407937       0.00000000       0.00000000    
   1.23463142       0.00000000       0.00000000    
   1.24504602       0.00000000       0.00000000    
   1.25531948       0.00000000       0.00000000    
   1.26544774       0.00000000       0.00000000    
   1.27542686       0.00000000       0.00000000    
   1.28525281       0.00000000       0.00000000    
   1.29492164       0.00000000       0.00000000    
   1.30443048       0.00000000       0.00000000    
   1.31377625       0.00000000       0.00000000    
   1.32295489       0.00000000       0.00000000    
   1.33196521       0.00000000       0.00000000    
   1.34080637       0.00000000       0.00000000    
   1.34947872       0.00000000       0.00000000    
   1.35798216       0.00000000       0.00000000    
   1.36631656       0.00000000       0.00000000    
   1.37448215       0.00000000       0.00000000    
   1.38247859       0.00000000       0.00000000    
   1.39030600       0.00000000       0.00000000    
   1.39796448       0.00000000       0.00000000    
   1.40545404       0.00000000       0.00000000    
   1.41277456       0.00000000       0.00000000    
   1.41992593       0.00000000       0.00000000    
   1.42690837       0.00000000       0.00000000    
   1.43372190       0.00000000       0.00000000    
   1.44036627       0.00000000       0.00000000    
   1.44684184       0.00000000       0.00000000    
   1.45314837       0.00000000       0.00000000    
   1.45928586       0.00000000       0.00000000    
   1.46525431       0.00000000       0.00000000    
   1.47105384       0.00000000       0.00000000    
   1.47668433       0.00000000       0.00000000    
   1.48214579       0.00000000       0.00000000    
   1.48743832       0.00000000       0.00000000    
   1.49256182       0.00000000       0.00000000    
   1.49751616       0.00000000       0.00000000    
   1.50230169       0.00000000       0.00000000    
   1.50691819       0.00000000       0.00000000    
   1.51136565       0.00000000       0.00000000    
   1.51564407       0.00000000       0.00000000    
   1.51975369       0.00000000       0.00000000    
   1.52369416       0.00000000       0.00000000    
   1.52746558       0.00000000       0.00000000    
   1.53106809       0.00000000       0.00000000    
   1.53450167       0.00000000       0.00000000    
   1.53776610       0.00000000       0.00000000    
   1.54086161       0.00000000       0.00000000    
   1.54378808       0.00000000       0.00000000    
   1.54654562       0.00000000       0.00000000    
   1.54913402       0.00000000       0.00000000    
   1.55155361       0.00000000       0.00000000    
   1.55380404       0.00000000       0.00000000    
   1.55588555       0.00000000       0.00000000    
   1.55779803       0.00000000       0.00000000    
   1.55954146       0.00000000       0.00000000    
   1.56111598       0.00000000       0.00000000    
   1.56252146       0.00000000       0.00000000    
   1.56375790       0.00000000       0.00000000    
   1.56482518       0.00000000       0.00000000    
   1.56572366       0.00000000       0.00000000    
   1.56645322       0.00000000       0.00000000    
   1.56701362       0.00000000       0.00000000    
   1.56740499       0.00000000       0.00000000    
   1.56762755       0.00000000       0.00000000    
   1.56768107       0.00000000       0.00000000    
