   0.00000000       0.00000000       0.00000000       1.00000000    
   0.00000000       0.00000000       4.22504236E-05   1.00000000    
   0.00000000       0.00000000       1.69001753E-04   1.00000000    
   0.00000000       0.00000000       3.80254176E-04  0.999999940    
   0.00000000       0.00000000       6.76007592E-04  0.999999762    
   0.00000000       0.00000000       1.05626183E-03  0.999999404    
   0.00000000       0.00000000       1.52101635E-03  0.999998808    
   0.00000000       0.00000000       2.07027071E-03  0.999997795    
   0.00000000       0.00000000       2.70402455E-03  0.999996305    
   0.00000000       0.00000000       3.42227775E-03  0.999994099    
   0.00000000       0.00000000       4.22502914E-03  0.999991059    
   0.00000000       0.00000000       5.11227734E-03  0.999986947    
   0.00000000       0.00000000       6.08401978E-03  0.999981523    
   0.00000000       0.00000000       7.14025507E-03  0.999974549    
   0.00000000       0.00000000       8.28098040E-03  0.999965727    
   0.00000000       0.00000000       9.50619113E-03  0.999954820    
   0.00000000       0.00000000       1.08158831E-02  0.999941528    
   0.00000000       0.00000000       1.22100506E-02  0.999925494    
   0.00000000       0.00000000       1.36886863E-02  0.999906361    
   0.00000000       0.00000000       1.52517827E-02  0.999883711    
   0.00000000       0.00000000       1.68993305E-02  0.999857247    
   0.00000000       0.00000000       1.86313167E-02  0.999826491    
   0.00000000       0.00000000       2.04477310E-02  0.999790967    
   0.00000000       0.00000000       2.23485567E-02  0.999750257    
   0.00000000       0.00000000       2.43337769E-02  0.999703884    
   0.00000000       0.00000000       2.64033712E-02  0.999651372    
   0.00000000       0.00000000       2.85573173E-02  0.999592185    
   0.00000000       0.00000000       3.07955910E-02  0.999525726    
   0.00000000       0.00000000       3.31181660E-02  0.999451458    
   0.00000000       0.00000000       3.55250090E-02  0.999368787    
   0.00000000       0.00000000       3.80160846E-02  0.999277115    
   0.00000000       0.00000000       4.05913554E-02  0.999175847    
   0.00000000       0.00000000       4.32507768E-02  0.999064267    
   0.00000000       0.00000000       4.59943041E-02  0.998941720    
   0.00000000       0.00000000       4.88218851E-02  0.998807490    
   0.00000000       0.00000000       5.17334603E-02  0.998660922    
   0.00000000       0.00000000       5.47289662E-02  0.998501241    
   0.00000000       0.00000000       5.78083396E-02  0.998327672    
   0.00000000       0.00000000       6.09715059E-02  0.998139501    
   0.00000000       0.00000000       6.42183870E-02  0.997935891    
   0.00000000       0.00000000       6.75488934E-02  0.997716010    
   0.00000000       0.00000000       7.09629357E-02  0.997479022    
   0.00000000       0.00000000       7.44604096E-02  0.997224033    
   0.00000000       0.00000000       7.80412108E-02  0.996950209    
   0.00000000       0.00000000       8.17052200E-02  0.996656597    
   0.00000000       0.00000000       8.54523107E-02  0.996342301    
   0.00000000       0.00000000       8.92823562E-02  0.996006370    
   0.00000000       0.00000000       9.31952149E-02  0.995647848    
   0.00000000       0.00000000       9.71907303E-02  0.995265782    
   0.00000000       0.00000000      0.101268739      0.994859099    
   0.00000000       0.00000000      0.105429068      0.994426847    
   0.00000000       0.00000000      0.109671533      0.993967891    
   0.00000000       0.00000000      0.113995932      0.993481219    
   0.00000000       0.00000000      0.118402041      0.992965758    
   0.00000000       0.00000000      0.122889608      0.992420375    
   0.00000000       0.00000000      0.127458051      0.991843998    
   0.00000000       0.00000000      0.132106155      0.991235614    
   0.00000000       0.00000000      0.136832163      0.990594268    
   0.00000000       0.00000000      0.141634315      0.989919066    
   0.00000000       0.00000000      0.146510795      0.989209116    
   0.00000000       0.00000000      0.151458740      0.988463640    
   0.00000000       0.00000000      0.156475917      0.987681806    
   0.00000000       0.00000000      0.161560059      0.986862898    
   0.00000000       0.00000000      0.166709244      0.986006141    
   0.00000000       0.00000000      0.171921536      0.985110700    
   0.00000000       0.00000000      0.177194029      0.984175980    
   0.00000000       0.00000000      0.182524443      0.983201385    
   0.00000000       0.00000000      0.187910542      0.982186198    
   0.00000000       0.00000000      0.193350375      0.981129825    
   0.00000000       0.00000000      0.198841378      0.980031729    
   0.00000000       0.00000000      0.204381302      0.978891373    
   0.00000000       0.00000000      0.209967911      0.977708280    
   0.00000000       0.00000000      0.215598956      0.976481974    
   0.00000000       0.00000000      0.221272528      0.975211978    
   0.00000000       0.00000000      0.226986080      0.973897994    
   0.00000000       0.00000000      0.232737392      0.972539604    
   0.00000000       0.00000000      0.238524258      0.971136510    
   0.00000000       0.00000000      0.244344473      0.969688475    
   0.00000000       0.00000000      0.250196427      0.968195081    
   0.00000000       0.00000000      0.256077349      0.966656268    
   0.00000000       0.00000000      0.261985034      0.965071917    
   0.00000000       0.00000000      0.267917335      0.963441908    
   0.00000000       0.00000000      0.273872048      0.961766124    
   0.00000000       0.00000000      0.279847056      0.960044563    
   0.00000000       0.00000000      0.285840183      0.958277285    
   0.00000000       0.00000000      0.291849613      0.956464231    
   0.00000000       0.00000000      0.297872901      0.954605579    
   0.00000000       0.00000000      0.303908527      0.952701271    
   0.00000000       0.00000000      0.309954375      0.950751483    
   0.00000000       0.00000000      0.316007793      0.948756635    
   0.00000000       0.00000000      0.322066694      0.946717024    
   0.00000000       0.00000000      0.328129023      0.944632947    
   0.00000000       0.00000000      0.334192723      0.942504823    
   0.00000000       0.00000000      0.340255767      0.940333009    
   0.00000000       0.00000000      0.346316129      0.938117981    
   0.00000000       0.00000000      0.352372080      0.935860097    
   0.00000000       0.00000000      0.358421355      0.933560014    
   0.00000000       0.00000000      0.364462525      0.931218147    
   0.00000000       0.00000000      0.370493084      0.928835332    
   0.00000000       0.00000000      0.376511097      0.926412225    
   0.00000000       0.00000000      0.382514626      0.923949540    
   0.00000000       0.00000000      0.388501763      0.921448052    
   0.00000000       0.00000000      0.394470632      0.918908596    
   0.00000000       0.00000000      0.400419384      0.916332066    
   0.00000000       0.00000000      0.406346142      0.913719296    
   0.00000000       0.00000000      0.412249357      0.911071122    
   0.00000000       0.00000000      0.418127507      0.908388436    
   0.00000000       0.00000000      0.423978776      0.905672193    
   0.00000000       0.00000000      0.429800868      0.902923763    
   0.00000000       0.00000000      0.435592026      0.900144279    
   0.00000000       0.00000000      0.441350520      0.897334874    
   0.00000000       0.00000000      0.447074652      0.894496739    
   0.00000000       0.00000000      0.452762753      0.891631126    
   0.00000000       0.00000000      0.458413154      0.888739288    
   0.00000000       0.00000000      0.464024216      0.885822594    
   0.00000000       0.00000000      0.469594598      0.882882237    
   0.00000000       0.00000000      0.475122958      0.879919469    
   0.00000000       0.00000000      0.480607718      0.876935780    
   0.00000000       0.00000000      0.486046821      0.873932838    
   0.00000000       0.00000000      0.491438717      0.870912254    
   0.00000000       0.00000000      0.496781915      0.867875516    
   0.00000000       0.00000000      0.502074957      0.864824235    
   0.00000000       0.00000000      0.507316887      0.861759722    
   0.00000000       0.00000000      0.512505770      0.858683944    
   0.00000000       0.00000000      0.517640173      0.855598569    
   0.00000000       0.00000000      0.522718966      0.852505207    
   0.00000000       0.00000000      0.527741075      0.849405408    
   0.00000000       0.00000000      0.532705188      0.846301019    
   0.00000000       0.00000000      0.537609398      0.843194127    
   0.00000000       0.00000000      0.542452395      0.840086639    
   0.00000000       0.00000000      0.547232985      0.836980402    
   0.00000000       0.00000000      0.551949859      0.833877385    
   0.00000000       0.00000000      0.556601763      0.830779493    
   0.00000000       0.00000000      0.561187565      0.827688754    
   0.00000000       0.00000000      0.565706253      0.824606895    
   0.00000000       0.00000000      0.570156991      0.821535826    
   0.00000000       0.00000000      0.574538052      0.818477929    
   0.00000000       0.00000000      0.578848362      0.815435290    
   0.00000000       0.00000000      0.583086729      0.812409997    
   0.00000000       0.00000000      0.587252140      0.809404135    
   0.00000000       0.00000000      0.591343522      0.806419849    
   0.00000000       0.00000000      0.595359802      0.803459287    
   0.00000000       0.00000000      0.599299967      0.800524652    
   0.00000000       0.00000000      0.603163064      0.797618032    
   0.00000000       0.00000000      0.606948435      0.794741333    
   0.00000000       0.00000000      0.610655487      0.791896522    
   0.00000000       0.00000000      0.614283323      0.789085686    
   0.00000000       0.00000000      0.617832005      0.786310315    
   0.00000000       0.00000000      0.621301949      0.783571422    
   0.00000000       0.00000000      0.624693811      0.780869961    
   0.00000000       0.00000000      0.628008187      0.778206885    
   0.00000000       0.00000000      0.631245673      0.775583088    
   0.00000000       0.00000000      0.634406924      0.772999406    
   0.00000000       0.00000000      0.637492478      0.770456731    
   0.00000000       0.00000000      0.640502930      0.767955840    
   0.00000000       0.00000000      0.643438935      0.765497565    
   0.00000000       0.00000000      0.646301031      0.763082683    
   0.00000000       0.00000000      0.649089754      0.760711968    
   0.00000000       0.00000000      0.651805699      0.758386135    
   0.00000000       0.00000000      0.654449403      0.756105900    
   0.00000000       0.00000000      0.657021463      0.753871977    
   0.00000000       0.00000000      0.659522355      0.751685023    
   0.00000000       0.00000000      0.661952674      0.749545693    
   0.00000000       0.00000000      0.664312899      0.747454643    
   0.00000000       0.00000000      0.666603506      0.745412529    
   0.00000000       0.00000000      0.668825030      0.743419886    
   0.00000000       0.00000000      0.670977950      0.741477311    
   0.00000000       0.00000000      0.673062742      0.739585400    
   0.00000000       0.00000000      0.675079823      0.737744689    
   0.00000000       0.00000000      0.677029729      0.735955656    
   0.00000000       0.00000000      0.678912818      0.734218836    
   0.00000000       0.00000000      0.680729568      0.732534766    
   0.00000000       0.00000000      0.682480395      0.730903864    
   0.00000000       0.00000000      0.684165657      0.729326606    
   0.00000000       0.00000000      0.685785770      0.727803409    
   0.00000000       0.00000000      0.687341154      0.726334691    
   0.00000000       0.00000000      0.688832164      0.724920869    
   0.00000000       0.00000000      0.690259099      0.723562300    
   0.00000000       0.00000000      0.691622317      0.722259343    
   0.00000000       0.00000000      0.692922175      0.721012414    
   0.00000000       0.00000000      0.694158971      0.719821811    
   0.00000000       0.00000000      0.695332944      0.718687832    
   0.00000000       0.00000000      0.696444452      0.717610776    
   0.00000000       0.00000000      0.697493732      0.716590941    
   0.00000000       0.00000000      0.698481083      0.715628624    
   0.00000000       0.00000000      0.699406683      0.714724004    
   0.00000000       0.00000000      0.700270832      0.713877380    
   0.00000000       0.00000000      0.701073647      0.713088930    
   0.00000000       0.00000000      0.701815426      0.712358892    
   0.00000000       0.00000000      0.702496290      0.711687446    
   0.00000000       0.00000000      0.703116417      0.711074769    
   0.00000000       0.00000000      0.703675985      0.710521042    
   0.00000000       0.00000000      0.704175115      0.710026383    
   0.00000000       0.00000000      0.704613924      0.709590912    
   0.00000000       0.00000000      0.704992533      0.709214747    
   0.00000000       0.00000000      0.705311060      0.708897948    
   0.00000000       0.00000000      0.705569565      0.708640635    
   0.00000000       0.00000000      0.705768108      0.708442867    
   0.00000000       0.00000000      0.705906749      0.708304703    
   0.00000000       0.00000000      0.705985546      0.708226144    
   0.00000000       0.00000000      0.706004500      0.708207250    
