   0.00000000       0.00000000       0.00000000    
   0.00000000       0.00000000       1.30001334E-02
   0.00000000       0.00000000       2.60002837E-02
   0.00000000       0.00000000       3.90004627E-02
   0.00000000       0.00000000       5.20006008E-02
   0.00000000       0.00000000       6.50007278E-02
   0.00000000       0.00000000       7.80007914E-02
   0.00000000       0.00000000       9.10008475E-02
   0.00000000       0.00000000      0.104000933    
   0.00000000       0.00000000      0.117001101    
   0.00000000       0.00000000      0.130001143    
   0.00000000       0.00000000      0.143001199    
   0.00000000       0.00000000      0.156001225    
   0.00000000       0.00000000      0.169001371    
   0.00000000       0.00000000      0.182001427    
   0.00000000       0.00000000      0.195001468    
   0.00000000       0.00000000      0.208001554    
   0.00000000       0.00000000      0.221001491    
   0.00000000       0.00000000      0.234001547    
   0.00000000       0.00000000      0.247001559    
   0.00000000       0.00000000      0.260001749    
   0.00000000       0.00000000      0.273001581    
   0.00000000       0.00000000      0.286001742    
   0.00000000       0.00000000      0.299001694    
   0.00000000       0.00000000      0.312001765    
   0.00000000       0.00000000      0.325001687    
   0.00000000       0.00000000      0.338001609    
   0.00000000       0.00000000      0.351001680    
   0.00000000       0.00000000      0.364001781    
   0.00000000       0.00000000      0.377001882    
   0.00000000       0.00000000      0.390001774    
   0.00000000       0.00000000      0.403001904    
   0.00000000       0.00000000      0.416001976    
   0.00000000       0.00000000      0.429002017    
   0.00000000       0.00000000      0.442002028    
   0.00000000       0.00000000      0.455001801    
   0.00000000       0.00000000      0.468001783    
   0.00000000       0.00000000      0.481001735    
   0.00000000       0.00000000      0.494001597    
   0.00000000       0.00000000      0.507001460    
   0.00000000       0.00000000      0.520001352    
   0.00000000       0.00000000      0.533001244    
   0.00000000       0.00000000      0.546001196    
   0.00000000       0.00000000      0.559000969    
   0.00000000       0.00000000      0.572000504    
   0.00000000       0.00000000      0.585000217    
   0.00000000       0.00000000      0.597999811    
   0.00000000       0.00000000      0.610999405    
   0.00000000       0.00000000      0.623998702    
   0.00000000       0.00000000      0.636997581    
   0.00000000       0.00000000      0.649996161    
   0.00000000       0.00000000      0.662994027    
   0.00000000       0.00000000      0.675990045    
   0.00000000       0.00000000      0.688983560    
   0.00000000       0.00000000      0.701954246    
   0.00000000       0.00000000      0.714832783    
   0.00000000       0.00000000      0.727510810    
   0.00000000       0.00000000      0.739925206    
   0.00000000       0.00000000      0.752148688    
   0.00000000       0.00000000      0.764026284    
   0.00000000       0.00000000      0.775552154    
   0.00000000       0.00000000      0.786774397    
   0.00000000       0.00000000      0.797692537    
   0.00000000       0.00000000      0.808408141    
   0.00000000       0.00000000      0.818770528    
   0.00000000       0.00000000      0.828780830    
   0.00000000       0.00000000      0.838490844    
   0.00000000       0.00000000      0.847901642    
   0.00000000       0.00000000      0.857064247    
   0.00000000       0.00000000      0.865880489    
   0.00000000       0.00000000      0.874401629    
   0.00000000       0.00000000      0.882628918    
   0.00000000       0.00000000      0.890563369    
   0.00000000       0.00000000      0.898254991    
   0.00000000       0.00000000      0.905607879    
   0.00000000       0.00000000      0.912671626    
   0.00000000       0.00000000      0.919447541    
   0.00000000       0.00000000      0.925984383    
   0.00000000       0.00000000      0.932235181    
   0.00000000       0.00000000      0.938153625    
   0.00000000       0.00000000      0.943788111    
   0.00000000       0.00000000      0.949139714    
   0.00000000       0.00000000      0.954209268    
   0.00000000       0.00000000      0.958997667    
   0.00000000       0.00000000      0.963505507    
   0.00000000       0.00000000      0.967780471    
   0.00000000       0.00000000      0.971776128    
   0.00000000       0.00000000      0.975539744    
   0.00000000       0.00000000      0.978979290    
   0.00000000       0.00000000      0.982095242    
   0.00000000       0.00000000      0.984934807    
   0.00000000       0.00000000      0.987498164    
   0.00000000       0.00000000      0.989785671    
   0.00000000       0.00000000      0.991797686    
   0.00000000       0.00000000      0.993534625    
   0.00000000       0.00000000      0.995042801    
   0.00000000       0.00000000      0.996276498    
   0.00000000       0.00000000      0.997235656    
   0.00000000       0.00000000      0.997875035    
   0.00000000       0.00000000      0.998240411    
   0.00000000       0.00000000      0.998331785    
   0.00000000       0.00000000      0.998148978    
   0.00000000       0.00000000      0.997692466    
   0.00000000       0.00000000      0.996961772    
   0.00000000       0.00000000      0.995956719    
   0.00000000       0.00000000      0.994768679    
   0.00000000       0.00000000      0.993306518    
   0.00000000       0.00000000      0.991523564    
   0.00000000       0.00000000      0.989419699    
   0.00000000       0.00000000      0.987040281    
   0.00000000       0.00000000      0.984385192    
   0.00000000       0.00000000      0.981453598    
   0.00000000       0.00000000      0.978245258    
   0.00000000       0.00000000      0.974759459    
   0.00000000       0.00000000      0.970995843    
   0.00000000       0.00000000      0.967046440    
   0.00000000       0.00000000      0.962818384    
   0.00000000       0.00000000      0.958263636    
   0.00000000       0.00000000      0.953381538    
   0.00000000       0.00000000      0.948218048    
   0.00000000       0.00000000      0.942772150    
   0.00000000       0.00000000      0.937090695    
   0.00000000       0.00000000      0.931124926    
   0.00000000       0.00000000      0.924826503    
   0.00000000       0.00000000      0.918241978    
   0.00000000       0.00000000      0.911466300    
   0.00000000       0.00000000      0.904402494    
   0.00000000       0.00000000      0.897001386    
   0.00000000       0.00000000      0.889261186    
   0.00000000       0.00000000      0.881229281    
   0.00000000       0.00000000      0.872904181    
   0.00000000       0.00000000      0.864284694    
   0.00000000       0.00000000      0.855369747    
   0.00000000       0.00000000      0.846157730    
   0.00000000       0.00000000      0.836746871    
   0.00000000       0.00000000      0.826986730    
   0.00000000       0.00000000      0.816875815    
   0.00000000       0.00000000      0.806463242    
   0.00000000       0.00000000      0.795747519    
   0.00000000       0.00000000      0.784728229    
   0.00000000       0.00000000      0.773404896    
   0.00000000       0.00000000      0.761778116    
   0.00000000       0.00000000      0.749850214    
   0.00000000       0.00000000      0.737626612    
   0.00000000       0.00000000      0.725212038    
   0.00000000       0.00000000      0.712502480    
   0.00000000       0.00000000      0.699580789    
   0.00000000       0.00000000      0.686598241    
   0.00000000       0.00000000      0.673604608    
   0.00000000       0.00000000      0.660607815    
   0.00000000       0.00000000      0.647609711    
   0.00000000       0.00000000      0.634611011    
   0.00000000       0.00000000      0.621611953    
   0.00000000       0.00000000      0.608612657    
   0.00000000       0.00000000      0.595613062    
   0.00000000       0.00000000      0.582613468    
   0.00000000       0.00000000      0.569613874    
   0.00000000       0.00000000      0.556614280    
   0.00000000       0.00000000      0.543614507    
   0.00000000       0.00000000      0.530614614    
   0.00000000       0.00000000      0.517614841    
   0.00000000       0.00000000      0.504615009    
   0.00000000       0.00000000      0.491614819    
   0.00000000       0.00000000      0.478614956    
   0.00000000       0.00000000      0.465615004    
   0.00000000       0.00000000      0.452615023    
   0.00000000       0.00000000      0.439614922    
   0.00000000       0.00000000      0.426615030    
   0.00000000       0.00000000      0.413615048    
   0.00000000       0.00000000      0.400615156    
   0.00000000       0.00000000      0.387615085    
   0.00000000       0.00000000      0.374614984    
   0.00000000       0.00000000      0.361614794    
   0.00000000       0.00000000      0.348614663    
   0.00000000       0.00000000      0.335614741    
   0.00000000       0.00000000      0.322614670    
   0.00000000       0.00000000      0.309614778    
   0.00000000       0.00000000      0.296614736    
   0.00000000       0.00000000      0.283614516    
   0.00000000       0.00000000      0.270614654    
   0.00000000       0.00000000      0.257614523    
   0.00000000       0.00000000      0.244614556    
   0.00000000       0.00000000      0.231614456    
   0.00000000       0.00000000      0.218614429    
   0.00000000       0.00000000      0.205614343    
   0.00000000       0.00000000      0.192614436    
   0.00000000       0.00000000      0.179614440    
   0.00000000       0.00000000      0.166614428    
   0.00000000       0.00000000      0.153614432    
   0.00000000       0.00000000      0.140614390    
   0.00000000       0.00000000      0.127614379    
   0.00000000       0.00000000      0.114614293    
   0.00000000       0.00000000      0.101614274    
   0.00000000       0.00000000       8.86142105E-02
   0.00000000       0.00000000       7.56141618E-02
   0.00000000       0.00000000       6.26141131E-02
   0.00000000       0.00000000       4.96140532E-02
   0.00000000       0.00000000       3.66139859E-02
   0.00000000       0.00000000       2.36139111E-02
   0.00000000       0.00000000       1.06138373E-02
   0.00000000       2.88891792E-03  -2.19563022E-04
