   1.00000000    
  0.944111764    
  0.421538323    
  0.420340002    
  0.356611639    
  0.221790716    
  0.184547871    
  0.143654734    
  0.126171604    
  0.135668203    
  0.146880522    
  0.151186362    
  0.148412228    
  0.137672782    
  0.120392121    
  0.107379183    
   9.78965238E-02
   9.03466940E-02
   8.38304088E-02
   7.88794756E-02
   7.46454895E-02
   7.11963028E-02
   6.72717094E-02
   6.56076670E-02
   6.25052005E-02
   5.95777780E-02
   5.82272075E-02
   5.57946116E-02
   5.33813462E-02
   5.16162142E-02
   5.02782650E-02
   4.96856049E-02
   4.71657403E-02
   4.59344499E-02
   4.43107188E-02
   4.29033935E-02
   4.23190892E-02
   4.08076718E-02
   3.99195105E-02
   3.85482162E-02
   3.78955454E-02
   3.72348242E-02
   3.58351916E-02
   3.51866372E-02
   3.42335589E-02
   3.36095281E-02
   3.25202234E-02
   3.18894051E-02
   3.13249864E-02
   3.06122955E-02
   2.96619069E-02
   2.97441278E-02
   2.89215967E-02
   2.83558778E-02
   2.74569783E-02
   2.70429738E-02
   2.66352519E-02
   2.61178724E-02
   2.51769815E-02
   2.53114328E-02
   2.46529281E-02
   2.39568818E-02
   2.40630265E-02
   2.33778469E-02
   2.24007778E-02
   2.24055797E-02
   2.19692718E-02
   2.19275691E-02
   2.13393122E-02
   2.08401270E-02
   2.11054478E-02
   2.03183498E-02
   1.97554361E-02
   1.94823518E-02
   1.90595333E-02
   1.92182176E-02
   1.93961710E-02
   1.83767304E-02
   1.77990943E-02
   1.81187373E-02
   1.72939729E-02
   1.72665119E-02
   1.69257969E-02
   1.67645235E-02
   1.67310517E-02
   1.62320193E-02
   1.55892149E-02
   1.55380983E-02
   1.54729709E-02
   1.50871892E-02
   1.53165376E-02
   1.53091829E-02
   1.49348835E-02
   1.43815959E-02
   1.43140852E-02
   1.39983874E-02
   1.39417136E-02
   1.40029965E-02
   1.34800980E-02
   1.31121464E-02
   1.31054409E-02
   1.29062859E-02
   1.30739370E-02
   1.31962188E-02
   1.26999747E-02
   1.22276396E-02
   1.18108355E-02
   1.19511578E-02
   1.15858205E-02
   1.16247265E-02
   1.17606493E-02
   1.17140431E-02
   1.15246912E-02
   1.14918090E-02
   1.11178402E-02
   1.07752606E-02
   1.07366955E-02
   1.02376882E-02
   1.02655562E-02
   1.00551583E-02
   1.00431619E-02
   1.01004541E-02
   9.84529033E-03
   9.84351616E-03
   9.73032415E-03
   9.65093356E-03
   9.47677623E-03
   9.49043781E-03
   9.43877269E-03
   9.03614704E-03
   8.77469219E-03
   8.57251324E-03
   8.46282020E-03
   8.42729956E-03
   8.42865277E-03
   8.47648364E-03
   8.33444670E-03
   8.40419997E-03
   8.40511732E-03
   8.47606082E-03
   8.10065400E-03
   8.02074280E-03
   7.91428518E-03
   7.63496663E-03
   7.54028466E-03
   7.55714392E-03
   7.39036314E-03
   7.24112708E-03
   7.24512385E-03
   7.28344219E-03
   7.06675090E-03
   7.03326520E-03
   6.95489487E-03
   6.92280289E-03
   6.91469666E-03
   6.83692796E-03
   6.66246517E-03
   6.61901943E-03
   6.57656742E-03
   6.53379038E-03
   6.49279775E-03
   6.45183586E-03
   6.41050655E-03
   6.36954326E-03
   6.32946612E-03
   6.28976338E-03
   6.25272188E-03
   6.21403474E-03
   6.17705099E-03
   6.14019018E-03
   6.10304531E-03
   6.06636377E-03
   6.03046082E-03
   5.99546172E-03
   5.96009614E-03
   5.92483068E-03
   5.89090120E-03
   5.85671002E-03
   5.82259102E-03
   5.78913698E-03
   5.75637724E-03
   5.72440214E-03
   5.69172716E-03
   5.66003006E-03
   5.62820258E-03
   5.59661491E-03
   5.56597672E-03
   5.53619117E-03
   5.50599815E-03
   5.47605846E-03
   5.44658396E-03
   5.41795837E-03
   5.38910972E-03
   5.36053209E-03
   5.33191068E-03
   5.30355703E-03
   5.27605647E-03
   5.24829281E-03
   5.22129470E-03
   5.19492570E-03
   5.16842958E-03
   5.14200097E-03
   5.11577213E-03
   5.09008253E-03
   5.06449863E-03
   5.03955875E-03
   5.01422584E-03
   4.98956442E-03
   4.96473070E-03
   4.94069513E-03
   4.91634477E-03
   4.89232456E-03
   4.86844825E-03
   4.84530022E-03
   4.82196966E-03
   4.79877461E-03
   4.77589015E-03
   4.75386530E-03
   4.73139668E-03
   4.70906356E-03
   4.68707131E-03
   4.66515450E-03
   4.64495365E-03
   4.62398725E-03
   4.60266648E-03
   4.58194595E-03
   4.56199609E-03
   4.54126345E-03
   4.52068727E-03
   4.50029690E-03
   4.48016264E-03
   4.46013547E-03
   4.44072019E-03
   4.42161132E-03
   4.40230081E-03
   4.47933422E-03
   4.36417246E-03
   4.34516836E-03
   4.32642037E-03
   5.64643834E-03
   4.51944489E-03
   4.27099783E-03
   4.25285520E-03
   4.23489604E-03
   4.21790080E-03
   4.20022663E-03
   4.18325001E-03
   4.16653045E-03
   4.14920645E-03
   4.13202588E-03
   4.11501713E-03
   4.47658077E-03
   4.08182573E-03
   4.06527473E-03
   4.04878194E-03
   4.03303793E-03
   4.01680497E-03
   4.00073128E-03
   3.98475723E-03
   3.96891078E-03
   3.95319005E-03
   3.93759273E-03
   3.92212765E-03
   3.90677480E-03
   3.89159634E-03
   3.87705467E-03
   3.86263221E-03
   3.84877925E-03
   3.83399450E-03
   3.81969963E-03
   3.80513724E-03
   3.79073899E-03
   3.77651164E-03
   3.76251480E-03
   3.74848139E-03
   3.73445684E-03
   3.72063252E-03
   3.70708480E-03
   3.69339343E-03
   3.67979496E-03
   3.66633036E-03
   3.65291326E-03
   3.63987568E-03
   3.62710166E-03
   3.61417304E-03
   3.60123557E-03
   3.58828995E-03
   3.57545423E-03
   3.56288510E-03
   3.55021353E-03
   3.53763183E-03
   3.52514721E-03
   3.51274246E-03
   3.50042479E-03
   3.48819327E-03
   3.47607140E-03
   3.46421264E-03
   3.45224072E-03
   3.44034331E-03
   3.42854392E-03
   3.41681717E-03
   3.40516237E-03
   3.39361094E-03
   3.38234380E-03
   3.37092299E-03
   3.35957902E-03
   3.34863318E-03
   3.33743868E-03
   3.32632661E-03
   3.31537379E-03
   3.30440025E-03
   3.29353777E-03
   3.28270835E-03
   3.27198813E-03
   3.26181203E-03
   3.25149507E-03
   3.24110733E-03
   3.23081668E-03
   3.22061405E-03
   3.21048405E-03
   3.20019317E-03
   3.19003570E-03
   3.17997253E-03
   3.17003997E-03
   3.16008087E-03
   3.15026543E-03
   3.14035686E-03
   3.13064246E-03
   3.12085706E-03
   3.60378926E-03
   3.10172956E-03
   3.09217465E-03
   3.08269984E-03
   3.07326927E-03
   3.06389644E-03
   3.05465912E-03
   3.04538524E-03
   3.03613930E-03
   3.02697043E-03
   3.01788538E-03
   3.00885504E-03
   2.99987872E-03
   2.99094198E-03
   2.98200944E-03
   2.97315116E-03
   2.96438020E-03
   2.95558502E-03
   2.94692442E-03
   2.93824589E-03
   2.92961835E-03
   2.92111002E-03
   2.91258958E-03
   2.90411874E-03
   2.89573078E-03
   2.88739172E-03
   2.87906663E-03
   2.87078950E-03
   2.86256010E-03
   2.85438402E-03
   2.84630153E-03
   2.83820485E-03
   2.83022737E-03
   2.82222847E-03
   2.81432108E-03
   2.80646444E-03
   2.79859919E-03
   2.79081729E-03
   2.78303935E-03
   2.77540227E-03
   2.76771025E-03
   2.76010600E-03
   2.75249826E-03
   2.74497713E-03
   2.73752329E-03
   2.73005851E-03
   2.72261561E-03
   2.71521322E-03
   2.70794565E-03
   2.70062266E-03
   2.69344635E-03
   2.99049565E-03
   2.67903926E-03
   2.67192791E-03
   2.66479817E-03
   2.65770638E-03
   4.43772227E-03
   2.64372234E-03
   2.63674231E-03
   2.62980512E-03
   2.62299064E-03
   2.61618081E-03
   2.60938820E-03
   3.27442051E-03
   2.59595667E-03
   2.58922647E-03
   2.58265180E-03
   2.57594232E-03
   2.56939954E-03
   2.56278808E-03
   2.55627045E-03
   2.54974444E-03
   2.54328712E-03
   2.53691035E-03
   2.53047072E-03
   2.52405205E-03
   2.51773046E-03
   2.51138187E-03
   2.50517647E-03
   2.49890261E-03
   2.49263085E-03
   2.55616964E-03
   2.48035509E-03
   2.47428031E-03
   2.46811379E-03
   2.50435690E-03
   2.45603826E-03
   2.45007663E-03
   2.44414411E-03
   2.43818318E-03
   2.43223435E-03
   2.60895235E-03
   2.42053648E-03
   2.41472968E-03
   2.40895664E-03
   2.40319991E-03
   2.39744270E-03
   2.39170762E-03
   2.38599419E-03
   2.38034129E-03
   2.37465976E-03
   2.36907182E-03
   2.36346759E-03
   2.35791598E-03
   2.35234504E-03
   2.34685093E-03
   2.34137173E-03
   2.33589206E-03
   2.33045872E-03
   2.32506148E-03
   2.31967820E-03
   2.31430354E-03
   2.30899500E-03
   2.30370765E-03
   2.29840656E-03
   2.29309779E-03
   2.28789379E-03
   2.28268653E-03
   2.27753515E-03
   2.27235397E-03
   2.26719095E-03
   2.26210430E-03
   2.25700345E-03
   2.25191494E-03
   2.52565276E-03
   2.24184897E-03
   2.23686011E-03
   2.23189360E-03
   2.22691800E-03
   3.15586524E-03
   2.21705344E-03
   2.21217982E-03
   2.20728642E-03
   2.20240396E-03
   2.19762046E-03
   2.19280133E-03
   2.18799827E-03
   2.18324177E-03
   2.17848062E-03
   2.17373995E-03
   2.16906052E-03
   2.16436107E-03
   2.15964112E-03
   2.15507811E-03
   2.15044385E-03
   2.14580423E-03
   2.14124494E-03
   2.13666470E-03
   2.13209447E-03
   2.12756335E-03
   2.12305970E-03
   2.11855886E-03
   2.11409340E-03
   2.10965890E-03
   2.10521277E-03
   2.10079551E-03
   2.09638663E-03
   2.09200149E-03
   2.08762940E-03
   2.08328571E-03
   2.07895506E-03
   2.07463745E-03
   2.07033777E-03
   2.06607021E-03
   2.06181104E-03
   2.05756421E-03
   2.05335929E-03
   2.04915809E-03
   2.04496342E-03
   2.04078597E-03
   2.03662529E-03
   2.03248183E-03
   2.02837773E-03
   2.02426757E-03
   2.02018861E-03
   2.01613596E-03
   2.01209425E-03
   2.00804975E-03
   2.42134626E-03
   2.00004224E-03
   1.99605525E-03
   1.99207477E-03
   1.98811037E-03
   1.98416156E-03
   1.98023394E-03
   1.97631633E-03
   1.97241455E-03
   2.24019540E-03
   1.96469249E-03
   1.96088222E-03
   1.95704075E-03
   1.95325562E-03
   1.94944430E-03
   1.94564753E-03
   1.94186566E-03
   1.93809858E-03
   1.93434604E-03
   1.93060783E-03
   1.92688417E-03
   1.92317483E-03
   1.93188153E-03
   1.93561730E-03
   2.79900711E-03
   1.90854201E-03
   1.90490298E-03
   1.90129562E-03
   1.89768849E-03
   1.89411722E-03
   1.89053291E-03
   1.98017177E-03
   1.88344473E-03
   1.87990069E-03
   1.87638309E-03
   1.87286560E-03
   1.86939619E-03
   1.86592236E-03
   1.86244398E-03
   2.05578329E-03
   1.85559993E-03
   1.85215543E-03
   1.84872816E-03
   1.84529636E-03
   1.84192881E-03
   1.83854788E-03
   1.83517090E-03
   1.83184480E-03
   1.82851788E-03
   1.82519876E-03
   1.82187045E-03
   1.81855436E-03
   1.81526283E-03
   1.81197398E-03
   1.80869363E-03
   1.80542527E-03
   1.80216867E-03
   1.79892383E-03
   1.79572043E-03
   1.79250725E-03
   1.78929709E-03
   1.78613246E-03
   1.78294082E-03
   1.77978561E-03
   1.81521964E-03
   1.77349232E-03
   1.77036237E-03
   1.88341027E-03
   1.76416407E-03
   1.76105450E-03
   1.75795588E-03
   2.80594872E-03
   2.81383330E-03
   2.20002397E-03
   1.85658527E-03
   1.74264959E-03
   1.89348753E-03
   1.88990566E-03
   2.31065461E-03
   2.30532163E-03
   2.06273748E-03
   1.72460580E-03
   1.72163418E-03
   1.71867269E-03
   1.71572145E-03
   1.71278021E-03
   3.32967122E-03
   3.52156255E-03
   3.53398593E-03
   3.54649709E-03
   2.15125317E-03
   1.69534306E-03
   1.69247133E-03
   1.68960926E-03
   1.68675696E-03
   1.68391806E-03
   1.68108486E-03
   1.67826121E-03
   2.04450637E-03
   1.67267350E-03
   1.66987802E-03
   1.66709186E-03
   1.66431884E-03
   1.66155118E-03
   2.30396981E-03
   2.17492809E-03
   1.65331864E-03
   1.65058754E-03
   1.64786924E-03
   2.54311878E-03
   2.44564470E-03
   2.08767783E-03
   1.63710408E-03
   4.62154718E-03
   3.51106981E-03
   3.49876401E-03
   2.38645147E-03
   1.62381551E-03
   1.62118080E-03
   1.61856238E-03
   1.61594478E-03
   3.71608953E-03
   3.72992456E-03
   3.74386297E-03
   1.60559267E-03
   2.15527718E-03
   2.66893744E-03
   2.66182376E-03
   1.59536896E-03
   2.04574876E-03
   2.04156805E-03
   1.89379719E-03
   1.58533733E-03
   1.58282614E-03
   2.60199397E-03
   1.57786778E-03
   1.57537288E-03
   1.93279854E-03
   1.57047587E-03
   1.71262072E-03
   1.56558771E-03
   1.56313123E-03
   1.56073738E-03
   1.55830698E-03
   1.55588787E-03
   1.55346899E-03
   1.55110110E-03
   1.54867885E-03
   1.54628966E-03
   1.54393306E-03
   1.54154387E-03
   1.53915130E-03
   2.05020537E-03
   1.58334710E-03
   1.61119050E-03
   1.54522341E-03
   1.52747356E-03
   1.52512058E-03
   1.52278936E-03
   1.52049714E-03
   1.51817640E-03
   1.51589455E-03
   1.51359837E-03
   1.51130196E-03
   1.50905503E-03
   1.50676549E-03
   1.50451786E-03
   1.50223845E-03
   1.50001503E-03
   1.49775262E-03
   1.49553909E-03
   1.49330066E-03
   1.49107235E-03
   1.48885429E-03
   1.48664985E-03
   1.69718626E-03
   2.87405984E-03
   2.97757168E-03
   1.47788960E-03
   1.47568982E-03
   1.47352752E-03
   1.47136813E-03
   1.46921852E-03
   1.46704086E-03
   1.66635111E-03
   1.80017960E-03
   1.46064872E-03
   1.45850994E-03
   1.45638420E-03
   1.45426474E-03
   1.45216158E-03
   1.45005423E-03
   1.44795317E-03
   1.44586829E-03
   1.44376908E-03
   1.44171319E-03
   1.43961934E-03
   1.43756846E-03
   1.43547985E-03
   1.43346086E-03
   1.43138063E-03
   1.42936350E-03
   1.42729178E-03
   1.42528955E-03
   1.42327289E-03
   1.42124854E-03
   1.41923002E-03
   1.41721731E-03
   1.41521019E-03
   1.41321530E-03
   1.41121948E-03
   1.40923599E-03
   1.40727102E-03
   1.40527880E-03
   1.40331208E-03
   1.40135072E-03
   1.39941776E-03
   2.09517311E-03
   2.67868722E-03
   1.44596153E-03
   1.39162247E-03
   1.38971000E-03
   1.38778007E-03
   1.38583593E-03
   1.38393941E-03
   1.38202216E-03
   1.38008443E-03
   1.74812356E-03
   2.59880605E-03
   1.37444155E-03
   1.37254747E-03
   1.37065514E-03
   1.36877771E-03
   1.36691192E-03
   1.36504474E-03
   1.36318267E-03
   1.36132562E-03
   1.35947368E-03
   1.58310100E-03
   1.84730894E-03
   1.92341197E-03
   1.35214755E-03
   1.35031424E-03
   1.34849211E-03
   1.34667486E-03
   1.34485937E-03
   1.34307717E-03
   1.34127145E-03
   1.33948622E-03
   1.33767747E-03
   1.33591099E-03
   1.33412750E-03
   1.33233005E-03
   1.33058731E-03
   1.32881186E-03
   1.32705027E-03
   1.32529042E-03
   1.32354151E-03
   1.32179086E-03
   1.76702288E-03
   1.46565272E-03
   1.31656986E-03
   1.31483760E-03
   1.31311000E-03
   1.31138694E-03
   1.30966830E-03
   1.30795420E-03
   1.30624755E-03
   1.30454230E-03
   1.30284159E-03
   1.30114530E-03
   1.29945343E-03
   1.29776599E-03
   1.29608589E-03
   1.29440706E-03
   6.44579437E-03
   3.28544225E-03
   1.56348350E-03
   2.08336371E-03
   3.12462542E-03
   4.49115783E-03
   3.84096825E-03
   2.87442398E-03
   1.27952127E-03
   6.52727159E-03
   5.72098233E-03
   1.27463718E-03
   1.27301353E-03
   1.27139396E-03
   2.18851189E-03
   2.19330681E-03
   2.19812267E-03
   1.26495957E-03
   2.10222532E-03
   2.14666966E-03
   1.33731402E-03
   2.12389068E-03
   1.37530942E-03
   1.38861779E-03
   2.94184056E-03
   2.93319882E-03
   2.01680860E-03
   2.59316014E-03
   3.66075430E-03
   2.51329527E-03
   1.24452787E-03
   1.24298292E-03
   1.24143891E-03
   2.70163827E-03
   1.85056229E-03
   1.23683829E-03
   1.23530941E-03
   1.23378437E-03
   1.23226305E-03
   1.23074558E-03
   1.22923171E-03
   1.22772169E-03
   1.77478429E-03
   1.77793705E-03
   1.22321653E-03
   1.22172409E-03
   3.44570773E-03
   2.92274286E-03
   3.75654688E-03
   2.32636300E-03
   1.93933258E-03
   1.21284788E-03
   1.21138070E-03
   2.28486559E-03
   1.84328808E-03
   1.83989340E-03
   1.20554131E-03
   1.20408880E-03
   1.52274210E-03
   4.06670105E-03
   2.49774451E-03
   1.19832507E-03
   4.53734258E-03
   4.05647978E-03
   3.06927529E-03
   1.19262433E-03
   6.56747958E-03
   6.16806978E-03
   3.40655399E-03
   1.18696142E-03
   1.86507974E-03
   2.79602525E-03
   2.78821844E-03
   1.52292685E-03
   1.17997092E-03
   1.17857940E-03
   1.17719127E-03
   2.11434020E-03
   1.17443560E-03
   1.17306272E-03
   1.17168750E-03
   1.17032637E-03
   1.16896292E-03
   1.16759737E-03
   1.16623484E-03
   1.16487558E-03
   1.16352201E-03
   1.16216915E-03
   1.16083561E-03
   1.15948881E-03
   1.15814526E-03
   1.15681021E-03
   1.15547806E-03
   1.66489661E-03
   1.15283392E-03
   2.00683950E-03
   1.15018594E-03
   1.14886370E-03
   1.14754448E-03
   1.14623911E-03
   1.14493666E-03
   1.14362664E-03
   1.14231941E-03
   1.14101521E-03
   1.61555945E-03
   1.38541672E-03
   2.00038520E-03
   1.13584416E-03
   1.13457069E-03
   1.13327894E-03
   1.13199791E-03
   1.16140605E-03
   1.63486728E-03
   2.00355123E-03
   2.70111766E-03
   2.84613599E-03
   1.12437806E-03
   1.12313812E-03
   1.20948255E-03
   1.12062215E-03
   1.11936452E-03
   1.11811224E-03
   1.11686019E-03
   1.11561618E-03
   1.11438008E-03
   1.11313886E-03
   1.11190300E-03
   1.11067260E-03
   1.10943965E-03
   1.15645188E-03
   1.10699760E-03
   1.52929523E-03
   1.10454310E-03
   1.10332901E-03
   1.10211235E-03
   1.10090349E-03
   1.09969219E-03
   1.27520424E-03
   1.09727751E-03
   1.09607424E-03
   1.09488377E-03
   1.09368563E-03
   1.09248771E-03
   1.09130249E-03
   1.09010458E-03
   1.08891691E-03
   1.08775217E-03
   1.08656450E-03
   1.08538452E-03
   1.08420709E-03
   1.19815045E-03
   1.08186749E-03
   1.08070276E-03
   1.07952801E-03
   1.07837585E-03
   1.07721600E-03
   1.07606128E-03
   1.76138734E-03
   1.59703195E-03
   1.07259944E-03
   1.07145205E-03
   1.07030466E-03
   1.41150039E-03
   2.13604397E-03
   1.61605573E-03
   1.06574956E-03
   1.06462173E-03
   1.06348156E-03
   1.06236106E-03
   1.60841632E-03
   1.83497951E-03
   2.38854787E-03
   2.16706260E-03
   1.05676218E-03
   1.05564855E-03
   1.36438617E-03
   1.05342083E-03
   1.36725733E-03
   1.05121476E-03
   1.07881823E-03
   1.07998273E-03
   1.04790833E-03
   1.04682799E-03
   1.04571797E-03
   1.04462507E-03
   1.62646500E-03
   1.04244356E-03
   1.04136718E-03
   1.04028825E-03
   1.03920663E-03
   1.03812467E-03
   1.03705237E-03
   1.03597506E-03
   1.03490963E-03
   1.03383919E-03
   1.03276363E-03
   1.03170483E-03
   1.03063614E-03
   2.03704974E-03
   1.02851726E-03
   1.02747197E-03
   1.02641690E-03
   1.02537347E-03
   1.02431059E-03
   1.02326681E-03
   1.02223456E-03
   1.02117343E-03
   1.02014316E-03
   1.01909589E-03
   1.01806014E-03
   1.01702416E-03
   1.01600715E-03
   1.01496815E-03
   1.01394334E-03
   1.01291575E-03
   1.32130017E-03
   1.01086928E-03
   1.61647564E-03
   1.00883108E-03
   1.00781384E-03
   1.00679870E-03
   1.00578566E-03
   1.94688619E-03
   2.79798405E-03
   2.67202430E-03
   1.00176036E-03
   1.00075733E-03
   9.99765703E-04
   9.98766744E-04
   1.17391068E-03
   9.96781513E-04
   9.95788374E-04
   1.42834755E-03
   1.94955652E-03
   9.92841902E-04
   9.91847366E-04
   9.90859466E-04
   9.89875873E-04
   9.88910440E-04
   1.28998316E-03
   9.86950472E-04
   9.85993072E-04
   9.85016814E-04
   1.43892877E-03
   9.83092934E-04
   9.82126920E-04
   9.81162884E-04
   9.80184413E-04
   9.79228760E-04
   9.78281721E-04
   9.77325253E-04
   9.76354408E-04
   9.75415402E-04
   9.74462135E-04
   9.73508402E-04
   1.98456529E-03
   9.71613452E-04
   9.70683468E-04
   9.69739456E-04
   9.68799519E-04
   9.67870525E-04
   9.66934196E-04
   9.65988438E-04
   1.36139558E-03
   9.64136154E-04
   9.63207043E-04
   1.13839004E-03
   9.61367623E-04
   1.33135042E-03
   9.59519530E-04
   9.58606077E-04
   1.35902886E-03
   9.56770906E-04
   9.55860422E-04
   9.54949413E-04
   9.54040152E-04
   9.53137060E-04
   9.52220114E-04
   9.51318303E-04
   9.50420392E-04
   9.49517475E-04
   9.65110550E-04
   1.83248962E-03
   1.42477278E-03
   9.45925247E-04
   9.45041946E-04
   1.03488273E-03
   9.43260384E-04
   9.42368933E-04
   9.41481267E-04
   1.59330224E-03
   1.94599887E-03
   9.38843703E-04
   9.37962730E-04
   2.37810006E-03
   1.50713697E-03
   9.35323129E-04
   9.34448675E-04
   9.33578005E-04
   9.32706811E-04
   9.31837247E-04
   2.78911064E-03
   4.91249142E-03
   1.48101943E-03
   1.48073060E-03
   1.09804270E-03
   9.26653855E-04
   1.21798483E-03
   9.24949709E-04
   9.24094522E-04
   1.66598544E-03
   1.93623395E-03
   9.28255613E-04
   1.01051608E-03
   1.04714558E-03
   9.19011829E-04
   9.18165490E-04
   9.17312107E-04
   9.16475314E-04
   9.15644341E-04
   9.14812728E-04
   1.17480417E-03
   9.13141295E-04
   9.12312127E-04
   9.11478128E-04
   9.10647679E-04
   9.09818860E-04
   9.08980786E-04
   9.08167684E-04
   9.07339039E-04
   9.06516158E-04
   9.05694731E-04
   9.04876972E-04
   9.04067012E-04
   9.03250009E-04
   9.02434520E-04
   9.01616237E-04
   9.00803658E-04
   1.04688609E-03
   1.18730741E-03
   1.30011095E-03
   1.64207909E-03
   8.96788086E-04
   8.95982143E-04
   8.95179692E-04
   8.94378754E-04
   8.93583288E-04
   8.92791490E-04
   8.91994743E-04
   8.91199452E-04
   8.90405558E-04
   2.22357595E-03
   2.38109706E-03
   2.91419798E-03
   4.61744564E-03
   1.53538038E-03
   1.30636385E-03
   9.65326908E-04
   8.84111156E-04
   8.83334025E-04
   8.82554101E-04
   8.81775515E-04
   1.46379590E-03
   2.78960029E-03
   1.03510078E-03
   8.78683175E-04
   8.77911458E-04
   8.77141079E-04
   8.76372040E-04
   8.75600206E-04
   8.74835940E-04
   8.74079124E-04
   8.73315439E-04
   8.72559147E-04
   8.71796045E-04
   8.71026132E-04
   8.70267802E-04
   8.69510754E-04
   8.68755043E-04
   8.68012779E-04
   1.50329166E-03
   8.66499729E-04
   8.65759386E-04
   8.65014212E-04
   8.64264322E-04
   8.63525784E-04
   1.50661904E-03
   8.78003542E-04
   9.74097522E-04
   9.75046831E-04
   2.04857462E-03
   8.59070802E-04
   1.00146641E-03
   1.37527124E-03
   8.56867584E-04
   8.56145693E-04
   8.55415012E-04
   8.54675600E-04
   8.53955396E-04
   1.18288596E-03
   8.52502766E-04
   8.51774297E-04
   1.23145839E-03
   8.50329176E-04
   8.49602395E-04
   8.48880853E-04
   8.48160533E-04
   8.47441435E-04
   8.46727577E-04
   8.46010924E-04
   1.72461837E-03
   1.07682357E-03
   9.89819993E-04
   8.43160262E-04
   8.42457579E-04
   8.41738307E-04
   8.41037952E-04
   8.40336841E-04
   8.39628919E-04
   8.38920358E-04
   8.38222739E-04
   8.37526284E-04
   8.36825173E-04
   8.36123247E-04
   8.35434184E-04
   8.34726787E-04
   8.34038132E-04
   8.33336904E-04
   8.32650578E-04
   1.02042139E-03
   8.31269659E-04
   1.00006256E-03
   1.13040593E-03
   8.29197001E-04
   8.28513701E-04
   8.27829470E-04
   8.27140582E-04
   8.54083686E-04
   8.54813552E-04
   8.55544582E-04
   2.64199520E-03
   1.75705866E-03
   1.16725557E-03
   8.22386588E-04
   8.21714406E-04
   8.21033667E-04
   8.20369460E-04
   8.19696754E-04
   8.19025096E-04
   8.18354602E-04
   8.17685213E-04
   1.48145342E-03
   8.16349639E-04
   1.09257887E-03
   1.23987824E-03
   1.23183499E-03
   1.28474459E-03
   8.74541176E-04
   8.34172301E-04
   1.91238988E-03
   3.03883129E-03
   1.85814023E-03
   2.49479059E-03
   9.57876269E-04
   8.83900095E-04
   8.07786710E-04
   8.07134435E-04
   8.06483265E-04
   1.45812205E-03
   8.05189717E-04
   8.04537791E-04
   8.03890813E-04
   8.03250470E-04
   8.02605529E-04
   9.65239073E-04
   9.66171210E-04
   1.18694652E-03
   9.12386109E-04
   7.99403759E-04
   7.98764988E-04
   2.21357075E-03
   7.97503570E-04
   7.96867767E-04
   7.96234934E-04
   7.95599306E-04
   7.94966531E-04
   8.45884439E-04
   7.93707790E-04
   7.93078041E-04
   7.92445615E-04
   7.91817904E-04
   7.91196711E-04
   7.90563528E-04
   7.89938786E-04
   1.10070535E-03
   1.09949440E-03
   1.11015292E-03
   7.87451514E-04
   7.86840916E-04
   7.86216522E-04
   7.85600452E-04
   7.84983509E-04
   7.84367556E-04
   7.83756259E-04
   7.83145893E-04
   7.82532850E-04
   9.52382805E-04
   8.80186155E-04
   9.98682808E-04
   9.97685944E-04
   9.96691058E-04
   2.71572615E-03
   7.78279034E-04
   7.77673500E-04
   7.77070818E-04
   7.76467205E-04
   7.75864581E-04
   7.75262830E-04
   7.74658343E-04
   7.74069398E-04
   7.73464970E-04
   7.72866944E-04
   7.72269792E-04
   7.71679042E-04
   7.71083753E-04
   1.34764623E-03
   7.69890554E-04
   1.42042839E-03
   7.68717262E-04
   2.23650644E-03
   7.67535006E-04
   1.03203463E-03
   7.66356359E-04
   7.65779987E-04
   7.65188481E-04
   7.64603203E-04
   7.64022407E-04
   7.63438875E-04
   7.62856274E-04
   7.62274489E-04
   7.61693693E-04
   1.53312867E-03
   2.12255563E-03
   1.39318930E-03
   7.59380870E-04
   7.58804497E-04
   1.31414423E-03
   7.57665490E-04
   7.57086324E-04
   1.25923695E-03
   7.55949470E-04
   7.55369372E-04
   7.54798995E-04
   9.56085627E-04
   8.08924728E-04
   8.08270590E-04
   1.24258327E-03
   1.24412822E-03
   1.43308030E-03
   7.50842737E-04
   7.50279229E-04
   7.49712926E-04
   7.49151106E-04
   7.48598832E-04
   7.48038641E-04
   7.47475831E-04
   7.46917329E-04
   7.46359641E-04
   1.29420217E-03
   1.13346928E-03
   1.08006853E-03
   2.78990483E-03
   3.66882002E-03
   2.89196661E-03
   7.42487784E-04
   1.45236205E-03
   1.45025423E-03
   1.34601723E-03
   1.34783017E-03
   1.32336793E-03
   2.20723660E-03
   2.21211393E-03
   2.49900972E-03
   7.37557129E-04
   7.37013295E-04
   7.36470334E-04
   1.24197954E-03
   7.35386799E-04
   1.47841591E-03
   8.12269456E-04
   2.63934187E-03
   7.33239518E-04
   7.32702087E-04
   7.32163666E-04
   7.31627806E-04
   7.31094449E-04
   7.30565342E-04
   7.30033498E-04
   7.29500724E-04
   7.28968764E-04
   3.65166157E-03
   2.57902686E-03
   1.23777613E-03
   1.82038627E-03
   1.73900975E-03
   1.44533231E-03
   1.44742278E-03
   1.16694404E-03
   7.24227575E-04
   7.23703241E-04
   9.24809952E-04
   2.75689224E-03
   2.41188752E-03
   2.40607723E-03
   7.21094664E-04
   7.20574870E-04
   2.60895444E-03
   2.58962600E-03
   4.85517364E-03
   4.66720900E-03
   4.68904292E-03
   2.68662069E-03
   9.64182487E-04
   7.16444978E-04
   1.89736194E-03
   2.44725752E-03
   2.73028389E-03
   2.72283982E-03
   2.92430376E-03
   2.91576469E-03
   2.90727569E-03
   2.40675546E-03
   1.67664327E-03
   1.31192408E-03
   1.31020404E-03
   1.30848854E-03
   7.09831482E-04
   7.09327811E-04
   1.30095077E-03
   2.39204476E-03
   2.47585913E-03
   2.58641667E-03
   2.93353340E-03
   2.94215162E-03
   2.55586160E-03
   2.21944903E-03
   1.90735958E-03
   1.91100105E-03
   1.57007552E-03
   1.20113150E-03
   8.57529405E-04
   7.02350400E-04
   7.01857323E-04
   7.01364886E-04
   1.92228018E-03
   1.91858842E-03
   1.91491097E-03
   2.12125434E-03
   2.27386784E-03
   2.26870319E-03
   2.28960603E-03
   2.28436990E-03
   1.91591098E-03
   1.93813711E-03
   1.93438435E-03
   7.93773972E-04
   7.93144107E-04
   6.94542716E-04
   1.01920147E-03
   1.82565139E-03
   1.82898762E-03
   2.56358809E-03
   2.57016858E-03
   3.69077106E-03
   3.28928791E-03
   1.49619055E-03
   1.49395363E-03
   1.49172335E-03
   5.30618615E-03
   9.15886648E-03
   9.24313627E-03
   4.63504763E-03
   1.69161353E-02
   9.66433994E-03
   6.74725743E-03
   9.99804121E-03
   5.87010104E-03
   5.83574409E-03
   3.33422888E-03
   3.34536447E-03
   2.73393514E-03
   8.11488554E-03
   3.70319304E-03
   3.59229883E-03
   2.94541079E-03
   1.33099277E-02
   8.47687852E-03
   5.43149374E-03
   7.46529270E-03
   3.16287996E-03
   4.23838850E-03
   1.40344177E-03
   6.78113953E-04
   6.77654287E-04
   6.77195203E-04
   1.89438066E-03
   1.60556694E-03
   1.36593252E-03
   1.59051991E-03
   2.17080116E-03
   1.18450180E-03
   6.74008566E-04
   6.73554430E-04
   6.73107221E-04
   6.72652677E-04
   6.72197260E-04
   6.71750226E-04
   6.71302318E-04
   6.70851790E-04
   6.70401903E-04
   6.69952657E-04
   2.01368262E-03
   1.15191389E-03
   1.13573298E-03
   7.13441870E-04
   1.01753615E-03
   6.67275861E-04
   6.66833832E-04
   1.97444391E-03
   1.90579845E-03
   1.90234045E-03
   7.15866277E-04
   1.50535360E-03
   7.69530365E-04
   6.63737708E-04
   6.66747394E-04
   6.66302978E-04
   1.13732822E-03
   1.13862241E-03
   1.98669988E-03
   2.08037440E-03
   2.34291819E-03
   1.34902832E-03
   1.35084940E-03
   6.59368874E-04
   6.58934237E-04
   6.58497389E-04
   6.58063916E-04
   1.16469013E-03
   1.25277601E-03
   6.56773045E-04
   6.56341843E-04
   6.55911164E-04
   1.11525704E-03
   1.11333292E-03
   2.01921095E-03
   2.37714499E-03
   1.54876418E-03
   1.55082240E-03
   1.93298608E-03
   1.71262538E-03
   1.28406624E-03
   6.51646871E-04
   6.51222363E-04
   1.52615458E-03
   6.50374335E-04
   6.49951457E-04
   6.49529160E-04
   6.49107387E-04
   6.48686197E-04
   1.69225608E-03
   1.93954539E-03
   6.47426583E-04
   6.47007546E-04
   1.87016616E-03
   1.87504769E-03
   6.45759108E-04
   6.45342225E-04
   8.46692186E-04
   6.44514570E-04
   7.35699432E-04
   1.05745427E-03
   6.43273350E-04
   1.08491653E-03
   1.08374015E-03
   2.75822519E-03
   1.21095439E-03
   6.41211867E-04
   6.40800805E-04
   6.40390383E-04
   6.39986363E-04
   6.39576872E-04
   7.19087315E-04
   6.38755097E-04
   6.38353173E-04
   6.37945835E-04
   1.03277981E-03
   6.37132674E-04
   6.36726792E-04
   1.03243324E-03
   7.43306882E-04
   6.35512930E-04
   6.35110657E-04
   6.34707394E-04
   6.34304713E-04
   6.33902499E-04
   6.33500807E-04
   6.33099582E-04
   6.32698881E-04
   9.86007624E-04
   9.85036022E-04
   9.84066166E-04
   3.52727715E-03
   6.30706258E-04
   7.76096364E-04
   7.75494322E-04
   7.74893095E-04
   1.30881509E-03
   1.31052919E-03
   2.06755265E-03
   7.74767424E-04
   6.27544418E-04
   6.27152214E-04
   6.26759022E-04
   6.26367750E-04
   6.25975605E-04
   6.25583867E-04
   6.25192653E-04
   7.48965074E-04
   7.48404302E-04
   7.11806642E-04
   1.45935966E-03
   1.12358527E-03
   7.54896086E-04
   1.98628684E-03
   2.76272022E-03
   2.30335002E-03
   9.12506657E-04
   9.13339609E-04
   1.46057678E-03
   1.45844510E-03
   2.39031413E-03
   1.09128188E-03
   1.09746552E-03
   1.16990798E-03
   1.14224001E-03
   2.49585486E-03
   1.62707991E-03
   7.10368331E-04
   6.49707392E-04
   1.61755795E-03
   2.00903439E-03
   6.71267975E-04
   6.71376125E-04
   7.21866789E-04
   1.01746304E-03
   7.66020094E-04
   6.13714219E-04
   6.13336335E-04
   1.85872125E-03
   9.23056214E-04
   6.51139650E-04
   6.50715840E-04
   6.48239511E-04
   6.11089577E-04
   6.10717689E-04
   6.10344810E-04
   6.09975192E-04
   9.44557658E-04
   7.97248853E-04
   7.97884655E-04
   7.34076719E-04
   7.33538065E-04
   6.07751659E-04
   6.07385184E-04
   6.07015041E-04
   6.06649439E-04
   2.06094608E-03
   2.56404188E-03
   2.57062446E-03
   3.48330988E-03
   6.04821311E-04
   6.04455650E-04
   9.86788305E-04
   9.85815073E-04
   1.64278911E-03
   1.14409975E-03
   6.02632295E-04
   6.02270651E-04
   6.01908017E-04
   1.51413027E-03
   6.01186126E-04
   6.00824773E-04
   1.69046386E-03
   7.05532846E-04
   7.06030813E-04
   5.99385297E-04
   5.99026214E-04
   2.44361488E-03
   1.74715056E-03
   1.42864976E-03
   8.08114011E-04
   5.97243721E-04
   5.96887141E-04
   5.96537895E-04
   1.01544522E-03
   5.95824036E-04
   1.86653342E-03
   8.35815794E-04
   5.94760582E-04
   5.94408368E-04
   1.18484790E-03
   5.93705976E-04
   5.93353587E-04
   5.93000208E-04
   5.92648692E-04
   5.92297525E-04
   5.91949560E-04
   5.91600663E-04
   5.91250777E-04
   5.90904092E-04
   5.90555021E-04
   5.90206357E-04
   1.03659835E-03
   8.55379389E-04
   1.39818992E-03
   5.88823983E-04
   5.88477356E-04
   5.88131195E-04
   5.87786722E-04
   5.87441318E-04
   5.87096380E-04
   6.51486393E-04
   7.81781098E-04
   7.50606006E-04
   7.51169689E-04
   8.38777516E-04
   8.38074309E-04
   8.15410807E-04
   8.16075946E-04
   8.12494312E-04
   8.05321673E-04
   8.04673356E-04
   2.18586414E-03
   1.13732554E-03
   1.13603275E-03
   9.89801483E-04
   9.90781584E-04
   9.91763663E-04
   5.80960594E-04
   1.59658957E-03
   5.80287597E-04
   1.62094168E-03
   1.47051248E-03
   1.18926691E-03
   1.18785340E-03
   1.18644326E-03
   5.78274950E-04
   5.77940664E-04
   5.77606785E-04
   5.77273255E-04
   5.76940132E-04
   5.76607359E-04
   5.76274935E-04
   5.84415684E-04
   5.84757363E-04
   7.66018231E-04
   7.66605197E-04
   7.67193094E-04
   3.68689653E-03
   2.02818844E-03
   7.23557489E-04
   6.47631590E-04
   6.47212320E-04
   6.46793575E-04
   6.46375353E-04
   1.09716784E-03
   5.10355784E-03
   4.45133355E-03
   2.86865002E-03
   2.49499269E-03
   5.03476476E-03
   6.44019572E-03
   5.17695164E-03
   3.37561173E-03
   2.44132965E-03
   3.53250443E-03
   2.78583448E-03
   9.86339641E-04
   9.22653882E-04
   1.66938186E-03
   1.66659744E-03
   5.66819566E-04
   2.98799388E-03
   2.99693551E-03
   2.34654779E-03
   4.64876881E-03
   4.62720776E-03
   4.18139948E-03
   2.64149229E-03
   1.88022049E-03
   1.65904721E-03
   8.53476697E-04
   8.53776408E-04
   1.17821374E-03
   5.62690489E-04
   5.62373956E-04
   5.62057772E-04
   8.97951948E-04
   5.61431691E-04
   5.61116554E-04
   7.88944541E-04
   7.13934307E-04
   2.46330374E-03
   1.49534445E-03
   1.49310997E-03
   1.49088225E-03
   4.24852176E-03
   8.65526847E-04
   8.64606525E-04
   5.57991269E-04
   1.23101380E-03
   1.36244053E-03
   1.36058556E-03
   1.46172533E-03
   1.29167514E-03
   1.43852178E-03
   1.43611198E-03
   1.43405097E-03
   2.83093145E-03
   1.31703552E-03
   2.07060133E-03
   5.54287632E-04
   5.66561182E-04
   5.66882256E-04
   5.67203737E-04
   9.04680113E-04
   5.52757876E-04
   5.52451122E-04
   5.52148558E-04
   5.51843783E-04
   5.51539357E-04
   1.11567660E-03
   5.50936558E-04
   5.50633122E-04
   5.50331257E-04
   5.50028461E-04
   5.49726072E-04
   5.49423974E-04
   1.10485975E-03
   1.78762607E-03
   7.93532527E-04
   5.48220065E-04
   5.47919597E-04
   1.18658086E-03
   1.52039400E-03
   1.51808420E-03
   2.22683069E-03
   5.46427327E-04
   1.40672200E-03
   1.21039874E-03
   1.21186476E-03
   1.74397568E-03
   1.91286998E-03
   2.76368670E-03
   6.54346426E-04
   6.54774718E-04
   5.82037203E-04
   1.47129479E-03
   1.05906173E-03
   5.42875554E-04
   5.42579684E-04
   5.42287889E-04
   5.41993824E-04
   1.85420457E-03
   5.41405578E-04
   5.41113783E-04
   9.52875882E-04
   5.40529902E-04
   5.40237816E-04
   5.39946021E-04
   5.39654575E-04
   5.39362198E-04
   5.39071334E-04
   5.38780820E-04
   5.38491819E-04
   5.38201944E-04
   5.37909858E-04
   5.37624350E-04
   5.37335407E-04
   5.37046697E-04
   1.70133833E-03
   9.17703845E-04
   9.16862045E-04
   5.35901403E-04
   5.35614323E-04
   5.35327476E-04
   9.07991198E-04
   1.52531196E-03
   8.67226860E-04
   8.67979252E-04
   8.68732925E-04
   6.08864706E-04
   6.08494040E-04
   6.08123897E-04
   6.87071821E-04
   5.32478618E-04
   5.32195205E-04
   9.34274576E-04
   9.33402102E-04
   5.31352300E-04
   5.31071273E-04
   6.60335238E-04
   6.59899320E-04
   1.91912439E-03
   1.00506190E-03
   5.29668643E-04
   5.29388140E-04
   5.29107987E-04
   5.28830569E-04
   5.28553443E-04
   5.28274104E-04
   1.41255604E-03
   1.41455291E-03
   1.88996620E-03
   1.04154786E-03
   1.04046369E-03
   2.89394101E-03
   2.61993660E-03
   5.26052783E-04
   5.25776122E-04
   5.25499752E-04
   1.50704570E-03
   5.24950330E-04
   5.24675997E-04
   5.24400792E-04
   7.97051121E-04
   7.96416134E-04
   8.33326485E-04
   8.34021193E-04
   7.75281340E-04
   7.48460181E-04
   5.22484770E-04
   5.22214221E-04
   5.21941576E-04
   5.21669223E-04
   1.13566557E-03
   1.26719347E-03
   1.98443397E-03
   1.79089233E-03
   6.75766903E-04
   6.76223717E-04
   1.01193762E-03
   1.01091410E-03
   1.31068146E-03
   5.18967281E-04
   5.18696790E-04
   5.18427871E-04
   5.18162735E-04
   5.17891895E-04
   5.17623732E-04
   5.36904205E-04
   5.37192507E-04
   5.16822212E-04
   5.16555156E-04
   2.46828771E-03
   5.16025466E-04
   5.15759282E-04
   5.15493331E-04
   5.15227672E-04
   5.14962303E-04
   5.14697167E-04
   8.55848484E-04
   1.24578131E-03
   5.13905892E-04
   5.13641804E-04
   5.13378065E-04
   5.13114559E-04
   5.12851344E-04
   5.12588420E-04
   5.12325729E-04
   5.12063329E-04
   5.11801161E-04
   3.36637301E-03
   6.96206524E-04
   6.96691393E-04
   6.97176845E-04
   2.10922211E-03
   1.54364156E-03
   1.80832262E-03
   9.86917643E-04
   9.37128963E-04
   1.57508755E-03
   8.05147516E-04
   5.08685596E-04
   6.47588924E-04
   6.47169712E-04
   6.46750967E-04
   2.21184269E-03
   1.32920500E-03
   5.07140881E-04
   5.06883778E-04
   7.32252258E-04
   1.39937934E-03
   1.34306191E-03
   1.17121392E-03
   1.17258646E-03
   3.01406602E-03
   3.02316435E-03
   1.54189591E-03
   4.27917857E-03
   4.26090648E-03
   4.74058650E-03
   4.76311287E-03
   5.54908998E-04
   5.54601138E-04
   5.54293627E-04
   5.75096998E-03
   2.96292757E-03
   1.91007787E-03
   1.47318619E-03
   1.26606203E-03
   1.26446015E-03
   1.26286235E-03
   2.50018528E-03
   2.62694131E-03
   2.22246000E-03
   2.22740485E-03
   1.55866856E-03
   1.24943478E-03
   1.25099684E-03
   1.25256297E-03
   7.06964987E-04
   1.26923365E-03
   2.01912620E-03
   2.01505329E-03
   2.01099692E-03
   2.31835432E-03
   2.03263457E-03
   2.02850718E-03
   2.02439656E-03
   1.71497802E-03
   5.13023639E-04
   8.24581366E-04
   1.08341791E-03
   1.08224468E-03
   1.08107412E-03
   6.46904437E-03
   5.85795194E-03
   5.89236803E-03
   7.86173274E-04
   6.80638617E-03
   9.35599487E-03
   5.15352422E-03
   1.01210317E-03
   1.01107941E-03
   5.53239090E-03
   4.80200583E-03
   1.84944656E-03
   1.85287022E-03
   4.92182677E-04
