   1.00000000    
   1.00000119    
  0.999999881    
   1.00000107    
  0.999999166    
   1.00000131    
   1.00000131    
   1.00000012    
   1.00000048    
   1.00000215    
   1.00000191    
   1.00000143    
   1.00000203    
   1.00000298    
   1.00000286    
   1.00000262    
   1.00000322    
   1.00000274    
   1.00000334    
   1.00000322    
   1.00000346    
   1.00000393    
   1.00000346    
   1.00000381    
   1.00000370    
   1.00000381    
   1.00000358    
   1.00000429    
   1.00000393    
   1.00000453    
   1.00000381    
   1.00000536    
   1.00000489    
   1.00000560    
   1.00000608    
   1.00000620    
   1.00000620    
   1.00000596    
   1.00000727    
   1.00000596    
   1.00000644    
   1.00000620    
   1.00000656    
   1.00000632    
   1.00000691    
   1.00000775    
   1.00000739    
   1.00000823    
   1.00000811    
   1.00000870    
   1.00000846    
   1.00000882    
   1.00000870    
   1.00000906    
   1.00000918    
   1.00000858    
   1.00000918    
   1.00000882    
   1.00000942    
   1.00000894    
   1.00000966    
   1.00000978    
   1.00000966    
   1.00001013    
   1.00000989    
   1.00001013    
   1.00001013    
   1.00001073    
   1.00001073    
   1.00001049    
   1.00001061    
   1.00001085    
   1.00001097    
   1.00001097    
   1.00001109    
   1.00001132    
   1.00001097    
   1.00001180    
   1.00001121    
   1.00001144    
   1.00001180    
   1.00001168    
   1.00001180    
   1.00001192    
   1.00001204    
   1.00001192    
   1.00001252    
   1.00001228    
   1.00001276    
   1.00001192    
   1.00001264    
   1.00001276    
   1.00001204    
   1.00001264    
   1.00001240    
   1.00001264    
   1.00001276    
   1.00001299    
   1.00001276    
   1.00001287    
   1.00001311    
   1.00001323    
   1.00001276    
   1.00001335    
   1.00001347    
   1.00001359    
   1.00001335    
   1.00001359    
   1.00001323    
   1.00001347    
   1.00001359    
   1.00001383    
   1.00001407    
   1.00001371    
   1.00001395    
   1.00001407    
   1.00001431    
   1.00001442    
   1.00001383    
   1.00001407    
   1.00001419    
   1.00001442    
   1.00001454    
   1.00001431    
   1.00001419    
   1.00001431    
   1.00001478    
   1.00001502    
   1.00001502    
   1.00001478    
   1.00001550    
   1.00001502    
   1.00001502    
   1.00001538    
   1.00001550    
   1.00001502    
   1.00001526    
   1.00001502    
   1.00001574    
   1.00001574    
   1.00001597    
   1.00001633    
   1.00001621    
   1.00001669    
   1.00001514    
   1.00001621    
   1.00001657    
   1.00001609    
   1.00001645    
   1.00001550    
   1.00001681    
   1.00001669    
   1.00001585    
   1.00001729    
   1.00001717    
   1.00001705    
   1.00001645    
   1.00001693    
   1.00001657    
   1.00001621    
   1.00001502    
   1.00001490    
   1.00001478    
   1.00001597    
   1.00001693    
   1.00001383    
   1.00001347    
   1.00001407    
   1.00001431    
   1.00001311    
   1.00001144    
   1.00001395    
   1.00001347    
   1.00001001    
   1.00001216    
   1.00001097    
   1.00001240    
   1.00001144    
   1.00001132    
   1.00001085    
   1.00000930    
   1.00001025    
   1.00000703    
   1.00000620    
   1.00000787    
   1.00000501    
   1.00000525    
   1.00000596    
   1.00000620    
   1.00000584    
   1.00000572    
   1.00000453    
   1.00000465    
   1.00000370    
   1.00000250    
   1.00000262    
   1.00000215    
   1.00000191    
   1.00000143    
   1.00000131    
   1.00000000    
