   0.00000000    
   1.29999993E-02
   2.59999987E-02
   3.89999971E-02
   5.19999973E-02
   6.49999976E-02
   7.79999942E-02
   9.09999907E-02
  0.103999995    
  0.116999999    
  0.129999995    
  0.142999992    
  0.155999988    
  0.169000000    
  0.181999981    
  0.194999993    
  0.207999989    
  0.220999986    
  0.233999997    
  0.246999994    
  0.259999990    
  0.273000002    
  0.285999984    
  0.298999995    
  0.311999977    
  0.324999988    
  0.338000000    
  0.350999981    
  0.363999963    
  0.376999974    
  0.389999986    
  0.402999997    
  0.415999979    
  0.428999990    
  0.441999972    
  0.455000013    
  0.467999995    
  0.480999976    
  0.493999988    
  0.506999969    
  0.519999981    
  0.532999992    
  0.546000004    
  0.558999956    
  0.571999967    
  0.584999979    
  0.597999990    
  0.611000001    
  0.623999953    
  0.636999965    
  0.649999976    
  0.662999928    
  0.675999999    
  0.688999951    
  0.701999962    
  0.714999974    
  0.727999926    
  0.740999997    
  0.753999949    
  0.766999960    
  0.779999971    
  0.792999983    
  0.805999994    
  0.818999946    
  0.831999958    
  0.845000029    
  0.857999980    
  0.870999992    
  0.883999944    
  0.896999955    
  0.910000026    
  0.922999978    
  0.935999990    
  0.948999941    
  0.961999953    
  0.975000024    
  0.987999976    
   1.00099993    
   1.01399994    
   1.02699995    
   1.03999996    
   1.05299997    
   1.06599998    
   1.07900000    
   1.09200001    
   1.10499990    
   1.11799991    
   1.13100004    
   1.14399993    
   1.15699995    
   1.16999996    
   1.18299997    
   1.19599998    
   1.20899999    
   1.22200000    
   1.23499990    
   1.24799991    
   1.26100004    
   1.27399993    
   1.28699994    
   1.29999995    
   1.31299984    
   1.32599986    
   1.33899999    
   1.35200000    
   1.36500001    
   1.37799990    
   1.39099991    
   1.40399992    
   1.41699994    
   1.42999995    
   1.44299984    
   1.45599985    
   1.46899998    
   1.48199999    
   1.49500000    
   1.50799990    
   1.52099991    
   1.53399992    
   1.54699993    
   1.55999994    
   1.57299984    
   1.58599997    
   1.59899998    
   1.61199999    
   1.62500000    
   1.63799989    
   1.65099990    
   1.66399992    
   1.67699993    
   1.69000006    
   1.70299983    
   1.71599996    
   1.72899997    
   1.74199998    
   1.75500000    
   1.76799989    
   1.78099990    
   1.79399991    
   1.80699992    
   1.82000005    
   1.83299983    
   1.84599996    
   1.85899997    
   1.87199998    
   1.88499999    
   1.89799988    
   1.91099989    
   1.92399991    
   1.93699992    
   1.95000005    
   1.96299982    
   1.97599995    
   1.98899996    
   2.00199986    
   2.01500010    
   2.02799988    
   2.04099989    
   2.05399990    
   2.06699991    
   2.07999992    
   2.09299994    
   2.10599995    
   2.11899996    
   2.13199997    
   2.14499974    
   2.15799999    
   2.17100000    
   2.18400002    
   2.19700003    
   2.20999980    
   2.22299981    
   2.23599982    
   2.24899983    
   2.26200008    
   2.27499986    
   2.28799987    
   2.30099988    
   2.31399989    
   2.32699990    
   2.33999991    
   2.35299993    
   2.36599994    
   2.37899995    
   2.39199996    
   2.40499973    
   2.41799998    
   2.43099999    
   2.44400001    
   2.45700002    
   2.46999979    
   2.48299980    
   2.49599981    
   2.50899982    
   2.52200007    
   2.53499985    
   2.54799986    
   2.56099987    
   2.57399988    
   2.58699989    
   2.59999990    
