   0.00000000       0.00000000       0.00000000    
   0.00000000       0.00000000       1.30001316E-02
   0.00000000       0.00000000       2.60002762E-02
   0.00000000       0.00000000       3.90004553E-02
   0.00000000       0.00000000       5.20005822E-02
   0.00000000       0.00000000       6.50007278E-02
   0.00000000       0.00000000       7.80007914E-02
   0.00000000       0.00000000       9.10008401E-02
   0.00000000       0.00000000      0.104000911    
   0.00000000       0.00000000      0.117001079    
   0.00000000       0.00000000      0.130001083    
   0.00000000       0.00000000      0.143001154    
   0.00000000       0.00000000      0.156001180    
   0.00000000       0.00000000      0.169001341    
   0.00000000       0.00000000      0.182001382    
   0.00000000       0.00000000      0.195001408    
   0.00000000       0.00000000      0.208001539    
   0.00000000       0.00000000      0.221001446    
   0.00000000       0.00000000      0.234001502    
   0.00000000       0.00000000      0.247001514    
   0.00000000       0.00000000      0.260001779    
   0.00000000       0.00000000      0.273001522    
   0.00000000       0.00000000      0.286001831    
   0.00000000       0.00000000      0.299001753    
   0.00000000       0.00000000      0.312001854    
   0.00000000       0.00000000      0.325001746    
   0.00000000       0.00000000      0.338001609    
   0.00000000       0.00000000      0.351001740    
   0.00000000       0.00000000      0.364001840    
   0.00000000       0.00000000      0.377002001    
   0.00000000       0.00000000      0.390001744    
   0.00000000       0.00000000      0.403001904    
   0.00000000       0.00000000      0.416001946    
   0.00000000       0.00000000      0.429001987    
   0.00000000       0.00000000      0.442002058    
   0.00000000       0.00000000      0.455001801    
   0.00000000       0.00000000      0.468001783    
   0.00000000       0.00000000      0.481001765    
   0.00000000       0.00000000      0.494001627    
   0.00000000       0.00000000      0.507001460    
   0.00000000       0.00000000      0.520001352    
   0.00000000       0.00000000      0.533001244    
   0.00000000       0.00000000      0.546001256    
   0.00000000       0.00000000      0.559000969    
   0.00000000       0.00000000      0.572000444    
   0.00000000       0.00000000      0.585000157    
   0.00000000       0.00000000      0.597999752    
   0.00000000       0.00000000      0.610999405    
   0.00000000       0.00000000      0.623998642    
   0.00000000       0.00000000      0.636997521    
   0.00000000       0.00000000      0.649996161    
   0.00000000       0.00000000      0.662994266    
   0.00000000       0.00000000      0.675990880    
   0.00000000       0.00000000      0.688983798    
   0.00000000       0.00000000      0.701964080    
   0.00000000       0.00000000      0.714874089    
   0.00000000       0.00000000      0.727595329    
   0.00000000       0.00000000      0.740057468    
   0.00000000       0.00000000      0.752233207    
   0.00000000       0.00000000      0.764111519    
   0.00000000       0.00000000      0.775687993    
   0.00000000       0.00000000      0.786960959    
   0.00000000       0.00000000      0.797929704    
   0.00000000       0.00000000      0.808594644    
   0.00000000       0.00000000      0.818956912    
   0.00000000       0.00000000      0.829017282    
   0.00000000       0.00000000      0.838777184    
   0.00000000       0.00000000      0.848237693    
   0.00000000       0.00000000      0.857400060    
   0.00000000       0.00000000      0.866265535    
   0.00000000       0.00000000      0.874835670    
   0.00000000       0.00000000      0.883111775    
   0.00000000       0.00000000      0.891094804    
   0.00000000       0.00000000      0.898786247    
   0.00000000       0.00000000      0.906187356    
   0.00000000       0.00000000      0.913299084    
   0.00000000       0.00000000      0.920122802    
   0.00000000       0.00000000      0.926659644    
   0.00000000       0.00000000      0.932910204    
   0.00000000       0.00000000      0.938875973    
   0.00000000       0.00000000      0.944557667    
   0.00000000       0.00000000      0.949956298    
   0.00000000       0.00000000      0.955072701    
   0.00000000       0.00000000      0.959907889    
   0.00000000       0.00000000      0.964462340    
   0.00000000       0.00000000      0.968737245    
   0.00000000       0.00000000      0.972732902    
   0.00000000       0.00000000      0.976450086    
   0.00000000       0.00000000      0.979889631    
   0.00000000       0.00000000      0.983051658    
   0.00000000       0.00000000      0.985937297    
   0.00000000       0.00000000      0.988546610    
   0.00000000       0.00000000      0.990880072    
   0.00000000       0.00000000      0.992937922    
   0.00000000       0.00000000      0.994720638    
   0.00000000       0.00000000      0.996228755    
   0.00000000       0.00000000      0.997462451    
   0.00000000       0.00000000      0.998421490    
   0.00000000       0.00000000      0.999106526    
   0.00000000       0.00000000      0.999517560    
   0.00000000       0.00000000      0.999654651    
   0.00000000       0.00000000      0.999517441    
   0.00000000       0.00000000      0.999106586    
   0.00000000       0.00000000      0.998421609    
   0.00000000       0.00000000      0.997462273    
   0.00000000       0.00000000      0.996228516    
   0.00000000       0.00000000      0.994720638    
   0.00000000       0.00000000      0.992937684    
   0.00000000       0.00000000      0.990879714    
   0.00000000       0.00000000      0.988546193    
   0.00000000       0.00000000      0.985937178    
   0.00000000       0.00000000      0.983051717    
   0.00000000       0.00000000      0.979889572    
   0.00000000       0.00000000      0.976450086    
   0.00000000       0.00000000      0.972732902    
   0.00000000       0.00000000      0.968737066    
   0.00000000       0.00000000      0.964462578    
   0.00000000       0.00000000      0.959907830    
   0.00000000       0.00000000      0.955072641    
   0.00000000       0.00000000      0.949956179    
   0.00000000       0.00000000      0.944557428    
   0.00000000       0.00000000      0.938875973    
   0.00000000       0.00000000      0.932910323    
   0.00000000       0.00000000      0.926659584    
   0.00000000       0.00000000      0.920122862    
   0.00000000       0.00000000      0.913299382    
   0.00000000       0.00000000      0.906187475    
   0.00000000       0.00000000      0.898786664    
   0.00000000       0.00000000      0.891095042    
   0.00000000       0.00000000      0.883111954    
   0.00000000       0.00000000      0.874835908    
   0.00000000       0.00000000      0.866265595    
   0.00000000       0.00000000      0.857400119    
   0.00000000       0.00000000      0.848237813    
   0.00000000       0.00000000      0.838777244    
   0.00000000       0.00000000      0.829017341    
   0.00000000       0.00000000      0.818956673    
   0.00000000       0.00000000      0.808594584    
   0.00000000       0.00000000      0.797929466    
   0.00000000       0.00000000      0.786960840    
   0.00000000       0.00000000      0.775688112    
   0.00000000       0.00000000      0.764111638    
   0.00000000       0.00000000      0.752233326    
   0.00000000       0.00000000      0.740057468    
   0.00000000       0.00000000      0.727595150    
   0.00000000       0.00000000      0.714873910    
   0.00000000       0.00000000      0.701963961    
   0.00000000       0.00000000      0.688983500    
   0.00000000       0.00000000      0.675990462    
   0.00000000       0.00000000      0.662993908    
   0.00000000       0.00000000      0.649995923    
   0.00000000       0.00000000      0.636997283    
   0.00000000       0.00000000      0.623998225    
   0.00000000       0.00000000      0.610998988    
   0.00000000       0.00000000      0.597999334    
   0.00000000       0.00000000      0.584999800    
   0.00000000       0.00000000      0.572000206    
   0.00000000       0.00000000      0.559000671    
   0.00000000       0.00000000      0.546000898    
   0.00000000       0.00000000      0.533000946    
   0.00000000       0.00000000      0.520001173    
   0.00000000       0.00000000      0.507001400    
   0.00000000       0.00000000      0.494001120    
   0.00000000       0.00000000      0.481001288    
   0.00000000       0.00000000      0.468001336    
   0.00000000       0.00000000      0.455001384    
   0.00000000       0.00000000      0.442001224    
   0.00000000       0.00000000      0.429001361    
   0.00000000       0.00000000      0.416001350    
   0.00000000       0.00000000      0.403001487    
   0.00000000       0.00000000      0.390001357    
   0.00000000       0.00000000      0.377001286    
   0.00000000       0.00000000      0.364001095    
   0.00000000       0.00000000      0.351000965    
   0.00000000       0.00000000      0.338001072    
   0.00000000       0.00000000      0.325000882    
   0.00000000       0.00000000      0.312001020    
   0.00000000       0.00000000      0.299001038    
   0.00000000       0.00000000      0.286000729    
   0.00000000       0.00000000      0.273000926    
   0.00000000       0.00000000      0.260000765    
   0.00000000       0.00000000      0.247000828    
   0.00000000       0.00000000      0.234000713    
   0.00000000       0.00000000      0.221000716    
   0.00000000       0.00000000      0.208000585    
   0.00000000       0.00000000      0.195000693    
   0.00000000       0.00000000      0.182000697    
   0.00000000       0.00000000      0.169000670    
   0.00000000       0.00000000      0.156000689    
   0.00000000       0.00000000      0.143000633    
   0.00000000       0.00000000      0.130000636    
   0.00000000       0.00000000      0.117000535    
   0.00000000       0.00000000      0.104000516    
   0.00000000       0.00000000       9.10004452E-02
   0.00000000       0.00000000       7.80004039E-02
   0.00000000       0.00000000       6.50003552E-02
   0.00000000       0.00000000       5.20002991E-02
   0.00000000       0.00000000       3.90002318E-02
   0.00000000       0.00000000       2.60001514E-02
   0.00000000       0.00000000       1.30000794E-02
   0.00000000       0.00000000       0.00000000    
