   0.00000000       0.00000000       1.00001013    
   0.00000000       0.00000000       1.00001121    
   0.00000000       0.00000000       1.00001383    
   0.00000000       0.00000000       1.00000978    
   0.00000000       0.00000000       1.00001121    
   0.00000000       0.00000000       1.00000501    
   0.00000000       0.00000000       1.00000381    
   0.00000000       0.00000000       1.00000548    
   0.00000000       0.00000000       1.00001287    
   0.00000000       0.00000000       1.00000036    
   0.00000000       0.00000000       1.00000548    
   0.00000000       0.00000000       1.00000203    
   0.00000000       0.00000000       1.00001240    
   0.00000000       0.00000000       1.00000322    
   0.00000000       0.00000000       1.00000203    
   0.00000000       0.00000000       1.00001013    
   0.00000000       0.00000000      0.999992847    
   0.00000000       0.00000000       1.00000441    
   0.00000000       0.00000000       1.00000095    
   0.00000000       0.00000000       1.00002038    
   0.00000000       0.00000000      0.999980271    
   0.00000000       0.00000000       1.00002384    
   0.00000000       0.00000000      0.999994040    
   0.00000000       0.00000000       1.00000775    
   0.00000000       0.00000000      0.999991775    
   0.00000000       0.00000000      0.999989450    
   0.00000000       0.00000000       1.00001013    
   0.00000000       0.00000000       1.00000775    
   0.00000000       0.00000000       1.00001240    
   0.00000000       0.00000000      0.999980271    
   0.00000000       0.00000000       1.00001240    
   0.00000000       0.00000000       1.00000322    
   0.00000000       0.00000000       1.00000322    
   0.00000000       0.00000000       1.00000548    
   0.00000000       0.00000000      0.999980271    
   0.00000000       0.00000000      0.999998629    
   0.00000000       0.00000000      0.999998629    
   0.00000000       0.00000000      0.999989450    
   0.00000000       0.00000000      0.999987185    
   0.00000000       0.00000000      0.999991775    
   0.00000000       0.00000000      0.999991775    
   0.00000000       0.00000000       1.00000095    
   0.00000000       0.00000000      0.999978006    
   0.00000000       0.00000000      0.999959648    
   0.00000000       0.00000000      0.999978006    
   0.00000000       0.00000000      0.999968827    
   0.00000000       0.00000000      0.999973416    
   0.00000000       0.00000000      0.999941289    
   0.00000000       0.00000000      0.999913812    
   0.00000000       0.00000000      0.999895453    
   0.00000000       0.00000000      0.999854207    
   0.00000000       0.00000000      0.999739587    
   0.00000000       0.00000000      0.999455333    
   0.00000000       0.00000000      0.998483300    
   0.00000000       0.00000000      0.993077636    
   0.00000000       0.00000000      0.978556991    
   0.00000000       0.00000000      0.958626151    
   0.00000000       0.00000000      0.936595321    
   0.00000000       0.00000000      0.913716316    
   0.00000000       0.00000000      0.890497983    
   0.00000000       0.00000000      0.867151320    
   0.00000000       0.00000000      0.843749642    
   0.00000000       0.00000000      0.820380032    
   0.00000000       0.00000000      0.797097504    
   0.00000000       0.00000000      0.773874640    
   0.00000000       0.00000000      0.750761807    
   0.00000000       0.00000000      0.727731466    
   0.00000000       0.00000000      0.704797447    
   0.00000000       0.00000000      0.681959689    
   0.00000000       0.00000000      0.659241140    
   0.00000000       0.00000000      0.636623502    
   0.00000000       0.00000000      0.614079177    
   0.00000000       0.00000000      0.591649473    
   0.00000000       0.00000000      0.569316089    
   0.00000000       0.00000000      0.547056019    
   0.00000000       0.00000000      0.524901450    
   0.00000000       0.00000000      0.502833962    
   0.00000000       0.00000000      0.480812341    
   0.00000000       0.00000000      0.458905339    
   0.00000000       0.00000000      0.437053353    
   0.00000000       0.00000000      0.415279329    
   0.00000000       0.00000000      0.393569469    
   0.00000000       0.00000000      0.371937573    
   0.00000000       0.00000000      0.350342363    
   0.00000000       0.00000000      0.328838825    
   0.00000000       0.00000000      0.307358235    
   0.00000000       0.00000000      0.285937250    
   0.00000000       0.00000000      0.264580429    
   0.00000000       0.00000000      0.243232816    
   0.00000000       0.00000000      0.221972287    
   0.00000000       0.00000000      0.200716361    
   0.00000000       0.00000000      0.179497108    
   0.00000000       0.00000000      0.158296183    
   0.00000000       0.00000000      0.137131959    
   0.00000000       0.00000000      0.116008982    
   0.00000000       0.00000000       9.48997661E-02
   0.00000000       0.00000000       7.37722144E-02
   0.00000000       0.00000000       5.26950918E-02
   0.00000000       0.00000000       3.16179730E-02
   0.00000000       0.00000000       1.05454372E-02
   0.00000000       0.00000000      -1.05546070E-02
   0.00000000       0.00000000      -3.16042192E-02
   0.00000000       0.00000000      -5.26905097E-02
   0.00000000       0.00000000      -7.37951398E-02
   0.00000000       0.00000000      -9.49043557E-02
   0.00000000       0.00000000     -0.115990646    
   0.00000000       0.00000000     -0.137150288    
   0.00000000       0.00000000     -0.158305362    
   0.00000000       0.00000000     -0.179501683    
   0.00000000       0.00000000     -0.200693429    
   0.00000000       0.00000000     -0.221958533    
   0.00000000       0.00000000     -0.243241981    
   0.00000000       0.00000000     -0.264575869    
   0.00000000       0.00000000     -0.285937250    
   0.00000000       0.00000000     -0.307372004    
   0.00000000       0.00000000     -0.328806728    
   0.00000000       0.00000000     -0.350365281    
   0.00000000       0.00000000     -0.371937573    
   0.00000000       0.00000000     -0.393574059    
   0.00000000       0.00000000     -0.415288508    
   0.00000000       0.00000000     -0.437035024    
   0.00000000       0.00000000     -0.458896190    
   0.00000000       0.00000000     -0.480826110    
   0.00000000       0.00000000     -0.502824783    
   0.00000000       0.00000000     -0.524883091    
   0.00000000       0.00000000     -0.547069788    
   0.00000000       0.00000000     -0.569293141    
   0.00000000       0.00000000     -0.591663241    
   0.00000000       0.00000000     -0.614083767    
   0.00000000       0.00000000     -0.636618912    
   0.00000000       0.00000000     -0.659254909    
   0.00000000       0.00000000     -0.681959689    
   0.00000000       0.00000000     -0.704792857    
   0.00000000       0.00000000     -0.727736056    
   0.00000000       0.00000000     -0.750761807    
   0.00000000       0.00000000     -0.773897588    
   0.00000000       0.00000000     -0.797083795    
   0.00000000       0.00000000     -0.820393801    
   0.00000000       0.00000000     -0.843740463    
   0.00000000       0.00000000     -0.867132962    
   0.00000000       0.00000000     -0.890497983    
   0.00000000       0.00000000     -0.913716316    
   0.00000000       0.00000000     -0.936604500    
   0.00000000       0.00000000     -0.958639860    
   0.00000000       0.00000000     -0.978556991    
   0.00000000       0.00000000     -0.993073046    
   0.00000000       0.00000000     -0.998497069    
   0.00000000       0.00000000     -0.999464452    
   0.00000000       0.00000000     -0.999734998    
   0.00000000       0.00000000     -0.999845028    
   0.00000000       0.00000000     -0.999895453    
   0.00000000       0.00000000     -0.999927580    
   0.00000000       0.00000000     -0.999941289    
   0.00000000       0.00000000     -0.999973416    
   0.00000000       0.00000000     -0.999964237    
   0.00000000       0.00000000     -0.999968827    
   0.00000000       0.00000000     -0.999964237    
   0.00000000       0.00000000     -0.999982595    
   0.00000000       0.00000000     -0.999996305    
   0.00000000       0.00000000     -0.999982595    
   0.00000000       0.00000000     -0.999982595    
   0.00000000       0.00000000      -1.00002158    
   0.00000000       0.00000000     -0.999987185    
   0.00000000       0.00000000     -0.999996305    
   0.00000000       0.00000000     -0.999996305    
   0.00000000       0.00000000      -1.00001240    
   0.00000000       0.00000000     -0.999989450    
   0.00000000       0.00000000      -1.00000095    
   0.00000000       0.00000000     -0.999989450    
   0.00000000       0.00000000      -1.00001013    
   0.00000000       0.00000000      -1.00000548    
   0.00000000       0.00000000      -1.00001466    
   0.00000000       0.00000000      -1.00001013    
   0.00000000       0.00000000     -0.999991775    
   0.00000000       0.00000000      -1.00001466    
   0.00000000       0.00000000     -0.999989450    
   0.00000000       0.00000000     -0.999998629    
   0.00000000       0.00000000      -1.00002384    
   0.00000000       0.00000000     -0.999984860    
   0.00000000       0.00000000      -1.00001240    
   0.00000000       0.00000000     -0.999995232    
   0.00000000       0.00000000      -1.00000894    
   0.00000000       0.00000000     -0.999999821    
   0.00000000       0.00000000      -1.00001013    
   0.00000000       0.00000000     -0.999991775    
   0.00000000       0.00000000     -0.999999821    
   0.00000000       0.00000000      -1.00000203    
   0.00000000       0.00000000     -0.999998629    
   0.00000000       0.00000000      -1.00000441    
   0.00000000       0.00000000     -0.999999821    
   0.00000000       0.00000000      -1.00000775    
   0.00000000       0.00000000      -1.00000143    
   0.00000000       0.00000000      -1.00000548    
   0.00000000       0.00000000      -1.00000322    
   0.00000000       0.00000000      -1.00000381    
   0.00000000       0.00000000      -1.00000441    
   0.00000000       0.00000000      -1.00000525    
   0.00000000       0.00000000      -1.00000620    
   0.00000000       0.00000000      -1.00000560    
   0.00000000       0.00000000      -1.00000620    
