   0.00000000       0.00000000       0.00000000    
   8.43504167E-05   0.00000000       0.00000000    
   3.37730802E-04   0.00000000       0.00000000    
   7.60100433E-04   0.00000000       0.00000000    
   1.35146466E-03   0.00000000       0.00000000    
   2.11184379E-03   0.00000000       0.00000000    
   3.04120569E-03   0.00000000       0.00000000    
   4.13958682E-03   0.00000000       0.00000000    
   5.40698320E-03   0.00000000       0.00000000    
   6.84334757E-03   0.00000000       0.00000000    
   8.44872277E-03   0.00000000       0.00000000    
   1.02231018E-02   0.00000000       0.00000000    
   1.21665280E-02   0.00000000       0.00000000    
   1.42789092E-02   0.00000000       0.00000000    
   1.65603142E-02   0.00000000       0.00000000    
   1.90106966E-02   0.00000000       0.00000000    
   2.16300804E-02   0.00000000       0.00000000    
   2.44184658E-02   0.00000000       0.00000000    
   2.73759011E-02   0.00000000       0.00000000    
   3.05022839E-02   0.00000000       0.00000000    
   3.37976664E-02   0.00000000       0.00000000    
   3.72620709E-02   0.00000000       0.00000000    
   4.08954956E-02   0.00000000       0.00000000    
   4.46979217E-02   0.00000000       0.00000000    
   4.86693233E-02   0.00000000       0.00000000    
   5.28097190E-02   0.00000000       0.00000000    
   5.71191423E-02   0.00000000       0.00000000    
   6.15975708E-02   0.00000000       0.00000000    
   6.62449822E-02   0.00000000       0.00000000    
   7.10614473E-02   0.00000000       0.00000000    
   7.60467947E-02   0.00000000       0.00000000    
   8.12012777E-02   0.00000000       0.00000000    
   8.65247250E-02   0.00000000       0.00000000    
   9.20171514E-02   0.00000000       0.00000000    
   9.76786166E-02   0.00000000       0.00000000    
  0.103509091       0.00000000       0.00000000    
  0.109508507       0.00000000       0.00000000    
  0.115676925       0.00000000       0.00000000    
  0.122014433       0.00000000       0.00000000    
  0.128520802       0.00000000       0.00000000    
  0.135196269       0.00000000       0.00000000    
  0.142040640       0.00000000       0.00000000    
  0.149054125       0.00000000       0.00000000    
  0.156236514       0.00000000       0.00000000    
  0.163588032       0.00000000       0.00000000    
  0.171108529       0.00000000       0.00000000    
  0.178797916       0.00000000       0.00000000    
  0.186656401       0.00000000       0.00000000    
  0.194683835       0.00000000       0.00000000    
  0.202880308       0.00000000       0.00000000    
  0.211245656       0.00000000       0.00000000    
  0.219780117       0.00000000       0.00000000    
  0.228483438       0.00000000       0.00000000    
  0.237355769       0.00000000       0.00000000    
  0.246396884       0.00000000       0.00000000    
  0.255606234       0.00000000       0.00000000    
  0.264982283       0.00000000       0.00000000    
  0.274521947       0.00000000       0.00000000    
  0.284221888       0.00000000       0.00000000    
  0.294078022       0.00000000       0.00000000    
  0.304086775       0.00000000       0.00000000    
  0.314243972       0.00000000       0.00000000    
  0.324545681       0.00000000       0.00000000    
  0.334988177       0.00000000       0.00000000    
  0.345567167       0.00000000       0.00000000    
  0.356279045       0.00000000       0.00000000    
  0.367119670       0.00000000       0.00000000    
  0.378085345       0.00000000       0.00000000    
  0.389171928       0.00000000       0.00000000    
  0.400375754       0.00000000       0.00000000    
  0.411692888       0.00000000       0.00000000    
  0.423119605       0.00000000       0.00000000    
  0.434651881       0.00000000       0.00000000    
  0.446286052       0.00000000       0.00000000    
  0.458018452       0.00000000       0.00000000    
  0.469845176       0.00000000       0.00000000    
  0.481762230       0.00000000       0.00000000    
  0.493766576       0.00000000       0.00000000    
  0.505853593       0.00000000       0.00000000    
  0.518020272       0.00000000       0.00000000    
  0.530262709       0.00000000       0.00000000    
  0.542576909       0.00000000       0.00000000    
  0.554959655       0.00000000       0.00000000    
  0.567407012       0.00000000       0.00000000    
  0.579915524       0.00000000       0.00000000    
  0.592481196       0.00000000       0.00000000    
  0.605100930       0.00000000       0.00000000    
  0.617770553       0.00000000       0.00000000    
  0.630486965       0.00000000       0.00000000    
  0.643245757       0.00000000       0.00000000    
  0.656044424       0.00000000       0.00000000    
  0.668878555       0.00000000       0.00000000    
  0.681744576       0.00000000       0.00000000    
  0.694639444       0.00000000       0.00000000    
  0.707559347       0.00000000       0.00000000    
  0.720500529       0.00000000       0.00000000    
  0.733459651       0.00000000       0.00000000    
  0.746432841       0.00000000       0.00000000    
  0.759416640       0.00000000       0.00000000    
  0.772407830       0.00000000       0.00000000    
  0.785402417       0.00000000       0.00000000    
  0.798397124       0.00000000       0.00000000    
  0.811387897       0.00000000       0.00000000    
  0.824372053       0.00000000       0.00000000    
  0.837345243       0.00000000       0.00000000    
  0.850304365       0.00000000       0.00000000    
  0.863245428       0.00000000       0.00000000    
  0.876165211       0.00000000       0.00000000    
  0.889059901       0.00000000       0.00000000    
  0.901926160       0.00000000       0.00000000    
  0.914760351       0.00000000       0.00000000    
  0.927558720       0.00000000       0.00000000    
  0.940317988       0.00000000       0.00000000    
  0.953034103       0.00000000       0.00000000    
  0.965703845       0.00000000       0.00000000    
  0.978323400       0.00000000       0.00000000    
  0.990889132       0.00000000       0.00000000    
   1.00339770       0.00000000       0.00000000    
   1.01584470       0.00000000       0.00000000    
   1.02822733       0.00000000       0.00000000    
   1.04054165       0.00000000       0.00000000    
   1.05278397       0.00000000       0.00000000    
   1.06495082       0.00000000       0.00000000    
   1.07703757       0.00000000       0.00000000    
   1.08904135       0.00000000       0.00000000    
   1.10095894       0.00000000       0.00000000    
   1.11278582       0.00000000       0.00000000    
   1.12451816       0.00000000       0.00000000    
   1.13615263       0.00000000       0.00000000    
   1.14768410       0.00000000       0.00000000    
   1.15911198       0.00000000       0.00000000    
   1.17042816       0.00000000       0.00000000    
   1.18163204       0.00000000       0.00000000    
   1.19271934       0.00000000       0.00000000    
   1.20368457       0.00000000       0.00000000    
   1.21452463       0.00000000       0.00000000    
   1.22523642       0.00000000       0.00000000    
   1.23581588       0.00000000       0.00000000    
   1.24625766       0.00000000       0.00000000    
   1.25656080       0.00000000       0.00000000    
   1.26671827       0.00000000       0.00000000    
   1.27672625       0.00000000       0.00000000    
   1.28658187       0.00000000       0.00000000    
   1.29628253       0.00000000       0.00000000    
   1.30582118       0.00000000       0.00000000    
   1.31519794       0.00000000       0.00000000    
   1.32440770       0.00000000       0.00000000    
   1.33344781       0.00000000       0.00000000    
   1.34232080       0.00000000       0.00000000    
   1.35102391       0.00000000       0.00000000    
   1.35955763       0.00000000       0.00000000    
   1.36792290       0.00000000       0.00000000    
   1.37611949       0.00000000       0.00000000    
   1.38414788       0.00000000       0.00000000    
   1.39200604       0.00000000       0.00000000    
   1.39969552       0.00000000       0.00000000    
   1.40721583       0.00000000       0.00000000    
   1.41456795       0.00000000       0.00000000    
   1.42174971       0.00000000       0.00000000    
   1.42876244       0.00000000       0.00000000    
   1.43560612       0.00000000       0.00000000    
   1.44228184       0.00000000       0.00000000    
   1.44878817       0.00000000       0.00000000    
   1.45512652       0.00000000       0.00000000    
   1.46129572       0.00000000       0.00000000    
   1.46729398       0.00000000       0.00000000    
   1.47312415       0.00000000       0.00000000    
   1.47878575       0.00000000       0.00000000    
   1.48427737       0.00000000       0.00000000    
   1.48960102       0.00000000       0.00000000    
   1.49475455       0.00000000       0.00000000    
   1.49974048       0.00000000       0.00000000    
   1.50455725       0.00000000       0.00000000    
   1.50920415       0.00000000       0.00000000    
   1.51368260       0.00000000       0.00000000    
   1.51799154       0.00000000       0.00000000    
   1.52213264       0.00000000       0.00000000    
   1.52610350       0.00000000       0.00000000    
   1.52990639       0.00000000       0.00000000    
   1.53353930       0.00000000       0.00000000    
   1.53700387       0.00000000       0.00000000    
   1.54029918       0.00000000       0.00000000    
   1.54342532       0.00000000       0.00000000    
   1.54638267       0.00000000       0.00000000    
   1.54917109       0.00000000       0.00000000    
   1.55179012       0.00000000       0.00000000    
   1.55424023       0.00000000       0.00000000    
   1.55652165       0.00000000       0.00000000    
   1.55863440       0.00000000       0.00000000    
   1.56057739       0.00000000       0.00000000    
   1.56235194       0.00000000       0.00000000    
   1.56395710       0.00000000       0.00000000    
   1.56539369       0.00000000       0.00000000    
   1.56666088       0.00000000       0.00000000    
   1.56775928       0.00000000       0.00000000    
   1.56868851       0.00000000       0.00000000    
   1.56944895       0.00000000       0.00000000    
   1.57003999       0.00000000       0.00000000    
   1.57046258       0.00000000       0.00000000    
   1.57071555       0.00000000       0.00000000    
   1.57079995       0.00000000       0.00000000    
