   0.00000000       0.00000000       0.00000000       1.00000000    
   0.00000000       0.00000000       4.21751829E-05   1.00000060    
   0.00000000       0.00000000       1.68865401E-04  0.999999940    
   0.00000000       0.00000000       3.80050013E-04   1.00000048    
   0.00000000       0.00000000       6.75732619E-04  0.999999344    
   0.00000000       0.00000000       1.05592096E-03   1.00000012    
   0.00000000       0.00000000       1.52060110E-03  0.999999523    
   0.00000000       0.00000000       2.06979201E-03  0.999997914    
   0.00000000       0.00000000       2.70348741E-03  0.999996603    
   0.00000000       0.00000000       3.42166331E-03  0.999995232    
   0.00000000       0.00000000       4.22434462E-03  0.999992013    
   0.00000000       0.00000000       5.11152437E-03  0.999987662    
   0.00000000       0.00000000       6.08322024E-03  0.999982536    
   0.00000000       0.00000000       7.13938335E-03  0.999975979    
   0.00000000       0.00000000       8.28005094E-03  0.999967158    
   0.00000000       0.00000000       9.50519275E-03  0.999956131    
   0.00000000       0.00000000       1.08148111E-02  0.999943137    
   0.00000000       0.00000000       1.22089125E-02  0.999926865    
   0.00000000       0.00000000       1.36875017E-02  0.999907970    
   0.00000000       0.00000000       1.52505264E-02  0.999885321    
   0.00000000       0.00000000       1.68979988E-02  0.999858975    
   0.00000000       0.00000000       1.86299216E-02  0.999828458    
   0.00000000       0.00000000       2.04462893E-02  0.999792695    
   0.00000000       0.00000000       2.23470572E-02  0.999752164    
   0.00000000       0.00000000       2.43322141E-02  0.999705791    
   0.00000000       0.00000000       2.64017414E-02  0.999653339    
   0.00000000       0.00000000       2.85556391E-02  0.999593973    
   0.00000000       0.00000000       3.07938512E-02  0.999527872    
   0.00000000       0.00000000       3.31163667E-02  0.999453485    
   0.00000000       0.00000000       3.55231687E-02  0.999371111    
   0.00000000       0.00000000       3.80141661E-02  0.999279082    
   0.00000000       0.00000000       4.05893773E-02  0.999178588    
   0.00000000       0.00000000       4.32487652E-02  0.999066770    
   0.00000000       0.00000000       4.59922180E-02  0.998944581    
   0.00000000       0.00000000       4.88197431E-02  0.998810649    
   0.00000000       0.00000000       5.17312847E-02  0.998664141    
   0.00000000       0.00000000       5.47267310E-02  0.998504460    
   0.00000000       0.00000000       5.78060485E-02  0.998330832    
   0.00000000       0.00000000       6.09691553E-02  0.998143315    
   0.00000000       0.00000000       6.42159954E-02  0.997938991    
   0.00000000       0.00000000       6.75464422E-02  0.997719347    
   0.00000000       0.00000000       7.09604174E-02  0.997482240    
   0.00000000       0.00000000       7.44578540E-02  0.997227430    
   0.00000000       0.00000000       7.80385956E-02  0.996953487    
   0.00000000       0.00000000       8.17025676E-02  0.996660233    
   0.00000000       0.00000000       8.54496062E-02  0.996346354    
   0.00000000       0.00000000       8.92795995E-02  0.996010303    
   0.00000000       0.00000000       9.31923985E-02  0.995652258    
   0.00000000       0.00000000       9.71878767E-02  0.995270133    
   0.00000000       0.00000000      0.101265840      0.994863749    
   0.00000000       0.00000000      0.105426110      0.994431376    
   0.00000000       0.00000000      0.109668545      0.993972659    
   0.00000000       0.00000000      0.113992900      0.993485928    
   0.00000000       0.00000000      0.118398972      0.992970645    
   0.00000000       0.00000000      0.122886486      0.992425323    
   0.00000000       0.00000000      0.127454951      0.991848707    
   0.00000000       0.00000000      0.132103264      0.991240621    
   0.00000000       0.00000000      0.136829779      0.990599036    
   0.00000000       0.00000000      0.141632453      0.989924073    
   0.00000000       0.00000000      0.146509111      0.989213824    
   0.00000000       0.00000000      0.151457563      0.988468647    
   0.00000000       0.00000000      0.156475574      0.987686753    
   0.00000000       0.00000000      0.161560863      0.986867666    
   0.00000000       0.00000000      0.166711226      0.986010909    
   0.00000000       0.00000000      0.171924353      0.985115170    
   0.00000000       0.00000000      0.177198008      0.984180331    
   0.00000000       0.00000000      0.182529896      0.983205438    
   0.00000000       0.00000000      0.187917784      0.982190192    
   0.00000000       0.00000000      0.193359375      0.981133461    
   0.00000000       0.00000000      0.198852494      0.980034769    
   0.00000000       0.00000000      0.204394817      0.978893936    
   0.00000000       0.00000000      0.209984124      0.977710366    
   0.00000000       0.00000000      0.215618163      0.976483405    
   0.00000000       0.00000000      0.221294716      0.975212634    
   0.00000000       0.00000000      0.227011591      0.973897755    
   0.00000000       0.00000000      0.232766509      0.972538471    
   0.00000000       0.00000000      0.238557264      0.971134067    
   0.00000000       0.00000000      0.244381666      0.969685197    
   0.00000000       0.00000000      0.250237465      0.968190312    
   0.00000000       0.00000000      0.256122559      0.966650248    
   0.00000000       0.00000000      0.262034684      0.965064585    
   0.00000000       0.00000000      0.267971665      0.963432848    
   0.00000000       0.00000000      0.273931384      0.961755395    
   0.00000000       0.00000000      0.279911637      0.960031986    
   0.00000000       0.00000000      0.285910308      0.958262682    
   0.00000000       0.00000000      0.291925192      0.956447423    
   0.00000000       0.00000000      0.297954261      0.954586685    
   0.00000000       0.00000000      0.303995341      0.952679992    
   0.00000000       0.00000000      0.310046345      0.950728178    
   0.00000000       0.00000000      0.316105127      0.948730469    
   0.00000000       0.00000000      0.322169691      0.946688592    
   0.00000000       0.00000000      0.328237921      0.944601834    
   0.00000000       0.00000000      0.334307760      0.942470372    
   0.00000000       0.00000000      0.340377182      0.940295696    
   0.00000000       0.00000000      0.346444219      0.938077211    
   0.00000000       0.00000000      0.352506757      0.935816050    
   0.00000000       0.00000000      0.358562917      0.933512390    
   0.00000000       0.00000000      0.364610583      0.931167066    
   0.00000000       0.00000000      0.370647877      0.928780317    
   0.00000000       0.00000000      0.376672894      0.926353276    
   0.00000000       0.00000000      0.382683635      0.923886538    
   0.00000000       0.00000000      0.388678223      0.921380758    
   0.00000000       0.00000000      0.394654751      0.918836415    
   0.00000000       0.00000000      0.400611430      0.916255295    
   0.00000000       0.00000000      0.406546265      0.913637578    
   0.00000000       0.00000000      0.412457556      0.910984278    
   0.00000000       0.00000000      0.418343425      0.908296287    
   0.00000000       0.00000000      0.424202085      0.905575037    
   0.00000000       0.00000000      0.430031776      0.902821064    
   0.00000000       0.00000000      0.435830712      0.900036156    
   0.00000000       0.00000000      0.441597253      0.897220969    
   0.00000000       0.00000000      0.447329581      0.894376934    
   0.00000000       0.00000000      0.453026146      0.891505122    
   0.00000000       0.00000000      0.458685189      0.888606548    
   0.00000000       0.00000000      0.464305103      0.885683179    
   0.00000000       0.00000000      0.469884217      0.882736027    
   0.00000000       0.00000000      0.475420952      0.879766583    
   0.00000000       0.00000000      0.480913848      0.876776099    
   0.00000000       0.00000000      0.486361146      0.873765826    
   0.00000000       0.00000000      0.491761506      0.870738029    
   0.00000000       0.00000000      0.497113347      0.867693782    
   0.00000000       0.00000000      0.502415240      0.864634812    
   0.00000000       0.00000000      0.507665813      0.861562490    
   0.00000000       0.00000000      0.512863219      0.858478665    
   0.00000000       0.00000000      0.518006444      0.855385005    
   0.00000000       0.00000000      0.523094237      0.852283239    
   0.00000000       0.00000000      0.528124869      0.849175453    
   0.00000000       0.00000000      0.533097148      0.846062899    
   0.00000000       0.00000000      0.538009763      0.842947543    
   0.00000000       0.00000000      0.542861044      0.839831352    
   0.00000000       0.00000000      0.547650754      0.836716294    
   0.00000000       0.00000000      0.552376211      0.833603978    
   0.00000000       0.00000000      0.557037294      0.830496550    
   0.00000000       0.00000000      0.561632633      0.827396035    
   0.00000000       0.00000000      0.566160440      0.824304461    
   0.00000000       0.00000000      0.570619881      0.821223497    
   0.00000000       0.00000000      0.575010002      0.818155706    
   0.00000000       0.00000000      0.579329789      0.815102458    
   0.00000000       0.00000000      0.583577335      0.812067270    
   0.00000000       0.00000000      0.587752998      0.809050143    
   0.00000000       0.00000000      0.591854274      0.806054890    
   0.00000000       0.00000000      0.595880270      0.803083479    
   0.00000000       0.00000000      0.599830508      0.800137222    
   0.00000000       0.00000000      0.603704274      0.797218800    
   0.00000000       0.00000000      0.607499719      0.794329405    
   0.00000000       0.00000000      0.611217022      0.791473269    
   0.00000000       0.00000000      0.614855170      0.788650572    
   0.00000000       0.00000000      0.618413627      0.785863042    
   0.00000000       0.00000000      0.621893942      0.783111989    
   0.00000000       0.00000000      0.625295877      0.780397713    
   0.00000000       0.00000000      0.628619909      0.777723491    
   0.00000000       0.00000000      0.631867349      0.775087297    
   0.00000000       0.00000000      0.635038614      0.772490680    
   0.00000000       0.00000000      0.638134301      0.769936323    
   0.00000000       0.00000000      0.641154528      0.767422974    
   0.00000000       0.00000000      0.644100308      0.764952183    
   0.00000000       0.00000000      0.646972120      0.762524426    
   0.00000000       0.00000000      0.649770796      0.760141373    
   0.00000000       0.00000000      0.652496159      0.757802963    
   0.00000000       0.00000000      0.655149281      0.755510151    
   0.00000000       0.00000000      0.657730758      0.753263056    
   0.00000000       0.00000000      0.660241365      0.751063406    
   0.00000000       0.00000000      0.662681222      0.748911440    
   0.00000000       0.00000000      0.665051222      0.746808469    
   0.00000000       0.00000000      0.667351663      0.744754076    
   0.00000000       0.00000000      0.669582367      0.742747128    
   0.00000000       0.00000000      0.671744704      0.740791798    
   0.00000000       0.00000000      0.673839033      0.738887668    
   0.00000000       0.00000000      0.675865293      0.737034917    
   0.00000000       0.00000000      0.677824795      0.735232413    
   0.00000000       0.00000000      0.679717124      0.733482182    
   0.00000000       0.00000000      0.681543469      0.731787145    
   0.00000000       0.00000000      0.683303952      0.730143249    
   0.00000000       0.00000000      0.684998631      0.728551269    
   0.00000000       0.00000000      0.686628222      0.727017105    
   0.00000000       0.00000000      0.688193023      0.725535214    
   0.00000000       0.00000000      0.689693749      0.724109769    
   0.00000000       0.00000000      0.691130102      0.722738266    
   0.00000000       0.00000000      0.692503095      0.721422791    
   0.00000000       0.00000000      0.693812370      0.720163345    
   0.00000000       0.00000000      0.695058882      0.718959332    
   0.00000000       0.00000000      0.696242511      0.717813790    
   0.00000000       0.00000000      0.697363675      0.716722369    
   0.00000000       0.00000000      0.698422730      0.715689778    
   0.00000000       0.00000000      0.699419856      0.714716494    
   0.00000000       0.00000000      0.700355232      0.713797987    
   0.00000000       0.00000000      0.701229155      0.712939620    
   0.00000000       0.00000000      0.702041924      0.712139845    
   0.00000000       0.00000000      0.702793837      0.711397946    
   0.00000000       0.00000000      0.703484595      0.710714638    
   0.00000000       0.00000000      0.704114914      0.710090041    
   0.00000000       0.00000000      0.704684615      0.709523916    
   0.00000000       0.00000000      0.705194056      0.709017634    
   0.00000000       0.00000000      0.705643177      0.708570004    
   0.00000000       0.00000000      0.706032217      0.708181500    
   0.00000000       0.00000000      0.706361175      0.707853496    
   0.00000000       0.00000000      0.706630230      0.707584560    
   0.00000000       0.00000000      0.706839323      0.707375467    
   0.00000000       0.00000000      0.706988752      0.707225800    
   0.00000000       0.00000000      0.707078218      0.707136273    
   0.00000000       0.00000000      0.707108080      0.707105517    
