   0.00000000       0.00000000       0.00000000       1.00000000    
   1.74190942E-02   8.49953853E-03   4.41518100E-03  0.999802411    
   3.43367495E-02   1.63421091E-02   8.79701879E-03  0.999238014    
   5.07582948E-02   2.35523507E-02   1.31069217E-02  0.998347223    
   6.66893721E-02   3.01563758E-02   1.73108168E-02  0.997167766    
   8.21359456E-02   3.61813083E-02   2.13788617E-02  0.995734751    
   9.71043110E-02   4.16548699E-02   2.52851509E-02  0.994080722    
  0.111601084       4.66050692E-02   2.90074199E-02  0.992235839    
  0.125633150       5.10598719E-02   3.25267315E-02  0.990227997    
  0.139207691       5.50469793E-02   3.58272046E-02  0.988082886    
  0.152332157       5.85936308E-02   3.88957411E-02  0.985824108    
  0.165014207       6.17264174E-02   4.17217575E-02  0.983473361    
  0.177261710       6.44711703E-02   4.42969464E-02  0.981050432    
  0.189082712       6.68528453E-02   4.66150381E-02  0.978573382    
  0.200485379       6.88954443E-02   4.86715734E-02  0.976058662    
  0.211478010       7.06219524E-02   5.04637100E-02  0.973521113    
  0.222068965       7.20543116E-02   5.19900359E-02  0.970974207    
  0.232266709       7.32133910E-02   5.32503873E-02  0.968430042    
  0.242079690       7.41189644E-02   5.42456992E-02  0.965899348    
  0.251516372       7.47897401E-02   5.49778603E-02  0.963391840    
  0.260585219       7.52433389E-02   5.54495752E-02  0.960915983    
  0.269294620       7.54963309E-02   5.56642413E-02  0.958479345    
  0.277652949       7.55642653E-02   5.56258522E-02  0.956088424    
  0.285668463       7.54616857E-02   5.53389005E-02  0.953749001    
  0.293349326       7.52021819E-02   5.48082851E-02  0.951465905    
  0.300703615       7.47984052E-02   5.40392399E-02  0.949243307    
  0.307739288       7.42621198E-02   5.30372597E-02  0.947084606    
  0.314463079       7.36032352E-02   5.18069193E-02  0.944993198    
  0.320883751       7.28328750E-02   5.03551960E-02  0.942970812    
  0.327008814       7.19603896E-02   4.86880466E-02  0.941019118    
  0.332845628       7.09943920E-02   4.68114950E-02  0.939139426    
  0.338401407       6.99428096E-02   4.47315946E-02  0.937332451    
  0.343683183       6.88129291E-02   4.24543992E-02  0.935598671    
  0.348697841       6.76114336E-02   3.99859324E-02  0.933938026    
  0.353452086       6.63444251E-02   3.73321734E-02  0.932350218    
  0.357952446       6.50174841E-02   3.44990380E-02  0.930834651    
  0.362205267       6.36356845E-02   3.14923562E-02  0.929390490    
  0.366216749       6.22036420E-02   2.83178650E-02  0.928016543    
  0.369992882       6.07255362E-02   2.49812044E-02  0.926711500    
  0.373539507       5.92051446E-02   2.14878973E-02  0.925473869    
  0.376862317       5.76458722E-02   1.78433526E-02  0.924301863    
  0.379966825       5.60507774E-02   1.40528567E-02  0.923193693    
  0.382858366       5.44225946E-02   1.01215746E-02  0.922147393    
  0.385542125       5.27637675E-02   6.05454249E-03  0.921160817    
  0.388023138       5.10764606E-02   1.85667351E-03  0.920231760    
  0.390306294       4.93625887E-02  -2.46724719E-03  0.919357896    
  0.392396301       4.76238392E-02  -6.91255741E-03  0.918536901    
  0.394297749       4.58616801E-02  -1.14747193E-02  0.917766333    
  0.396015078       4.40773927E-02  -1.61493141E-02  0.917043686    
  0.397552609       4.22720723E-02  -2.09320448E-02  0.916366458    
  0.398914516       4.04466540E-02  -2.58187260E-02  0.915732145    
  0.400104821       3.86019275E-02  -3.08052860E-02  0.915138125    
  0.401127458       3.67385447E-02  -3.58877629E-02  0.914581776    
  0.401986212       3.48570384E-02  -4.10622992E-02  0.914060533    
  0.402684778       3.29578258E-02  -4.63251360E-02  0.913571775    
  0.403226733       3.10412273E-02  -5.16726151E-02  0.913112938    
  0.403615534       2.91074719E-02  -5.71011677E-02  0.912681401    
  0.403854549       2.71567106E-02  -6.26073256E-02  0.912274599    
  0.403947026       2.51890235E-02  -6.81876987E-02  0.911889970    
  0.403896153       2.32044235E-02  -7.38389790E-02  0.911525011    
  0.403704971       2.12028697E-02  -7.95579404E-02  0.911177158    
  0.403376490       1.91842709E-02  -8.53414312E-02  0.910843968    
  0.402913600       1.71484929E-02  -9.11863744E-02  0.910522997    
  0.402319133       1.50953634E-02  -9.70897675E-02  0.910211802    
  0.401595801       1.30246803E-02 -0.103048660      0.909908056    
  0.400746286       1.09362127E-02 -0.109060183      0.909609377    
  0.399773210       8.82970821E-03 -0.115121514      0.909313500    
  0.398679078       6.70489576E-03 -0.121229887      0.909018099    
  0.397466362       4.56149038E-03 -0.127382606      0.908721030    
  0.396137446       2.39919405E-03 -0.133577004      0.908420086    
  0.394694686       2.17704102E-04 -0.139810488      0.908113182    
  0.393140376      -1.98328798E-03 -0.146080509      0.907798231    
  0.391476750      -4.20409441E-03 -0.152384549      0.907473207    
  0.389705986      -6.44502416E-03 -0.158720151      0.907136142    
  0.387830228      -8.70638434E-03 -0.165084898      0.906785131    
  0.385851532      -1.09884795E-02 -0.171476394      0.906418264    
  0.383771986      -1.32916067E-02 -0.177892312      0.906033695    
  0.381593585      -1.56160537E-02 -0.184330344      0.905629694    
  0.379318267      -1.79621018E-02 -0.190788209      0.905204535    
  0.376947999      -2.03300174E-02 -0.197263688      0.904756486    
  0.374484628      -2.27200575E-02 -0.203754574      0.904283941    
  0.371930063      -2.51324605E-02 -0.210258707      0.903785348    
  0.369286090      -2.75674574E-02 -0.216773957      0.903259158    
  0.366554528      -3.00252661E-02 -0.223298207      0.902703941    
  0.363737166      -3.25060859E-02 -0.229829401      0.902118266    
  0.360835731      -3.50100994E-02 -0.236365482      0.901500702    
  0.357851923      -3.75374742E-02 -0.242904440      0.900849938    
  0.354787469      -4.00883593E-02 -0.249444291      0.900164723    
  0.351644039      -4.26628888E-02 -0.255983055      0.899443865    
  0.348423272      -4.52611744E-02 -0.262518823      0.898686111    
  0.345126837      -4.78833169E-02 -0.269049704      0.897890389    
  0.341756314      -5.05293980E-02 -0.275573790      0.897055566    
  0.338313341      -5.31994738E-02 -0.282089233      0.896180689    
  0.334799469      -5.58935888E-02 -0.288594216      0.895264685    
  0.331216305      -5.86117730E-02 -0.295086920      0.894306660    
  0.327565372      -6.13540299E-02 -0.301565588      0.893305719    
  0.323848248      -6.41203523E-02 -0.308028460      0.892260969    
  0.320066452      -6.69107139E-02 -0.314473808      0.891171634    
  0.316221535      -6.97250739E-02 -0.320899904      0.890037000    
  0.312314987      -7.25633651E-02 -0.327305108      0.888856292    
  0.308348358      -7.54255205E-02 -0.333687752      0.887628853    
  0.304323107      -7.83114359E-02 -0.340046227      0.886354089    
  0.300240755      -8.12210068E-02 -0.346378922      0.885031343    
  0.296102792      -8.41540992E-02 -0.352684259      0.883660138    
  0.291910708      -8.71105790E-02 -0.358960658      0.882239938    
  0.287665963      -9.00902972E-02 -0.365206629      0.880770326    
  0.283370048      -9.30930749E-02 -0.371420652      0.879250824    
  0.279024452      -9.61187333E-02 -0.377601236      0.877681077    
  0.274630636      -9.91670713E-02 -0.383746922      0.876060724    
  0.270190060     -0.102237880     -0.389856309      0.874389470    
  0.265704215     -0.105330944     -0.395927995      0.872667074    
  0.261174560     -0.108446024     -0.401960582      0.870893300    
  0.256602585     -0.111582875     -0.407952726      0.869067967    
  0.251989752     -0.114741251     -0.413903087      0.867190897    
  0.247337535     -0.117920876     -0.419810385      0.865261972    
  0.242647409     -0.121121474     -0.425673336      0.863281131    
  0.237920851     -0.124342769     -0.431490690      0.861248255    
  0.233159348     -0.127584457     -0.437261224      0.859163404    
  0.228364378     -0.130846247     -0.442983747      0.857026577    
  0.223537445     -0.134127840     -0.448657066      0.854837835    
  0.218680024     -0.137428910     -0.454280049      0.852597296    
  0.213793620     -0.140749142     -0.459851563      0.850305021    
  0.208879739     -0.144088224     -0.465370536      0.847961187    
  0.203939900     -0.147445813     -0.470835894      0.845566034    
  0.198975608     -0.150821581     -0.476246595      0.843119681    
  0.193988383     -0.154215202     -0.481601626      0.840622425    
  0.188979760     -0.157626331     -0.486900002      0.838074565    
  0.183951274     -0.161054626     -0.492140770      0.835476398    
  0.178904459     -0.164499760     -0.497323006      0.832828224    
  0.173840880     -0.167961389     -0.502445757      0.830130458    
  0.168762088     -0.171439171     -0.507508218      0.827383459    
  0.163669661     -0.174932763     -0.512509465      0.824587643    
  0.158565164     -0.178441837     -0.517448723      0.821743488    
  0.153450191     -0.181966066     -0.522325158      0.818851471    
  0.148326352     -0.185505122     -0.527137995      0.815912127    
  0.143195242     -0.189058661     -0.531886518      0.812925935    
  0.138058484     -0.192626387     -0.536569953      0.809893489    
  0.132917702     -0.196207970     -0.541187644      0.806815386    
  0.127774537     -0.199803114     -0.545738935      0.803692281    
  0.122630641     -0.203411505     -0.550223172      0.800524771    
  0.117487684     -0.207032859     -0.554639697      0.797313511    
  0.112347335     -0.210666880     -0.558987975      0.794059217    
  0.107211284     -0.214313298     -0.563267410      0.790762603    
  0.102081239     -0.217971861     -0.567477465      0.787424386    
   9.69589129E-02 -0.221642300     -0.571617603      0.784045398    
   9.18460265E-02 -0.225324377     -0.575687349      0.780626357    
   8.67443308E-02 -0.229017854     -0.579686224      0.777168155    
   8.16555843E-02 -0.232722521     -0.583613753      0.773671627    
   7.65815526E-02 -0.236438170     -0.587469578      0.770137608    
   7.15240240E-02 -0.240164608     -0.591253281      0.766567051    
   6.64848015E-02 -0.243901670     -0.594964445      0.762960851    
   6.14657067E-02 -0.247649178     -0.598602712      0.759319961    
   5.64685687E-02 -0.251406997     -0.602167785      0.755645394    
   5.14952429E-02 -0.255174994     -0.605659366      0.751938105    
   4.65475954E-02 -0.258953094     -0.609077096      0.748199105    
   4.16275077E-02 -0.262741148     -0.612420738      0.744429469    
   3.67368869E-02 -0.266539127     -0.615689993      0.740630329    
   3.18776518E-02 -0.270346969     -0.618884683      0.736802697    
   2.70517375E-02 -0.274164647     -0.622004509      0.732947767    
   2.22611036E-02 -0.277992129     -0.625049353      0.729066730    
   1.75077245E-02 -0.281829417     -0.628018916      0.725160718    
   1.27935968E-02 -0.285676569     -0.630913079      0.721230924    
   8.12073238E-03 -0.289533615     -0.633731663      0.717278659    
   3.49116838E-03 -0.293400645     -0.636474490      0.713305175    
  -1.09304162E-03 -0.297277749     -0.639141440      0.709311724    
  -5.62982261E-03 -0.301165044     -0.641732335      0.705299735    
  -1.01170763E-02 -0.305062681     -0.644247055      0.701270521    
  -1.45526864E-02 -0.308970839     -0.646685481      0.697225451    
  -1.89345144E-02 -0.312889695     -0.649047494      0.693166018    
  -2.32603997E-02 -0.316819459     -0.651332915      0.689093649    
  -2.75281593E-02 -0.320760399     -0.653541684      0.685009837    
  -3.17355916E-02 -0.324712753     -0.655673683      0.680916131    
  -3.58804651E-02 -0.328676820     -0.657728732      0.676814079    
  -3.99605334E-02 -0.332652926     -0.659706712      0.672705352    
  -4.39735241E-02 -0.336641401     -0.661607504      0.668591559    
  -4.79171425E-02 -0.340642631     -0.663430929      0.664474428    
  -5.17890751E-02 -0.344656974     -0.665176809      0.660355628    
  -5.55869788E-02 -0.348684877     -0.666844964      0.656237006    
  -5.93084916E-02 -0.352726758     -0.668435216      0.652120352    
  -6.29512295E-02 -0.356783092     -0.669947386      0.648007512    
  -6.65127859E-02 -0.360854387     -0.671381116      0.643900454    
  -6.99907392E-02 -0.364941120     -0.672736228      0.639801145    
  -7.33826309E-02 -0.369043827     -0.674012363      0.635711610    
  -7.66860023E-02 -0.373163074     -0.675209165      0.631633937    
  -7.98983574E-02 -0.377299428     -0.676326275      0.627570271    
  -8.30171928E-02 -0.381453454     -0.677363276      0.623522818    
  -8.60399753E-02 -0.385625809     -0.678319633      0.619493842    
  -8.89641717E-02 -0.389817089     -0.679194868      0.615485728    
  -9.17872190E-02 -0.394027948     -0.679988384      0.611500800    
  -9.45065394E-02 -0.398259044     -0.680699468      0.607541621    
  -9.71195549E-02 -0.402511060     -0.681327462      0.603610694    
  -9.96236652E-02 -0.406784654     -0.681871533      0.599710703    
 -0.102016270     -0.411080539     -0.682330787      0.595844388    
 -0.104294762     -0.415399432     -0.682704270      0.592014492    
 -0.106456533     -0.419742018     -0.682990909      0.588223994    
 -0.108498968     -0.424108982     -0.683189511      0.584475875    
 -0.110419467     -0.428501070     -0.683298826      0.580773234    
 -0.112215430     -0.432918996     -0.683317423      0.577119231    
 -0.113884278     -0.437363446     -0.683243752      0.573517263    
 -0.115423448     -0.441835105     -0.683076143      0.569970727    
 -0.116830409     -0.446334690     -0.682812810      0.566483200    
