   1.57079995      0.785399973      0.392699987    
   1.52617621      0.726195812      0.391991168    
   1.48233163      0.669440389      0.388376653    
   1.43924737      0.615121126      0.382175684    
   1.39690804      0.563211620      0.373682410    
   1.35530138      0.513673842      0.363169670    
   1.31441951      0.466459215      0.350888878    
   1.27425504      0.421512336      0.337071329    
   1.23480129      0.378768384      0.321927279    
   1.19605422      0.338159978      0.305651665    
   1.15801096      0.299614489      0.288421512    
   1.12066734      0.263056338      0.270398647    
   1.08402061      0.228407964      0.251730084    
   1.04806757      0.195590094      0.232549235    
   1.01280475      0.164523721      0.212976471    
  0.978228688      0.135129005      0.193120763    
  0.944335639      0.107327014      0.173080340    
  0.911121547       8.10398906E-02  0.152943090    
  0.878581166       5.61912805E-02  0.132787839    
  0.846710026       3.27062309E-02  0.112684906    
  0.815501213       1.05114002E-02   9.26959440E-02
  0.784949601      -1.04638226E-02   7.28762522E-02
  0.755047977      -3.02878898E-02   5.32744788E-02
  0.725790381      -4.90266308E-02   3.39326337E-02
  0.697168291      -6.67438656E-02   1.48881022E-02
  0.669175267      -8.35005790E-02  -3.82732227E-03
  0.641702473      -9.94696766E-02  -2.22632792E-02
  0.614942074     -0.114477284      -4.02436219E-02
  0.588785648     -0.128691882      -5.78253493E-02
  0.563224196     -0.142164022      -7.49919340E-02
  0.538248897     -0.154941797      -9.17305872E-02
  0.513850272     -0.167071164     -0.108031310    
  0.490019381     -0.178594932     -0.123886280    
  0.466746956     -0.189554363     -0.139289901    
  0.444024265     -0.199987784     -0.154238895    
  0.421841741     -0.209931627     -0.168731228    
  0.400188953     -0.219420418     -0.182766944    
  0.379056513     -0.228486151     -0.196347103    
  0.358436108     -0.237159193     -0.209474087    
  0.338316649     -0.245468050     -0.222151458    
  0.318690896     -0.253439069     -0.234383538    
  0.299548626     -0.261097431     -0.246175617    
  0.280880690     -0.268466324     -0.257533491    
  0.262678087     -0.275567710     -0.268463701    
  0.244931549     -0.282421559     -0.278973401    
  0.227632210     -0.289046943     -0.289069921    
  0.210771590     -0.295461446     -0.298761010    
  0.194341138     -0.301681250     -0.308054805    
  0.178331733     -0.307721704     -0.316959679    
  0.162735581     -0.313596934     -0.325484037    
  0.147543922     -0.319319665     -0.333636522    
  0.132749081     -0.324902147     -0.341425717    
  0.118342668     -0.330355495     -0.348860502    
  0.104317211     -0.335689932     -0.355949610    
   9.06649753E-02 -0.340914905     -0.362701595    
   7.73783177E-02 -0.346038908     -0.369125307    
   6.44498244E-02 -0.351070166     -0.375229359    
   5.18721603E-02 -0.356015652     -0.381022364    
   3.96384783E-02 -0.360882223     -0.386512727    
   2.77416483E-02 -0.365675896     -0.391708881    
   1.61749013E-02 -0.370402157     -0.396618903    
   4.93133906E-03 -0.375066102     -0.401251107    
  -5.99543005E-03 -0.379672140     -0.405613214    
  -1.66117847E-02 -0.384224594     -0.409713268    
  -2.69239768E-02 -0.388726652     -0.413558751    
  -3.69382389E-02 -0.393182069     -0.417157263    
  -4.66604419E-02 -0.397593558     -0.420516133    
  -5.60966171E-02 -0.401963681     -0.423642486    
  -6.52525350E-02 -0.406294972     -0.426543355    
  -7.41335154E-02 -0.410589308     -0.429225624    
  -8.27455819E-02 -0.414848298     -0.431695908    
  -9.10935700E-02 -0.419073641     -0.433960795    
  -9.91829336E-02 -0.423266590     -0.436026573    
 -0.107018679     -0.427427918     -0.437899500    
 -0.114606045     -0.431558907     -0.439585567    
 -0.121949710     -0.435660183     -0.441090643    
 -0.129054725     -0.439732164     -0.442420423    
 -0.135925204     -0.443775386     -0.443580598    
 -0.142566308     -0.447789967     -0.444576442    
 -0.148982108     -0.451776177     -0.445413291    
 -0.155177042     -0.455733776     -0.446096241    
 -0.161155507     -0.459662586     -0.446630448    
 -0.166921258     -0.463563025     -0.447020471    
 -0.172478631     -0.467434704     -0.447271168    
 -0.177831262     -0.471277207     -0.447387129    
 -0.182983160     -0.475089967     -0.447372794    
 -0.187938064     -0.478872597     -0.447232425    
 -0.192699477     -0.482624650     -0.446970344    
 -0.197270945     -0.486345321     -0.446590602    
 -0.201656029     -0.490034252     -0.446097136    
 -0.205858022     -0.493690670     -0.445493817    
 -0.209880158     -0.497313887     -0.444784522    
 -0.213725582     -0.500903130     -0.443972796    
 -0.217397317     -0.504457533     -0.443062216    
 -0.220898539     -0.507976592     -0.442056328    
 -0.224231780     -0.511459351     -0.440958411    
 -0.227400124     -0.514904916     -0.439771712    
 -0.230406344     -0.518312514     -0.438499451    
 -0.233253017     -0.521681249     -0.437144786    
 -0.235942885     -0.525010347     -0.435710579    
 -0.238478005     -0.528298795     -0.434199929    
 -0.240861192     -0.531545758     -0.432615787    
 -0.243094489     -0.534750402     -0.430961281    
 -0.245180279     -0.537911713     -0.429238200    
 -0.247120813     -0.541028857     -0.427449584    
 -0.248917937     -0.544100821     -0.425598115    
 -0.250573993     -0.547126651     -0.423686266    
 -0.252090603     -0.550105691     -0.421716511    
 -0.253469706     -0.553036809     -0.419691235    
 -0.254713118     -0.555919051     -0.417612731    
 -0.255822629     -0.558751643     -0.415483385    
 -0.256799996     -0.561533630     -0.413305372    
 -0.257646590     -0.564263940     -0.411080927    
 -0.258363843     -0.566941798     -0.408812106    
 -0.258953452     -0.569566131     -0.406500995    
 -0.259416550     -0.572136045     -0.404149622    
 -0.259754509     -0.574650764     -0.401760012    
 -0.259968638     -0.577109158     -0.399334073    
 -0.260059953     -0.579510331     -0.396873742    
 -0.260029167     -0.581853330     -0.394380838    
 -0.259878039     -0.584137261     -0.391857266    
 -0.259607166     -0.586361110     -0.389304757    
 -0.259217292     -0.588523984     -0.386725128    
 -0.258709341     -0.590624809     -0.384120017    
 -0.258084118     -0.592662692     -0.381491184    
 -0.257342160     -0.594636679     -0.378840297    
 -0.256484181     -0.596545696     -0.376168936    
 -0.255510598     -0.598388791     -0.373478711    
 -0.254422009     -0.600164950     -0.370771319    
 -0.253218681     -0.601873159     -0.368048131    
 -0.251900911     -0.603512466     -0.365310639    
 -0.250469089     -0.605081677     -0.362560511    
 -0.248923287     -0.606579781     -0.359799087    
 -0.247263715     -0.608005762     -0.357027858    
 -0.245490417     -0.609358430     -0.354248285    
 -0.243603304     -0.610636771     -0.351461679    
 -0.241602495     -0.611839592     -0.348669499    
 -0.239487633     -0.612965763     -0.345873058    
 -0.237258658     -0.614014208     -0.343073696    
 -0.234915167     -0.614983618     -0.340272695    
 -0.232456848     -0.615872681     -0.337471366    
 -0.229883343     -0.616680443     -0.334670961    
 -0.227193981     -0.617405534     -0.331872702    
 -0.224388346     -0.618046582     -0.329077840    
 -0.221465811     -0.618602157     -0.326287538    
 -0.218425736     -0.619071066     -0.323502988    
 -0.215267256     -0.619451821     -0.320725352    
 -0.211989671     -0.619743049     -0.317955732    
 -0.208591729     -0.619943321     -0.315195262    
 -0.205072761     -0.620051086     -0.312444925    
 -0.201431692     -0.620064795     -0.309705734    
 -0.197667241     -0.619982839     -0.306978673    
 -0.193778381     -0.619803607     -0.304264963    
 -0.189763695     -0.619525433     -0.301565409    
 -0.185621887     -0.619146585     -0.298880905    
 -0.181351528     -0.618665278     -0.296212286    
 -0.176951155     -0.618079722     -0.293560445    
 -0.172419176     -0.617388070     -0.290926069    
 -0.167753890     -0.616588354     -0.288309962    
 -0.162953690     -0.615678608     -0.285712749    
 -0.158016697     -0.614656746     -0.283135056    
 -0.152940884     -0.613520682     -0.280577451    
 -0.147724718     -0.612268269     -0.278040469    
 -0.142365649     -0.610897243     -0.275524497    
 -0.136861846     -0.609405339     -0.273029923    
 -0.131210998     -0.607790112     -0.270556986    
 -0.125410840     -0.606049180     -0.268105865    
 -0.119458981     -0.604179978     -0.265676677    
 -0.113352999     -0.602179945     -0.263269395    
 -0.107090369     -0.600046396     -0.260883868    
 -0.100668445     -0.597776651     -0.258519918    
  -9.40845013E-02 -0.595367789     -0.256177157    
  -8.73357356E-02 -0.592816830     -0.253855050    
  -8.04192349E-02 -0.590120792     -0.251552999    
  -7.33320713E-02 -0.587276638     -0.249270111    
  -6.60710707E-02 -0.584281206     -0.247005463    
  -5.86332344E-02 -0.581131160     -0.244757980    
  -5.10151386E-02 -0.577823102     -0.242526084    
  -4.32134867E-02 -0.574353635     -0.240308285    
  -3.52248177E-02 -0.570719182     -0.238102794    
  -2.70456076E-02 -0.566916049     -0.235907510    
  -1.86721757E-02 -0.562940478     -0.233720154    
  -1.01007801E-02 -0.558788657     -0.231538102    
  -1.32764969E-03 -0.554456651     -0.229358450    
   7.65126571E-03 -0.549940407     -0.227177918    
   1.68399625E-02 -0.545235753     -0.224992931    
   2.62425430E-02 -0.540338576     -0.222799540    
   3.58635262E-02 -0.535244405     -0.220593303    
   4.57071848E-02 -0.529948890     -0.218369439    
   5.57779782E-02 -0.524447560     -0.216122687    
   6.60805628E-02 -0.518735826     -0.213847280    
   7.66196549E-02 -0.512809098     -0.211536899    
   8.74001533E-02 -0.506662667     -0.209184706    
   9.84270126E-02 -0.500291705     -0.206783205    
  0.109705374     -0.493691474     -0.204324290    
  0.121240459     -0.486857146     -0.201799154    
  0.133037671     -0.479783833     -0.199198246    
  0.145102531     -0.472466677     -0.196511239    
  0.157440647     -0.464900851     -0.193726987    
  0.170057744     -0.457081616     -0.190833479    
  0.174542114     -0.451811373     -0.188495576    
