   0.00000000       0.00000000       0.00000000    
   9.12614726E-03   1.68426987E-02   3.49184051E-02
   1.87136084E-02   3.20606828E-02   6.89988583E-02
   2.85952352E-02   4.57121953E-02  0.102250911    
   3.86200175E-02   5.78653254E-02  0.134676546    
   4.86524925E-02   6.85958117E-02  0.166272566    
   5.85720986E-02   7.79850334E-02  0.197032914    
   6.82725981E-02   8.61183330E-02  0.226950034    
   7.76612908E-02   9.30833220E-02  0.256016403    
   8.66583735E-02   9.89685953E-02  0.284225404    
   9.51960459E-02  0.103862524      0.311572164    
  0.103217803      0.107852176      0.338053972    
  0.110677443      0.111022569      0.363670528    
  0.117538296      0.113455877      0.388423979    
  0.123772182      0.115230955      0.412318975    
  0.129358679      0.116422817      0.435362637    
  0.134284139      0.117102467      0.457564205    
  0.138540953      0.117336579      0.478934795    
  0.142126679      0.117187388      0.499487340    
  0.145043477      0.116712779      0.519236088    
  0.147297189      0.115966126      0.538196445    
  0.148896948      0.114996471      0.556384683    
  0.149854481      0.113848656      0.573817849    
  0.150183707      0.112563409      0.590513408    
  0.149900198      0.111177579      0.606488943    
  0.149020866      0.109724224      0.621762395    
  0.147563562      0.108232915      0.636351287    
  0.145543918      0.106728904      0.650270820    
  0.142983764      0.105236359      0.663540959    
  0.139902264      0.103775524      0.676178634    
  0.136318564      0.102363929      0.688200474    
  0.132251665      0.101016574      0.699622691    
  0.127720311       9.97461677E-02  0.710461199    
  0.122742891       9.85632762E-02  0.720731199    
  0.117337272       9.74765047E-02  0.730447412    
  0.111520857       9.64926928E-02  0.739624321    
  0.105310448       9.56170335E-02  0.748275638    
   9.87222642E-02   9.48532373E-02  0.756414831    
   9.17718709E-02   9.42036435E-02  0.764054775    
   8.44741985E-02   9.36693847E-02  0.771207869    
   7.68435374E-02   9.32504833E-02  0.777886271    
   6.88935146E-02   9.29459780E-02  0.784101605    
   6.06371053E-02   9.27539915E-02  0.789865077    
   5.20866737E-02   9.26718563E-02  0.795187771    
   4.32539620E-02   9.26961899E-02  0.800080180    
   3.41501161E-02   9.28229764E-02  0.804552495    
   2.47857030E-02   9.30476412E-02  0.808614850    
   1.51707456E-02   9.33651030E-02  0.812276721    
   5.31474454E-03   9.37698931E-02  0.815547645    
  -4.77330526E-03   9.42561030E-02  0.818437040    
  -1.50848869E-02   9.48175341E-02  0.820953667    
  -2.56119147E-02   9.54477414E-02  0.823106289    
  -3.63467187E-02   9.61399749E-02  0.824903667    
  -4.72820364E-02   9.68873575E-02  0.826354086    
  -5.84109500E-02   9.76828039E-02  0.827466011    
  -6.97268844E-02   9.85191464E-02  0.828247488    
  -8.12235624E-02   9.93890837E-02  0.828706622    
  -9.28950310E-02  0.100285277      0.828851283    
 -0.104735561      0.101200320      0.828689337    
 -0.116739661      0.102126814      0.828228474    
 -0.128902033      0.103057340      0.827476323    
 -0.141217649      0.103984505      0.826440513    
 -0.153681561      0.104900941      0.825128555    
 -0.166289046      0.105799362      0.823547900    
 -0.179035455      0.106672540      0.821705878    
 -0.191916302      0.107513294      0.819610000    
 -0.204927176      0.108314611      0.817267656    
 -0.218063757      0.109069511      0.814686000    
 -0.231321812      0.109771170      0.811872363    
 -0.244697079      0.110412866      0.808834195    
 -0.258185536      0.110988043      0.805578589    
 -0.271782935      0.111490265      0.802112877    
 -0.285485297      0.111913271      0.798444271    
 -0.299288571      0.112250939      0.794580102    
 -0.313188672      0.112497315      0.790527523    
 -0.327181518      0.112646617      0.786293745    
 -0.341263145      0.112693273      0.781886220    
 -0.355429411      0.112631813      0.777311981    
 -0.369676381      0.112457044      0.772578359    
 -0.383999854      0.112163901      0.767692685    
 -0.398395777      0.111747563      0.762661874    
 -0.412860155      0.111203417      0.757493556    
 -0.427388787      0.110527009      0.752194643    
 -0.441977561      0.109714068      0.746772587    
 -0.456622481      0.108760618      0.741234481    
 -0.471319258      0.107662842      0.735587478    
 -0.486063868      0.106417127      0.729838848    
 -0.500852048      0.105020106      0.723995626    
 -0.515679777      0.103468597      0.718065023    
 -0.530542850      0.101759695      0.712054074    
 -0.545437336       9.98906419E-02  0.705969810    
 -0.560358942       9.78589281E-02  0.699819267    
 -0.575303793       9.56622660E-02  0.693609357    
 -0.590267599       9.32985693E-02  0.687347054    
 -0.605246484       9.07659903E-02  0.681039095    
 -0.620236516       8.80628526E-02  0.674692333    
 -0.635233879       8.51877704E-02  0.668313384    
 -0.650234461       8.21395069E-02  0.661909044    
 -0.665234625       7.89170191E-02  0.655485749    
 -0.680230677       7.55195469E-02  0.649049878    
 -0.695218921       7.19464645E-02  0.642608047    
 -0.710195780       6.81973845E-02  0.636166334    
 -0.725157797       6.42721057E-02  0.629731059    
 -0.740101635       6.01706393E-02  0.623308241    
 -0.755023777       5.58931492E-02  0.616903901    
 -0.769921422       5.14399894E-02  0.610523820    
 -0.784791231       4.68117483E-02  0.604173839    
 -0.799630284       4.20091338E-02  0.597859621    
 -0.814435720       3.70330364E-02  0.591586590    
 -0.829204977       3.18845585E-02  0.585360229    
 -0.843935311       2.65649054E-02  0.579185843    
 -0.858624339       2.10754834E-02  0.573068380    
 -0.873269737       1.54178441E-02  0.567013264    
 -0.887869239       9.59367864E-03  0.561025143    
 -0.902420878       3.60483723E-03  0.555108786    
 -0.916922808      -2.54670065E-03  0.549268961    
 -0.931373179      -8.85884091E-03  0.543510258    
 -0.945770383      -1.53293209E-02  0.537837029    
 -0.960112870      -2.19557639E-02  0.532253623    
 -0.974399567      -2.87357476E-02  0.526764274    
 -0.988629043      -3.56666520E-02  0.521372974    
  -1.00280035      -4.27457616E-02  0.516083777    
  -1.01691258      -4.99702916E-02  0.510900557    
  -1.03096509      -5.73372990E-02  0.505827069    
  -1.04495728      -6.48438036E-02  0.500866950    
  -1.05888844      -7.24867284E-02  0.496023864    
  -1.07275867      -8.02629068E-02  0.491301209    
  -1.08656740      -8.81690234E-02  0.486702383    
  -1.10031497      -9.62017849E-02  0.482230812    
  -1.11400127     -0.104357824      0.477889597    
  -1.12762654     -0.112633586      0.473682016    
  -1.14119124     -0.121025525      0.469611108    
  -1.15469587     -0.129530057      0.465679973    
  -1.16814089     -0.138143525      0.461891532    
  -1.18152738     -0.146862209      0.458248824    
  -1.19485593     -0.155682266      0.454754710    
  -1.20812762     -0.164599895      0.451412052    
  -1.22134352     -0.173611194      0.448223680    
  -1.23450518     -0.182712257      0.445192486    
  -1.24761355     -0.191899091      0.442321062    
  -1.26067030     -0.201167613      0.439612389    
  -1.27367687     -0.210513741      0.437069178    
  -1.28663516     -0.219933391      0.434694141    
  -1.29954660     -0.229422420      0.432490110    
  -1.31241322     -0.238976568      0.430459797    
  -1.32523704     -0.248591587      0.428606063    
  -1.33801997     -0.258263260      0.426931620    
  -1.35076416     -0.267987132      0.425439388    
  -1.36347187     -0.277758956      0.424132317    
  -1.37614536     -0.287574261      0.423013121    
  -1.38878715     -0.297428608      0.422084868    
  -1.40139937     -0.307317466      0.421350449    
  -1.41398489     -0.317236334      0.420812935    
  -1.42654598     -0.327180564      0.420475453    
  -1.43908560     -0.337145686      0.420341104    
  -1.45160604     -0.347126842      0.420412958    
  -1.46411026     -0.357119441      0.420694381    
  -1.47660124     -0.367118657      0.421188653    
  -1.48908138     -0.377119750      0.421899140    
  -1.50155389     -0.387117773      0.422829270    
  -1.51402140     -0.397107840      0.423982322    
  -1.52648687     -0.407085031      0.425362170    
  -1.53895330     -0.417044252      0.426972240    
  -1.55142343     -0.426980525      0.428816199    
  -1.56390023     -0.436888635      0.430897802    
  -1.57638645     -0.446763486      0.433220714    
  -1.58888531     -0.456599742      0.435788959    
  -1.60139918     -0.466392130      0.438606232    
  -1.61393106     -0.476135373      0.441676438    
  -1.62648356     -0.485823900      0.445003539    
  -1.63905919     -0.495452344      0.448591530    
  -1.65166056     -0.505015135      0.452444285    
  -1.66428995     -0.514506638      0.456565827    
  -1.67694962     -0.523921251      0.460959971    
  -1.68964159     -0.533253312      0.465630770    
  -1.70236778     -0.542496979      0.470582038    
  -1.71512985     -0.551646471      0.475817531    
  -1.72792935     -0.560695887      0.481341004    
  -1.74076712     -0.569639325      0.487156153    
  -1.75364470     -0.578470826      0.493266523    
  -1.76656234     -0.587184668      0.499675453    
  -1.77952027     -0.595774651      0.506386042    
  -1.79251826     -0.604234815      0.513401449    
  -1.80555594     -0.612559080      0.520724297    
  -1.81863236     -0.620741546      0.528357387    
  -1.83174586     -0.628776193      0.536302626    
  -1.84489441     -0.636657119      0.544562399    
  -1.85807538     -0.644378603      0.553137958    
  -1.87128603     -0.651934564      0.562030792    
  -1.88452184     -0.659319341      0.571241498    
  -1.89777887     -0.666527450      0.580770731    
  -1.91105139     -0.673553467      0.590618372    
  -1.92433369     -0.680391967      0.600783765    
  -1.93761885     -0.687037945      0.611265957    
  -1.95089948     -0.693486691      0.622063279    
  -1.96416640     -0.699733257      0.633173525    
  -1.97741067     -0.705773652      0.644593894    
  -1.99062204     -0.711603940      0.656321049    
  -2.00378895     -0.717220366      0.668350816    
  -2.01689887     -0.722620010      0.680678546    
  -2.02993917     -0.727800250      0.693298995    
