   10.4257879    
   1.21155846    
  0.383893758    
  0.157630235    
  0.117515124    
   8.76580775E-02
   6.56246617E-02
   4.69252653E-02
   3.26304063E-02
   2.23878212E-02
   1.52594261E-02
   1.05997836E-02
   7.05108978E-03
   4.84906323E-03
   3.56555497E-03
   2.60355952E-03
   1.49278669E-03
   1.09689531E-03
   1.09551009E-03
   1.09428563E-03
   1.09308888E-03
   1.09182356E-03
   1.09059399E-03
   1.08940527E-03
   1.08821539E-03
   1.08702446E-03
   1.08584354E-03
   1.08463748E-03
   1.08345004E-03
   1.08227693E-03
   1.08110032E-03
   1.07993081E-03
   1.07876514E-03
   1.07760215E-03
   1.07644161E-03
   1.07528421E-03
   1.07412855E-03
   1.07297546E-03
   1.07182469E-03
   1.07067369E-03
   1.06952805E-03
   1.06838322E-03
   1.06724235E-03
   1.06610404E-03
   1.06496736E-03
   1.06383092E-03
   1.06269971E-03
   1.06157095E-03
   1.06044463E-03
   1.05931936E-03
   1.05819781E-03
   1.05707860E-03
   1.05596182E-03
   1.05484668E-03
   1.05373375E-03
   1.05262396E-03
   1.05151650E-03
   1.05041079E-03
   1.04930589E-03
   1.04820542E-03
   1.04710646E-03
   1.04601064E-03
   1.04491704E-03
   1.04382564E-03
   1.04273681E-03
   1.04165007E-03
   1.04056555E-03
   1.03948335E-03
   1.03840476E-03
   1.03732781E-03
   1.03625236E-03
   1.03517913E-03
   1.03410811E-03
   1.03303930E-03
   1.03197270E-03
   1.03090820E-03
   1.02984591E-03
   1.02878525E-03
   1.02772750E-03
   1.02667173E-03
   1.02561817E-03
   1.02456694E-03
   1.02351769E-03
   1.02247135E-03
   1.02142571E-03
   1.02038356E-03
   1.01934222E-03
   1.01830380E-03
   1.01726735E-03
   1.01623312E-03
   1.01520098E-03
   1.01417082E-03
   1.01314287E-03
   1.01211690E-03
   1.01109315E-03
   1.01007137E-03
   1.00905157E-03
   1.00803399E-03
   1.00701838E-03
   1.00600487E-03
   1.00499333E-03
   1.00398378E-03
   1.00297621E-03
   1.00197084E-03
   1.00096734E-03
   9.99965938E-04
   9.98965814E-04
   9.97968367E-04
   9.96972900E-04
   9.95980110E-04
   9.94988717E-04
   9.93999187E-04
   9.93010239E-04
   9.92024667E-04
   9.91041074E-04
   9.90059343E-04
   9.89079592E-04
   9.88101820E-04
   9.87126608E-04
   9.86153376E-04
   9.85181308E-04
   9.84211219E-04
   9.83242411E-04
   9.82276164E-04
   9.81311779E-04
   9.80349258E-04
   9.79388715E-04
   9.78430617E-04
   9.77473799E-04
   9.76518844E-04
   9.75565752E-04
   9.74614522E-04
   9.73665155E-04
   9.72717651E-04
   9.71771893E-04
   9.70827357E-04
   9.69883986E-04
   9.68943816E-04
   9.68005392E-04
   9.67069471E-04
   9.66135412E-04
   9.65203042E-04
   9.64272534E-04
   9.63343191E-04
   9.62415652E-04
   9.61489859E-04
   9.60565871E-04
   9.59643628E-04
   9.58723191E-04
   9.57804499E-04
   9.56887496E-04
   9.55971074E-04
   9.55057621E-04
   9.54145915E-04
   9.53235955E-04
   9.52327682E-04
   9.51420458E-04
   9.50515678E-04
   9.49612644E-04
   9.48711298E-04
   9.47812397E-04
   9.46915126E-04
   9.46018903E-04
   9.45123786E-04
   9.44230938E-04
   9.43339779E-04
   9.42450308E-04
   9.41562525E-04
   9.40676429E-04
   9.39791847E-04
   9.38909070E-04
   9.38027981E-04
   9.37148463E-04
   9.36270691E-04
   9.35394492E-04
   9.34519921E-04
   9.33647039E-04
   9.32776369E-04
   9.31906747E-04
   9.31038638E-04
   9.30172217E-04
   9.29306843E-04
   9.28443565E-04
   9.27582034E-04
   9.26722016E-04
   9.25863569E-04
   9.25006752E-04
   9.24152089E-04
   9.23298416E-04
   9.22446372E-04
   9.21595201E-04
   9.20746243E-04
   9.19898855E-04
   9.19052982E-04
   9.18208738E-04
   9.17367171E-04
   9.16526595E-04
   9.15686949E-04
   9.14848817E-04
   9.14012257E-04
   9.13177151E-04
   9.12343618E-04
   9.11511597E-04
   9.10679868E-04
   9.09851515E-04
   9.09024035E-04
   9.08198708E-04
   9.07374255E-04
   9.06551315E-04
   9.05729830E-04
   9.04909859E-04
   9.04091343E-04
   9.03274340E-04
   9.02458734E-04
   9.01644642E-04
   9.00831481E-04
   9.00020299E-04
   8.99210572E-04
   8.98402417E-04
   8.97595601E-04
   8.96790356E-04
   8.95986450E-04
   8.95184057E-04
   8.94383644E-04
   8.93584103E-04
   8.92785960E-04
   8.91989213E-04
   8.91193980E-04
   8.90400144E-04
   8.89607647E-04
   8.88816547E-04
   8.88026902E-04
   8.87238712E-04
   8.86451802E-04
   8.85665650E-04
   8.84881651E-04
   8.84099049E-04
   8.83317785E-04
   8.82537337E-04
   8.81758169E-04
   8.80981039E-04
   8.80205247E-04
   8.79429688E-04
   8.78656632E-04
   8.77884915E-04
   8.77114595E-04
   8.76346196E-04
   8.75578553E-04
   8.74812249E-04
   8.74047342E-04
   8.73283658E-04
   8.72521370E-04
   8.71759839E-04
   8.71000229E-04
   8.70241900E-04
   8.69484909E-04
   8.68729199E-04
   8.67975410E-04
   8.67222319E-04
   8.66470567E-04
   8.65720096E-04
   8.64971546E-04
   8.64223693E-04
   8.63477180E-04
   8.62731948E-04
   8.61987413E-04
   8.61244684E-04
   8.60503293E-04
   8.59763066E-04
   8.59024236E-04
   8.58286570E-04
   8.57550302E-04
   8.56815255E-04
   8.56081373E-04
   8.55348830E-04
   8.54617567E-04
   8.53887468E-04
   8.53158650E-04
   8.52431054E-04
   8.51704739E-04
   8.50980869E-04
   8.50256998E-04
   8.49534350E-04
   8.48812924E-04
   8.48092779E-04
   8.47373798E-04
   8.46656039E-04
   8.45939445E-04
   8.45224131E-04
   8.44510039E-04
   8.43797636E-04
   8.43085407E-04
   8.42374924E-04
   8.41665606E-04
   8.40957509E-04
   1.11764844E-03
   1.11889828E-03
   8.38839740E-04
   8.38136417E-04
   8.37434200E-04
   8.36733147E-04
   8.36033374E-04
   8.35334766E-04
   8.34637205E-04
   8.33940925E-04
   8.33245227E-04
   8.32551217E-04
   8.31858371E-04
   8.31166690E-04
   8.30476114E-04
   8.29786703E-04
   8.29098455E-04
   8.28411372E-04
   8.27725395E-04
   8.27040523E-04
   8.26356816E-04
   8.25674215E-04
   8.24992778E-04
   8.24312447E-04
   8.23633221E-04
   8.22955102E-04
   8.22279253E-04
   8.21603404E-04
   8.20928661E-04
   8.20255023E-04
   8.19582492E-04
   2.03771587E-03
   8.18239583E-04
   8.17570370E-04
   8.16902262E-04
   8.16234620E-04
   8.15569132E-04
   8.14904866E-04
   8.14240484E-04
   8.13577790E-04
   8.12916725E-04
   8.12256185E-04
   8.11596692E-04
   8.10938189E-04
   8.10280850E-04
   8.09624558E-04
   8.08969315E-04
   8.08315119E-04
   8.07661971E-04
   8.07009928E-04
   8.06358352E-04
   8.05708405E-04
   8.05059506E-04
   8.04412179E-04
   8.03765433E-04
   8.03119561E-04
   8.02474853E-04
   8.01831135E-04
   8.01188464E-04
   8.00547365E-04
   7.99906789E-04
   7.99267204E-04
   7.98628607E-04
   7.97991117E-04
   7.97354558E-04
   7.96719047E-04
   7.96084525E-04
   7.95450993E-04
   7.94818508E-04
   7.94187014E-04
   7.93556508E-04
   7.92927574E-04
   7.92299106E-04
   7.91671628E-04
   7.91045139E-04
   7.90419639E-04
   7.89795071E-04
   7.89171609E-04
   7.88549019E-04
   7.87927478E-04
   7.87306868E-04
   7.86687247E-04
   7.86068616E-04
   7.85450917E-04
   7.84834207E-04
   7.84218486E-04
   7.83603755E-04
   7.82989955E-04
   7.82377145E-04
   7.81765208E-04
   7.81154318E-04
   7.80544360E-04
   7.79935392E-04
   1.23985216E-03
   1.24139036E-03
   8.26330448E-04
   8.25647905E-04
   7.76903471E-04
   7.76300149E-04
   7.75697757E-04
   7.75096240E-04
   7.74495769E-04
   7.73896172E-04
   7.73297448E-04
   7.72699714E-04
   7.72102852E-04
   7.71506864E-04
   7.70911283E-04
   7.70317216E-04
   7.69724022E-04
   7.69131701E-04
   7.68540369E-04
   7.67949910E-04
   7.67360383E-04
   7.66771729E-04
   7.66184065E-04
   7.65597215E-04
   7.65011238E-04
   7.64426251E-04
   7.63842720E-04
   7.63259479E-04
   7.62677111E-04
   7.62095675E-04
   7.61515112E-04
   7.60935422E-04
   7.60355557E-04
   7.59777613E-04
   7.59200542E-04
   7.58624403E-04
   7.58049136E-04
   7.57475151E-04
   7.56901572E-04
   7.56328925E-04
   7.55757676E-04
   7.55186717E-04
   7.54616631E-04
   7.54046836E-04
   7.53478496E-04
   7.52910972E-04
   7.52344320E-04
   7.51778483E-04
   7.51213578E-04
   7.50649429E-04
   7.50085688E-04
   7.49523286E-04
   7.48962688E-04
   7.48401915E-04
   7.47842074E-04
   7.47283048E-04
   7.46724778E-04
   7.46167381E-04
   7.45610858E-04
   7.45055149E-04
   7.44500256E-04
   7.43946177E-04
   7.43392913E-04
   7.42840522E-04
   7.42288888E-04
   7.41738069E-04
   7.41188065E-04
   7.40638876E-04
   7.40090560E-04
   7.39543000E-04
   7.38996256E-04
   7.38450268E-04
   7.37904629E-04
   7.37360853E-04
   7.36817368E-04
   7.36274698E-04
   7.35732785E-04
   7.35191687E-04
   7.34651403E-04
   7.34111352E-04
   7.33572582E-04
   7.33034627E-04
   7.32497487E-04
   7.31961161E-04
   7.31426117E-04
   7.30891305E-04
   7.30356784E-04
   7.29823485E-04
   7.29291060E-04
   7.28759391E-04
   7.28228479E-04
   7.27698382E-04
   7.27169041E-04
   7.26640457E-04
   7.26112630E-04
   7.25585560E-04
   7.25059304E-04
   7.24533747E-04
   7.24009064E-04
   7.23485078E-04
   7.22962839E-04
   7.22440309E-04
   7.21918594E-04
   7.21397693E-04
   7.20877433E-04
   7.20357988E-04
   7.19839241E-04
   7.19321251E-04
   7.18804018E-04
   7.18287542E-04
   7.17771822E-04
   7.17256800E-04
   7.16742536E-04
   7.16228969E-04
   7.15716160E-04
   7.15204107E-04
   7.14692811E-04
   7.14182213E-04
   7.13671849E-04
   7.13162706E-04
   7.12653797E-04
   7.12146109E-04
   7.11639121E-04
   7.11132830E-04
   7.10627297E-04
   7.10122462E-04
   7.09618384E-04
   7.09115004E-04
   7.08612322E-04
   7.08109408E-04
   7.07608182E-04
   7.07107654E-04
   7.06607825E-04
   7.06109218E-04
   7.05610786E-04
   7.05113052E-04
   7.04616017E-04
   7.04119739E-04
   7.03624508E-04
   7.03129568E-04
   7.02635385E-04
   7.02141901E-04
   7.01649114E-04
   7.01156561E-04
   7.00664590E-04
   7.00173841E-04
   6.99683791E-04
   6.99194381E-04
   6.98705204E-04
   6.98217191E-04
   6.97729876E-04
   6.97243726E-04
   6.96757692E-04
   6.96272415E-04
   6.95787778E-04
   6.95303839E-04
   6.94820541E-04
   6.94337941E-04
   6.93855982E-04
   6.93375245E-04
   6.92894566E-04
   6.92414644E-04
   6.91935420E-04
   6.91456778E-04
   6.90978835E-04
   6.90501533E-04
   6.90024870E-04
   6.89548906E-04
   6.89073582E-04
   6.88598899E-04
   6.88124914E-04
   6.87651511E-04
   6.87179272E-04
   6.86707208E-04
   6.86235784E-04
   6.85764651E-04
   6.85294508E-04
   6.84825063E-04
   9.91980778E-04
   9.92965302E-04
   9.93951806E-04
   1.07074389E-03
   8.67696654E-04
   8.68449919E-04
   6.81556645E-04
   6.81092206E-04
   6.80628465E-04
   6.80165424E-04
   6.79702964E-04
   6.79241086E-04
   1.16451643E-03
   1.16587325E-03
   6.77859352E-04
   7.78697489E-04
   7.34792091E-04
   7.34252390E-04
   7.33713445E-04
   1.22934370E-03
   7.46130361E-04
   7.46687234E-04
   7.47244980E-04
   1.07522449E-03
   6.73294300E-04
   6.72841095E-04
   6.72388473E-04
   7.74605956E-04
   7.75206194E-04
   7.75807304E-04
   7.47433282E-04
   6.70135254E-04
   6.69686298E-04
   6.69237983E-04
   6.68790250E-04
   6.68343040E-04
   6.67896529E-04
   6.67450542E-04
   6.67005195E-04
   2.92695430E-03
   2.91839987E-03
   2.90272688E-03
   4.88570938E-03
   1.19494274E-03
   1.19351572E-03
   1.19209208E-03
   2.37034285E-03
   1.40551792E-03
   6.62583392E-04
   6.62144506E-04
   6.61706203E-04
   6.61268481E-04
   6.60831342E-04
   6.60394784E-04
   6.59958867E-04
   6.59523415E-04
   6.59088604E-04
   6.58654317E-04
   6.58220670E-04
   6.57787547E-04
   6.57355064E-04
   6.56923105E-04
   6.56491669E-04
   6.56060816E-04
   6.55630603E-04
   6.55200856E-04
   6.54771691E-04
   6.54343516E-04
   6.53915515E-04
   6.53488096E-04
   6.53061143E-04
   6.52634422E-04
   6.52208633E-04
   6.51783368E-04
   6.51358685E-04
   6.50934933E-04
   6.50511414E-04
   6.50088361E-04
   6.49665948E-04
   6.49244001E-04
   6.48822577E-04
   6.48400863E-04
   6.47980603E-04
   6.47560810E-04
   6.47141598E-04
   6.46723376E-04
   6.46305270E-04
   6.45887689E-04
   6.45470689E-04
   6.45054155E-04
   6.44638145E-04
   6.44222717E-04
   6.43807347E-04
   6.43393025E-04
   6.42979168E-04
   6.42565894E-04
   6.42153143E-04
   6.41740917E-04
   6.41329214E-04
   6.40918093E-04
   6.40507031E-04
   6.40097365E-04
   6.39687758E-04
   6.39278674E-04
   6.38870115E-04
   6.38461206E-04
   6.38054160E-04
   6.37647230E-04
   6.37240708E-04
   6.36834768E-04
   7.43586221E-04
   7.43033481E-04
   7.42481614E-04
   7.41930562E-04
   7.41380325E-04
   7.47927406E-04
   7.40277057E-04
   7.32643181E-04
   7.25025660E-04
   5.16883470E-03
   5.19562094E-03
   4.15892759E-03
   4.14166693E-03
   2.32491666E-03
   2.33032834E-03
   9.96183837E-04
   9.97176743E-04
   6.29616377E-04
   6.29220041E-04
   6.28824229E-04
   6.28428941E-04
   6.28034177E-04
   6.27639878E-04
   6.27246103E-04
   6.26852794E-04
   6.26459951E-04
   6.26067282E-04
   6.25675020E-04
   6.25283690E-04
   6.24893291E-04
   6.24502893E-04
   6.24113076E-04
   6.23723201E-04
   6.23334316E-04
   6.22945896E-04
   6.22558000E-04
   6.22170512E-04
   6.21783547E-04
   6.21397048E-04
   6.21011015E-04
   6.20625447E-04
   6.20240404E-04
   6.19855826E-04
   6.19471713E-04
   6.19088067E-04
   6.18704944E-04
   6.18322229E-04
   6.17940037E-04
   6.17558311E-04
   6.17176993E-04
   6.16796257E-04
   6.16415928E-04
   6.16036123E-04
   6.15656725E-04
   6.15277386E-04
   6.14898920E-04
   6.14520977E-04
   6.14143501E-04
   6.13766431E-04
   6.13389828E-04
   6.13013690E-04
   6.12638018E-04
   6.12262811E-04
   6.97882846E-04
   6.98369986E-04
   6.11140335E-04
   6.10767398E-04
   6.10394462E-04
   6.10021991E-04
   6.09649986E-04
   8.79592902E-04
   8.80367006E-04
   8.73850833E-04
   8.74614809E-04
   7.87736615E-04
   2.18474935E-03
   2.16548215E-03
   2.16079806E-03
   2.15613400E-03
   3.88490409E-03
   3.81952617E-03
   7.43378536E-04
   1.14998303E-03
   1.14866137E-03
   6.04123867E-04
   6.03758963E-04
   6.03394583E-04
   6.03030610E-04
   6.02667104E-04
   6.02304004E-04
   1.63100078E-03
   8.29552941E-04
   6.01217675E-04
   6.00856321E-04
   6.00495026E-04
   6.00134488E-04
   5.99774416E-04
   5.99414809E-04
   5.99055551E-04
   5.98696817E-04
   5.98338491E-04
   5.97980630E-04
   5.97623119E-04
   5.97266480E-04
   5.96909842E-04
   5.96553669E-04
   5.96197904E-04
   5.95842546E-04
   5.95487596E-04
   5.95132762E-04
   5.94778627E-04
   5.94424957E-04
   5.94071753E-04
   5.93718956E-04
   5.93366567E-04
   5.93014527E-04
   5.92663011E-04
   5.92311902E-04
   5.91961143E-04
   5.91611199E-04
   5.91261254E-04
   5.90911775E-04
   5.90562704E-04
   5.90213982E-04
   5.89865784E-04
   5.89517993E-04
   5.89170551E-04
   5.88823517E-04
   5.88476891E-04
   5.88130672E-04
   5.87784569E-04
   5.87439223E-04
   5.87094226E-04
   5.86749637E-04
   5.86405513E-04
   5.86061738E-04
   5.85718371E-04
   5.85375412E-04
   1.59573462E-03
   8.14340950E-04
   8.13678082E-04
   8.13016261E-04
   8.12355545E-04
   7.82920048E-04
   7.82307354E-04
   7.88878475E-04
   4.71807923E-03
   4.74039232E-03
   3.11592733E-03
   1.68078882E-03
   5.80953551E-04
   5.80616121E-04
   5.80279157E-04
   1.09953759E-03
   1.10074726E-03
   5.79270418E-04
   5.78934967E-04
   5.78599866E-04
   5.78264880E-04
   5.77930536E-04
   5.77596598E-04
   5.77263476E-04
   5.76930353E-04
   5.76597638E-04
   5.76265273E-04
   5.75932907E-04
   5.75601298E-04
   5.75270038E-04
   5.74939244E-04
   5.74608799E-04
   5.74278703E-04
   5.73948608E-04
   5.73619327E-04
   5.73290396E-04
   5.72961464E-04
   5.72633231E-04
   5.72305464E-04
   5.71977987E-04
   5.71650569E-04
   5.71323850E-04
   5.70997538E-04
   5.70671575E-04
   5.70346019E-04
   5.70020755E-04
   5.69695956E-04
   5.69371507E-04
   5.69047406E-04
   5.68723655E-04
   5.68400312E-04
   5.68077317E-04
   5.67754731E-04
   5.67432493E-04
   5.67110605E-04
   5.66789065E-04
   5.66467934E-04
   5.66147093E-04
   5.65826660E-04
   5.65506576E-04
   5.65187249E-04
   5.64867922E-04
   5.64548944E-04
   5.64230664E-04
   5.63912326E-04
   5.63594454E-04
   5.63277630E-04
   5.62960398E-04
   5.62643574E-04
   5.62327099E-04
   5.62010973E-04
   9.11839190E-04
   9.12671036E-04
   9.13504453E-04
   9.14339384E-04
   9.07920883E-04
   9.08745627E-04
   5.59808104E-04
   3.38289887E-03
   1.49954832E-03
   5.58868574E-04
   5.58556290E-04
   5.58244414E-04
   5.57932886E-04
   5.57622057E-04
   5.57311170E-04
   5.57000691E-04
   5.56690560E-04
   5.56380313E-04
   5.56070416E-04
   5.55761275E-04
   5.55452483E-04
   5.55144041E-04
   5.54836006E-04
   5.54528204E-04
   5.54220751E-04
   5.53913706E-04
   9.35710152E-04
   9.34834941E-04
   9.26901819E-04
   8.33275146E-04
   8.33969680E-04
   8.34665436E-04
   5.53495018E-04
   5.53188729E-04
   5.52882790E-04
   5.52577199E-04
   5.52271958E-04
   5.50254364E-04
   1.48379023E-03
   1.48599339E-03
   1.48820330E-03
   1.49041961E-03
   2.37514614E-03
   1.63548079E-03
   5.48143289E-04
   5.47842879E-04
   5.47542819E-04
   5.47243108E-04
   5.46943280E-04
   5.46644209E-04
   5.46345487E-04
   5.46047057E-04
   5.45748975E-04
   5.45451185E-04
   5.45153744E-04
   6.07171736E-04
   5.44560200E-04
   5.44263748E-04
   5.43967588E-04
   5.43671718E-04
   5.43376256E-04
   5.43081085E-04
   5.42786205E-04
   5.42491733E-04
   5.42197493E-04
   5.41903602E-04
   2.11175554E-03
   1.14019203E-03
   1.13889272E-03
   1.13054644E-03
   1.12926890E-03
   1.12096011E-03
   3.28411954E-03
   2.02352111E-03
   2.02762010E-03
   2.02461286E-03
   1.73618074E-03
   4.16359538E-03
   4.14629607E-03
   4.12913971E-03
   5.56378439E-03
   2.01099343E-03
   5.36957174E-04
   7.37278140E-04
   7.36734713E-04
   5.36093372E-04
   5.35805651E-04
   5.35518629E-04
   5.35231957E-04
   5.34945575E-04
   8.00975715E-04
   8.00334383E-04
   5.34088584E-04
   5.33803366E-04
   5.33518556E-04
   5.33233979E-04
   5.32949693E-04
   5.32665348E-04
   5.32381702E-04
   5.32098347E-04
   5.31814934E-04
   5.31532220E-04
   5.31249796E-04
   5.30967605E-04
   5.30685764E-04
   5.30404213E-04
   5.30123012E-04
   5.29842044E-04
   5.29561657E-04
   5.29281329E-04
   5.29001234E-04
   5.28721139E-04
   5.28441684E-04
   5.28162462E-04
   5.27883589E-04
   5.27605007E-04
   5.27326716E-04
   5.27048367E-04
   5.26770658E-04
   5.26493241E-04
   5.26215765E-04
   5.25938929E-04
   5.25662384E-04
   5.25386131E-04
   5.25110168E-04
   5.24834439E-04
   5.24559058E-04
   5.24283969E-04
   5.24009170E-04
   5.23734663E-04
   5.23460389E-04
   5.23186463E-04
   5.22912829E-04
   5.22639486E-04
   2.27322639E-03
   2.26806477E-03
   9.45934560E-04
   9.46829794E-04
   9.33549774E-04
   9.34421783E-04
   9.35295306E-04
   9.36170458E-04
   5.20192320E-04
   2.68246303E-03
   2.66043073E-03
   2.66751810E-03
   4.58404794E-03
   1.13923987E-03
   1.14053837E-03
   9.99699463E-04
   6.01995736E-04
   6.02358254E-04
   1.66492886E-03
   7.22849567E-04
   5.16964821E-04
   5.16697648E-04
   5.16430708E-04
   5.16164058E-04
   5.15897700E-04
   7.85117561E-04
   7.85734213E-04
   7.71771767E-04
   8.00996146E-04
   5.50757104E-04
   5.14305604E-04
   5.14041167E-04
   5.13777020E-04
   5.13513107E-04
   5.13249484E-04
   5.12986095E-04
   5.12722996E-04
   5.53339371E-04
   5.53033256E-04
   5.11934399E-04
   5.11672348E-04
   5.11410646E-04
   5.11149119E-04
   5.10887883E-04
   5.10626938E-04
   1.09822513E-03
   1.09701976E-03
   1.08876301E-03
   6.12074393E-04
   6.11699885E-04
   6.07469818E-04
   6.07100839E-04
   5.71872632E-04
   1.23669254E-03
   1.23822293E-03
   8.84470006E-04
   1.12304429E-03
   1.01109827E-03
   1.01212109E-03
   1.01314601E-03
   1.01026683E-03
   9.76044452E-04
   9.76997544E-04
   3.08946590E-03
   3.07993568E-03
   2.15968047E-03
   9.42420855E-04
   5.04698721E-04
   1.06258376E-03
   1.06371345E-03
   1.06484548E-03
   1.06597994E-03
   1.06711686E-03
   5.03174611E-04
   5.02921466E-04
   5.02668612E-04
   5.02415991E-04
   6.86124549E-04
   6.85653940E-04
   6.85183972E-04
   5.01407369E-04
   5.01156028E-04
   5.00904920E-04
   5.00654103E-04
   5.00403519E-04
   7.24930433E-04
   8.38777982E-04
   8.39481829E-04
   4.99403977E-04
