   0.00000000       0.00000000       0.00000000       1.00000000    
   1.74086057E-02   8.62214714E-03   4.37928271E-03  0.999801815    
   3.42944935E-02   1.68237668E-02   8.67305137E-03  0.999232769    
   5.06634340E-02   2.46196426E-02   1.28691001E-02  0.998329580    
   6.65217936E-02   3.20252366E-02   1.69578046E-02  0.997126937    
   8.18766803E-02   3.90558094E-02   2.09303256E-02  0.995657086    
   9.67354029E-02   4.57266010E-02   2.47799642E-02  0.993950427    
  0.111105695       5.20534217E-02   2.85008755E-02  0.992035151    
  0.124996156       5.80509044E-02   3.20887566E-02  0.989937782    
  0.138415471       6.37348369E-02   3.55407633E-02  0.987682402    
  0.151371956       6.91188127E-02   3.88545170E-02  0.985291958    
  0.163875386       7.42183030E-02   4.20291126E-02  0.982787311    
  0.175934270       7.90457428E-02   4.50637564E-02  0.980187416    
  0.187558442       8.36149752E-02   4.79591638E-02  0.977512062    
  0.198757261       8.79387781E-02   5.07160164E-02  0.974776804    
  0.209540322       9.20300707E-02   5.33356704E-02  0.971997142    
  0.219916448       9.58997160E-02   5.58202714E-02  0.969187379    
  0.229895890       9.95589122E-02   5.81720546E-02  0.966360033    
  0.239487678      0.103018858       6.03936352E-02  0.963527560    
  0.248701110      0.106289946       6.24878258E-02  0.960700393    
  0.257546008      0.109381087       6.44577071E-02  0.957888663    
  0.266030699      0.112302504       6.63067922E-02  0.955101609    
  0.274164587      0.115061902       6.80385157E-02  0.952347100    
  0.281956941      0.117667526       6.96561858E-02  0.949632823    
  0.289416134      0.120127559       7.11635500E-02  0.946964920    
  0.296550870      0.122449033       7.25644007E-02  0.944350302    
  0.303369671      0.124639869       7.38620460E-02  0.941793859    
  0.309880763      0.126705006       7.50604868E-02  0.939300478    
  0.316092372      0.128651604       7.61633515E-02  0.936874211    
  0.322011828      0.130485475       7.71742463E-02  0.934519053    
  0.327647865      0.132211283       7.80968368E-02  0.932237685    
  0.333007276      0.133834407       7.89344013E-02  0.930033684    
  0.338098019      0.135360047       7.96904117E-02  0.927909851    
  0.342927039      0.136792183       8.03685188E-02  0.925867438    
  0.347501248      0.138134971       8.09716582E-02  0.923907816    
  0.351827502      0.139392793       8.15034956E-02  0.922030509    
  0.355912477      0.140569463       8.19666013E-02  0.920243144    
  0.359762549      0.141667426       8.23643655E-02  0.918543518    
  0.363383770      0.142690346       8.26995894E-02  0.916920722    
  0.366783082      0.143641651       8.29750821E-02  0.915394306    
  0.369965404      0.144524217       8.31937045E-02  0.913958788    
  0.372937411      0.145340383       8.33578780E-02  0.912602603    
  0.375703722      0.146092519       8.34703296E-02  0.911337554    
  0.378270388      0.146783218       8.35333467E-02  0.910159409    
  0.380642563      0.147414491       8.35495293E-02  0.909067631    
  0.382825166      0.147988334       8.35208371E-02  0.908057213    
  0.384823561      0.148507282       8.34496245E-02  0.907134116    
  0.386642009      0.148972407       8.33378211E-02  0.906294644    
  0.388285518      0.149385586       8.31876025E-02  0.905537546    
  0.389758736      0.149748683       8.30007568E-02  0.904861987    
  0.391065598      0.150062710       8.27790871E-02  0.904266238    
  0.392210662      0.150329679       8.25243816E-02  0.903749168    
  0.393197984      0.150550202       8.22382495E-02  0.903309524    
  0.394031703      0.150726169       8.19224566E-02  0.902946055    
  0.394715428      0.150858238       8.15783665E-02  0.902656138    
  0.395253152      0.150947869       8.12074766E-02  0.902439415    
  0.395648420      0.150995925       8.08112249E-02  0.902294636    
  0.395904779      0.151003391       8.03906992E-02  0.902218699    
  0.396025985      0.150971472       7.99474344E-02  0.902210414    
  0.396014899      0.150900885       7.94826224E-02  0.902265012    
  0.395875156      0.150792256       7.89973959E-02  0.902388096    
  0.395609707      0.150646836       7.84927607E-02  0.902574420    
  0.395221770      0.150464892       7.79698417E-02  0.902820587    
  0.394714266      0.150247514       7.74296895E-02  0.903123736    
  0.394090086      0.149995327       7.68731534E-02  0.903485537    
  0.393352121      0.149708837       7.63012394E-02  0.903903782    
  0.392503113      0.149388775       7.57148117E-02  0.904374599    
  0.391545653      0.149035811       7.51148909E-02  0.904894829    
  0.390482485      0.148650557       7.45017976E-02  0.905469298    
  0.389316022      0.148233563       7.38765895E-02  0.906091273    
  0.388048917      0.147785410       7.32401013E-02  0.906760216    
  0.386683375      0.147306517       7.25927800E-02  0.907468975    
  0.385222018      0.146797553       7.19354004E-02  0.908223808    
  0.383667022      0.146258950       7.12687001E-02  0.909022450    
  0.382020563      0.145691141       7.05931485E-02  0.909858942    
  0.380284965      0.145094693       6.99092373E-02  0.910734832    
  0.378462344      0.144470036       6.92175925E-02  0.911645651    
  0.376554787      0.143817618       6.85187206E-02  0.912590504    
  0.374564350      0.143137917       6.78131282E-02  0.913569212    
  0.372493118      0.142431319       6.71014264E-02  0.914580166    
  0.370343029      0.141698346       6.63837567E-02  0.915619075    
  0.368116021      0.140939429       6.56609312E-02  0.916687548    
  0.365814060      0.140154794       6.49332851E-02  0.917779684    
  0.363438874      0.139345154       6.42009079E-02  0.918896377    
  0.360992491      0.138510749       6.34646043E-02  0.920038164    
  0.358476579      0.137652099       6.27243817E-02  0.921199799    
  0.355892897      0.136769384       6.19809628E-02  0.922383368    
  0.353243262      0.135863259       6.12342395E-02  0.923585415    
  0.350529402      0.134934008       6.04848973E-02  0.924803913    
  0.347752929      0.133982077       5.97331189E-02  0.926038682    
  0.344915628      0.133007824       5.89791983E-02  0.927288473    
  0.342019022      0.132011607       5.82234189E-02  0.928550243    
  0.339064866      0.130993888       5.74661419E-02  0.929823935    
  0.336054593      0.129955143       5.67074381E-02  0.931108594    
  0.332989901      0.128895566       5.59476987E-02  0.932401836    
  0.329872280      0.127815738       5.51871993E-02  0.933703065    
  0.326703399      0.126716077       5.44260330E-02  0.935010791    
  0.323484659      0.125596762       5.36646955E-02  0.936323881    
  0.320217639      0.124458469       5.29030859E-02  0.937641025    
  0.316903800      0.123301335       5.21416962E-02  0.938962221    
  0.313544720      0.122126020       5.13805561E-02  0.940284431    
  0.310141742      0.120932698       5.06198965E-02  0.941607773    
  0.306696415      0.119721897       4.98599485E-02  0.942930222    
  0.303210080      0.118493982       4.91008982E-02  0.944252908    
  0.299684346      0.117249422       4.83428724E-02  0.945570052    
  0.296120346      0.115988404       4.75859940E-02  0.946886718    
  0.292519897      0.114711553       4.68305461E-02  0.948198259    
  0.288884103      0.113419369       4.60767075E-02  0.949500978    
  0.285214454      0.112111829       4.53244448E-02  0.950801551    
  0.281512469      0.110789739       4.45741825E-02  0.952093959    
  0.277779490      0.109453276       4.38258313E-02  0.953379273    
  0.274016798      0.108103223       4.30797264E-02  0.954655528    
  0.270225644      0.106739648       4.23359461E-02  0.955925465    
  0.266407758      0.105363108       4.15945165E-02  0.957179487    
  0.262564242      0.103974134       4.08558175E-02  0.958426714    
  0.258696705      0.102573082       4.01197709E-02  0.959658682    
  0.254806191      0.101160377       3.93865630E-02  0.960882664    
  0.250894129       9.97364819E-02   3.86563726E-02  0.962086976    
  0.246962219       9.83017609E-02   3.79292108E-02  0.963280797    
  0.243011549       9.68567878E-02   3.72053646E-02  0.964458704    
  0.239043519       9.54017788E-02   3.64848301E-02  0.965624630    
  0.235059440       9.39373523E-02   3.57677527E-02  0.966770828    
  0.231060818       9.24639702E-02   3.50542963E-02  0.967902064    
  0.227048993       9.09819677E-02   3.43445055E-02  0.969015896    
  0.223025262       8.94920453E-02   3.36384550E-02  0.970112741    
  0.218991101       8.79944712E-02   3.29363532E-02  0.971193075    
  0.214947671       8.64898488E-02   3.22383605E-02  0.972254157    
  0.210896462       8.49785507E-02   3.15444320E-02  0.973297060    
  0.206838846       8.34610537E-02   3.08547411E-02  0.974320650    
  0.202776343       8.19381475E-02   3.01694144E-02  0.975324988    
  0.198710024       8.04097652E-02   2.94886027E-02  0.976309240    
  0.194641560       7.88769349E-02   2.88122799E-02  0.977273524    
  0.190572202       7.73398727E-02   2.81406865E-02  0.978217483    
  0.186503395       7.57993162E-02   2.74738204E-02  0.979140639    
  0.182436571       7.42553845E-02   2.68118232E-02  0.980043173    
  0.178373143       7.27089345E-02   2.61549111E-02  0.980924368    
  0.174314395       7.11603984E-02   2.55029965E-02  0.981784403    
  0.170261919       6.96103424E-02   2.48562489E-02  0.982622862    
  0.166217089       6.80591464E-02   2.42148694E-02  0.983439744    
  0.162181243       6.65077418E-02   2.35788319E-02  0.984234929    
  0.158156008       6.49562925E-02   2.29482707E-02  0.985008180    
  0.154142708       6.34055361E-02   2.23233514E-02  0.985759377    
  0.150142863       6.18560128E-02   2.17041057E-02  0.986488640    
  0.146157980       6.03082329E-02   2.10906379E-02  0.987195969    
  0.142189488       5.87628856E-02   2.04830896E-02  0.987881243    
  0.138238892       5.72205111E-02   1.98814757E-02  0.988544703    
  0.134307787       5.56817576E-02   1.92859527E-02  0.989186168    
  0.130397484       5.41471951E-02   1.86966229E-02  0.989805579    
  0.126509741       5.26174642E-02   1.81135815E-02  0.990403235    
  0.122646041       5.10932356E-02   1.75369810E-02  0.990979314    
  0.118807882       4.95751351E-02   1.69668812E-02  0.991533697    
  0.114996850       4.80637141E-02   1.64033994E-02  0.992066741    
  0.111214601       4.65598032E-02   1.58465821E-02  0.992578506    
  0.107462704       4.50639464E-02   1.52966054E-02  0.993069410    
  0.103742726       4.35768329E-02   1.47535522E-02  0.993539393    
  0.100056343       4.20992225E-02   1.42174996E-02  0.993988931    
   9.64052677E-02   4.06318009E-02   1.36885960E-02  0.994418204    
   9.27910954E-02   3.91752571E-02   1.31670106E-02  0.994827390    
   8.92155021E-02   3.77303287E-02   1.26527259E-02  0.995216906    
   8.56802166E-02   3.62978280E-02   1.21459095E-02  0.995586991    
   8.21870267E-02   3.48784551E-02   1.16467476E-02  0.995938063    
   7.87375867E-02   3.34730223E-02   1.11552421E-02  0.996270537    
   7.53336996E-02   3.20823416E-02   1.06716016E-02  0.996584833    
   7.19770938E-02   3.07071563E-02   1.01959212E-02  0.996881127    
   6.86696395E-02   2.93482803E-02   9.72829293E-03  0.997160137    
   6.54131919E-02   2.80066207E-02   9.26894415E-03  0.997422099    
   6.22095279E-02   2.66829729E-02   8.81789718E-03  0.997667372    
   5.90605661E-02   2.53782477E-02   8.37532990E-03  0.997896552    
   5.59682287E-02   2.40933429E-02   7.94144906E-03  0.998110235    
   5.29343970E-02   2.28291452E-02   7.51632825E-03  0.998308539    
   4.99610715E-02   2.15865709E-02   7.10015791E-03  0.998492658    
   4.70502414E-02   2.03666333E-02   6.69307355E-03  0.998662651    
   4.42038924E-02   1.91702545E-02   6.29526842E-03  0.998818934    
   4.14240733E-02   1.79984123E-02   5.90688549E-03  0.998962164    
   3.87128554E-02   1.68521497E-02   5.52816177E-03  0.999093056    
   3.60723995E-02   1.57325026E-02   5.15923742E-03  0.999212146    
   3.35047878E-02   1.46405371E-02   4.80032898E-03  0.999319792    
   3.10121812E-02   1.35773169E-02   4.45167301E-03  0.999417007    
   2.85968445E-02   1.25439670E-02   4.11344692E-03  0.999503851    
   2.62609776E-02   1.15416404E-02   3.78591870E-03  0.999581277    
   2.40068566E-02   1.05714705E-02   3.46931303E-03  0.999649942    
   2.18368750E-02   9.63468477E-03   3.16395285E-03  0.999710262    
   1.97533127E-02   8.73248652E-03   2.87003419E-03  0.999762774    
   1.77586023E-02   7.86612649E-03   2.58791796E-03  0.999808073    
   1.58551764E-02   7.03689409E-03   2.31787469E-03  0.999846935    
   1.40455449E-02   6.24611275E-03   2.06027529E-03  0.999879837    
   1.23322280E-02   5.49511006E-03   1.81542546E-03  0.999907255    
   1.07178157E-02   4.78527928E-03   1.58376317E-03  0.999929965    
   9.20493342E-03   4.11804020E-03   1.36565510E-03  0.999948263    
   7.79626379E-03   3.49483266E-03   1.16154912E-03  0.999962926    
   6.49452489E-03   2.91715469E-03   9.71916947E-04  0.999974191    
   5.30252513E-03   2.38653063E-03   7.97241810E-04  0.999982834    
   4.22308361E-03   1.90452195E-03   6.38067082E-04  0.999989092    
   3.25909839E-03   1.47274183E-03   4.94928448E-04  0.999993503    
   2.41353223E-03   1.09282567E-03   3.68474779E-04  0.999996483    
   1.68938853E-03   7.66464276E-04   2.59374443E-04  0.999998331    
   1.08975102E-03   4.95387241E-04   1.68270955E-04  0.999998987    
   6.17754587E-04   2.81364162E-04   9.59462559E-05  0.999999762    
   2.76605861E-04   1.26211540E-04   4.32136148E-05   1.00000000    
   6.95737108E-05   3.17895938E-05   1.09167158E-05  0.999999642    
   0.00000000       0.00000000       0.00000000       1.00000000    
