   1.00000000    
   1.00000024    
   1.00000048    
   1.00000048    
   1.00000048    
   1.00000024    
   1.00000012    
   1.00000000    
   1.00000048    
   1.00000060    
   1.00000072    
   1.00000083    
  0.999999225    
  0.999999523    
  0.999999642    
  0.999999821    
   1.00000012    
  0.999999821    
   1.00000000    
  0.999999762    
  0.999999642    
  0.999999881    
  0.999999702    
  0.999999821    
  0.999999166    
  0.999999285    
  0.999999523    
  0.999999762    
  0.999999762    
  0.999999821    
  0.999999166    
  0.999998748    
  0.999999881    
   1.00000060    
   1.00000048    
  0.999996066    
  0.999999404    
   1.00000477    
  0.999991119    
  0.999994338    
   1.00000346    
  0.999998152    
  0.999999762    
   1.00000179    
   1.00000429    
  0.999999285    
  0.999999762    
   1.00000000    
   1.00000012    
   1.00000095    
   1.00000095    
   1.00000107    
   1.00000119    
   1.00000215    
   1.00000167    
   1.00000191    
   1.00000346    
   1.00000381    
   1.00000417    
  0.999998510    
   1.00000036    
   1.00000322    
   1.00000417    
   1.00000155    
   1.00000119    
   1.00000262    
   1.00000191    
  0.999996603    
  0.999998689    
  0.999999285    
   1.00000072    
  0.999992847    
  0.999990702    
  0.999993145    
  0.999992311    
  0.999994338    
  0.999994218    
  0.999993265    
  0.999994278    
  0.999997258    
  0.999997497    
   1.00000072    
  0.999999166    
  0.999997199    
  0.999998808    
  0.999997020    
  0.999998331    
  0.999999285    
  0.999998748    
  0.999998987    
   1.00000036    
  0.999999642    
  0.999999285    
   1.00000000    
  0.999999702    
  0.999999642    
  0.999999404    
  0.999999225    
  0.999998689    
   1.00000000    
  0.999999881    
   1.00000012    
  0.999999464    
   1.00000167    
  0.999997914    
  0.999999464    
  0.999999642    
  0.999993145    
  0.999994218    
  0.999993443    
  0.999994218    
  0.999994576    
   1.00000107    
  0.999997199    
   1.00000155    
  0.999999642    
   1.00000644    
   1.00000095    
   1.00000215    
   1.00000072    
   1.00000536    
   1.00000238    
   1.00000191    
   1.00000024    
  0.999999344    
   1.00000095    
   1.00000048    
   1.00000083    
   1.00000083    
   1.00000119    
   1.00000072    
   1.00000060    
   1.00000060    
   1.00000024    
   1.00000048    
   1.00000024    
   1.00000036    
   1.00000024    
   1.00000024    
   1.00000036    
   1.00000036    
   1.00000012    
  0.999999940    
  0.999999940    
  0.999999821    
   1.00000012    
   1.00000024    
   1.00000012    
   1.00000000    
   1.00000012    
   1.00000000    
  0.999999881    
  0.999999702    
  0.999999821    
  0.999999642    
  0.999999762    
  0.999999881    
  0.999999821    
  0.999999762    
  0.999999642    
  0.999999523    
  0.999999464    
  0.999999702    
  0.999999583    
  0.999999821    
   1.00000000    
  0.999999940    
  0.999999881    
   1.00000000    
  0.999999642    
   1.00000012    
   1.00000036    
   1.00000036    
   1.00000024    
   1.00000024    
   1.00000024    
   1.00000000    
   1.00000024    
   1.00000000    
  0.999999940    
   1.00000012    
   1.00000024    
   1.00000024    
   1.00000012    
   1.00000012    
   1.00000024    
   1.00000012    
   1.00000024    
   1.00000012    
   1.00000024    
   1.00000000    
   1.00000012    
   1.00000000    
   1.00000000    
   1.00000012    
   1.00000012    
  0.999999464    
   1.00000000    
   1.00000012    
  0.999999285    
   1.00000000    
