  -2.06424403      -1.68146288     -0.302432656    
  -2.02342677      -1.60979962     -0.337653697    
  -1.98330879      -1.54030323     -0.368003041    
  -1.94388497      -1.47305059     -0.393933713    
  -1.90515518      -1.40808427     -0.415796697    
  -1.86698699      -1.34548080     -0.433956265    
  -1.82942820      -1.28517413     -0.448732913    
  -1.79252625      -1.22729933     -0.460506797    
  -1.75619125      -1.17172670     -0.469493866    
  -1.72037017      -1.11847329     -0.475996077    
  -1.68515313      -1.06750464     -0.480247855    
  -1.65047646      -1.01876390     -0.482486367    
  -1.61635077     -0.972227335     -0.482918143    
  -1.58277619     -0.927796662     -0.481751233    
  -1.54974198     -0.885446846     -0.479156435    
  -1.51724291     -0.845101118     -0.475292742    
  -1.48526299     -0.806689262     -0.470319062    
  -1.45385003     -0.770135701     -0.464369178    
  -1.42291915     -0.735378265     -0.457562983    
  -1.39259493     -0.702363908     -0.450040936    
  -1.36273706     -0.670997322     -0.441885650    
  -1.33345127     -0.641216159     -0.433189332    
  -1.30461848     -0.612938404     -0.424059242    
  -1.27637911     -0.586118281     -0.414547652    
  -1.24858224     -0.560676336     -0.404738069    
  -1.22131777     -0.536555052     -0.394703954    
  -1.19457245     -0.513675451     -0.384481072    
  -1.16829872     -0.491991997     -0.374148279    
  -1.14253366     -0.471435010     -0.363721788    
  -1.11724532     -0.451946884     -0.353260517    
  -1.09246445     -0.433492661     -0.342803210    
  -1.06814301     -0.415981472     -0.332375377    
  -1.04429460     -0.399401456     -0.322003484    
  -1.02087784     -0.383674085     -0.311725020    
 -0.997914195     -0.368763030     -0.301545501    
 -0.975452542     -0.354636371     -0.291499674    
 -0.953447759     -0.341229647     -0.281594872    
 -0.931796789     -0.328513980     -0.271847010    
 -0.910691381     -0.316454977     -0.262271851    
 -0.889886737     -0.304996967     -0.252875209    
 -0.869548321     -0.294129372     -0.243669912    
 -0.849619150     -0.283801228     -0.234658778    
 -0.830083430     -0.273997754     -0.225848705    
 -0.810954928     -0.264667153     -0.217248738    
 -0.792215228     -0.255798131     -0.208856538    
 -0.773842514     -0.247361928     -0.200674012    
 -0.755829275     -0.239322156     -0.192705765    
 -0.738220751     -0.231670514     -0.184952781    
 -0.720932126     -0.224382192     -0.177410692    
 -0.704027534     -0.217419326     -0.170083582    
 -0.687437594     -0.210782394     -0.162962526    
 -0.671211541     -0.204444990     -0.156055048    
 -0.655295789     -0.198387951     -0.149354666    
 -0.639704883     -0.192598283     -0.142852470    
 -0.624435663     -0.187048241     -0.136554986    
 -0.609476030     -0.181746438     -0.130453959    
 -0.594826519     -0.176651165     -0.124549285    
 -0.580457747     -0.171771824     -0.118832789    
 -0.566388667     -0.167086229     -0.113305449    
 -0.552597761     -0.162582844     -0.107955605    
 -0.539097250     -0.158257693     -0.102791026    
 -0.525860012     -0.154087603      -9.77933407E-02
 -0.512886882     -0.150084659      -9.29714888E-02
 -0.500170410     -0.146202400      -8.83115679E-02
 -0.487713695     -0.142476961      -8.38140622E-02
 -0.475496083     -0.138871372      -7.94748440E-02
 -0.463527083     -0.135381520      -7.52857998E-02
 -0.451800227     -0.132016674      -7.12457597E-02
 -0.440280974     -0.128755972      -6.73519224E-02
 -0.429020673     -0.125588477      -6.35945126E-02
 -0.417949408     -0.122523151      -5.99761792E-02
 -0.407105029     -0.119550690      -5.64866588E-02
 -0.396460295     -0.116647616      -5.31269461E-02
 -0.386034787     -0.113840565      -4.98885922E-02
 -0.375792056     -0.111106701      -4.67714332E-02
 -0.365764558     -0.108438402      -4.37673591E-02
 -0.355890065     -0.105844602      -4.08805087E-02
 -0.346235424     -0.103308097      -3.80966403E-02
 -0.336739093     -0.100837149      -3.54207233E-02
 -0.327420890      -9.84152183E-02  -3.28434855E-02
 -0.318284839      -9.60393101E-02  -3.03695593E-02
 -0.309291154      -9.37382355E-02  -2.79823933E-02
 -0.300478280      -9.14792195E-02  -2.56896019E-02
 -0.291803807      -8.92662331E-02  -2.34855544E-02
 -0.283291608      -8.70873556E-02  -2.13652849E-02
 -0.274929076      -8.49535093E-02  -1.93244889E-02
 -0.266703635      -8.28623772E-02  -1.73664764E-02
 -0.258616596      -8.07967484E-02  -1.54826380E-02
 -0.250671983      -7.87771419E-02  -1.36706568E-02
 -0.242855817      -7.67866746E-02  -1.19285453E-02
 -0.235165492      -7.48260170E-02  -1.02582909E-02
 -0.227599680      -7.28958175E-02  -8.64995830E-03
 -0.220146447      -7.09864795E-02  -7.10354932E-03
 -0.212824345      -6.91139027E-02  -5.62138017E-03
 -0.205590993      -6.72608614E-02  -4.19384893E-03
 -0.198480815      -6.54280186E-02  -2.82161776E-03
 -0.191477939      -6.36219978E-02  -1.50402391E-03
 -0.184569091      -6.18325323E-02  -2.39743124E-04
 -0.177772835      -6.00665808E-02   9.80496407E-04
 -0.171042815      -5.83115555E-02   2.14874744E-03
 -0.164429352      -5.65783828E-02   3.27196391E-03
 -0.157886088      -5.48604466E-02   4.33756225E-03
 -0.151432887      -5.31534366E-02   5.38759772E-03
 -0.145067111      -5.14626503E-02   6.38729986E-03
 -0.138762265      -4.97808047E-02   7.34594138E-03
 -0.132552788      -4.81075719E-02   8.26948229E-03
 -0.126394957      -4.64551970E-02   9.15725995E-03
 -0.120309986      -4.48014997E-02   1.00102685E-02
 -0.114289917      -4.31564115E-02   1.08334757E-02
 -0.108333431      -4.15225811E-02   1.16222436E-02
 -0.102443166      -3.98947150E-02   1.23841893E-02
  -9.65992585E-02  -3.82635333E-02   1.31150084E-02
  -9.08017159E-02  -3.66462618E-02   1.38213234E-02
  -8.50677490E-02  -3.50236893E-02   1.45008164E-02
  -7.93708712E-02  -3.34031060E-02   1.51564674E-02
  -7.37176985E-02  -3.17898057E-02   1.57879461E-02
  -6.81122169E-02  -3.01718712E-02   1.63979009E-02
  -6.25424907E-02  -2.85499617E-02   1.69850066E-02
  -5.69807142E-02  -2.69280542E-02   1.75538994E-02
  -5.14931157E-02  -2.53034960E-02   1.81009378E-02
  -4.60174344E-02  -2.36723162E-02   1.86317489E-02
  -4.05616239E-02  -2.20398102E-02   1.91430245E-02
  -3.51336263E-02  -2.03953851E-02   1.96397305E-02
  -2.97334455E-02  -1.87456608E-02   2.01198794E-02
  -2.43412126E-02  -1.70879886E-02   2.05841325E-02
  -1.89714953E-02  -1.54190594E-02   2.10351422E-02
  -1.36084026E-02  -1.37401950E-02   2.14729048E-02
  -8.26120377E-03  -1.20467609E-02   2.18951032E-02
  -2.91532930E-03  -1.03420680E-02   2.23083626E-02
   2.42922036E-03  -8.62611644E-03   2.27126814E-02
   7.76449824E-03  -6.89029694E-03   2.31011044E-02
   1.31077236E-02  -5.13725821E-03   2.34827399E-02
   1.84509493E-02  -3.36964917E-03   2.38546059E-02
   2.38007978E-02  -1.57753623E-03   2.42160428E-02
   2.91665401E-02   2.30471298E-04   2.45720148E-02
   3.45322825E-02   2.06165854E-03   2.49178875E-02
   3.99258398E-02   3.91668733E-03   2.52584610E-02
   4.53273468E-02   5.79224713E-03   2.55919173E-02
   5.07566668E-02   7.69694662E-03   2.59199068E-02
   5.62085062E-02   9.63608455E-03   2.62429323E-02
   6.16802126E-02   1.15891295E-02   2.65611541E-02
   6.71929792E-02   1.35779381E-02   2.68750712E-02
   7.27295876E-02   1.56005220E-02   2.71858443E-02
   7.83019587E-02   1.76588688E-02   2.74934694E-02
   8.39074478E-02   1.97470188E-02   2.77989432E-02
   8.95606130E-02   2.18735803E-02   2.81019341E-02
   9.52455699E-02   2.40372289E-02   2.84039304E-02
  0.100998081       2.62392890E-02   2.87049338E-02
  0.106783710       2.84830723E-02   2.90069319E-02
  0.112619668       3.07705663E-02   2.93102525E-02
  0.118521847       3.31017710E-02   2.96180453E-02
  0.124471717       3.54813188E-02   2.99192145E-02
  0.130490467       3.79078910E-02   3.02279983E-02
  0.136570141       4.03834730E-02   3.05392668E-02
  0.142718688       4.29120325E-02   3.08569930E-02
  0.148936108       4.54948992E-02   3.11775338E-02
  0.155226395       4.81320769E-02   3.15061882E-02
  0.161598787       5.08301780E-02   3.18411328E-02
  0.168044031       5.35859019E-02   3.21851820E-02
  0.174574062       5.64071871E-02   3.25375125E-02
  0.181204736       5.92907257E-02   3.29017639E-02
  0.187896356       6.22395016E-02   3.32761146E-02
  0.194712475       6.52611256E-02   3.36642079E-02
  0.201608077       6.83509633E-02   3.40663716E-02
  0.208610952       7.15169609E-02   3.44854258E-02
  0.215715826       7.47594535E-02   3.49221975E-02
  0.222930640       7.80794322E-02   3.53785008E-02
  0.230255395       8.14815387E-02   3.58553380E-02
  0.237694055       8.49697292E-02   3.63576747E-02
  0.245253250       8.85387287E-02   3.68835181E-02
  0.252935618       9.22024250E-02   3.74381728E-02
  0.260745168       9.59578454E-02   3.80244516E-02
  0.268687129       9.98096317E-02   3.86421867E-02
  0.276760250      0.103757448       3.92980054E-02
  0.284979731      0.107806921       3.99930626E-02
  0.293332338      0.111958712       4.07266952E-02
  0.301841885      0.116220444       4.15133946E-02
  0.310500473      0.120591789       4.23476920E-02
  0.319316655      0.125075713       4.32363823E-02
  0.328292459      0.129677191       4.41848412E-02
  0.337435812      0.134397551       4.51960489E-02
  0.346750677      0.139241755       4.62772958E-02
  0.356235772      0.144211784       4.74323817E-02
  0.365906954      0.149311289       4.86690961E-02
  0.375761598      0.154544905       4.99924868E-02
  0.385800987      0.159911975       5.14085107E-02
  0.396050334      0.165425077       5.29277660E-02
  0.406495720      0.171077758       5.45555502E-02
  0.417145401      0.176877603       5.63003086E-02
  0.428010672      0.182827473       5.81716485E-02
  0.439092189      0.188930169       6.01792075E-02
  0.450401515      0.195189312       6.23330884E-02
  0.461939275      0.201608405       6.46445081E-02
  0.473715901      0.208190575       6.71250969E-02
  0.485734314      0.214937583       6.97876438E-02
  0.498004079      0.221853539       7.26451874E-02
  0.510530829      0.228940040       7.57123232E-02
  0.523320973      0.236200407       7.90044442E-02
  0.536371827      0.243631229       8.25357735E-02
  0.549723685      0.251249522       8.63293558E-02
