   1.57079995      0.785399973      0.392699987    
   1.52435446      0.747567058      0.385895252    
   1.47882736      0.711346567      0.378298044    
   1.43420291      0.676689744      0.370017976    
   1.39046550      0.643546104      0.361154467    
   1.34759951      0.611864209      0.351799041    
   1.30559230      0.581590891      0.342035025    
   1.26443017      0.552674472      0.331938535    
   1.22409832      0.525060236      0.321577132    
   1.18458402      0.498696387      0.311013520    
   1.14587569      0.473530740      0.300303608    
   1.10795975      0.449511886      0.289498031    
   1.07082403      0.426589698      0.278642088    
   1.03445613      0.404714584      0.267776430    
  0.998843670      0.383839160      0.256937027    
  0.963974476      0.363916606      0.246156007    
  0.929836512      0.344901830      0.235461920    
  0.896418095      0.326751322      0.224879742    
  0.863706470      0.309423268      0.214431435    
  0.831690788      0.292877257      0.204136267    
  0.800357401      0.277074069      0.194010347    
  0.769695818      0.261976629      0.184067920    
  0.739693165      0.247549266      0.174321160    
  0.710339248      0.233758152      0.164779827    
  0.681620717      0.220570490      0.155452505    
  0.653527617      0.207955271      0.146345899    
  0.626047969      0.195882782      0.137465060    
  0.599170089      0.184325084      0.128814235    
  0.572883368      0.173255265      0.120395899    
  0.547176361      0.162647977      0.112212159    
  0.522038341      0.152479172      0.104263797    
  0.497457892      0.142725587       9.65507254E-02
  0.473424673      0.133366004       8.90722796E-02
  0.449928045      0.124379471       8.18272009E-02
  0.426958293      0.115746804       7.48133883E-02
  0.404505223      0.107449636       6.80286139E-02
  0.382557541       9.94703174E-02   6.14698716E-02
  0.361104965       9.17926505E-02   5.51339872E-02
  0.340139538       8.44010860E-02   4.90174294E-02
  0.319648981       7.72808492E-02   4.31163125E-02
  0.299626529       7.04184175E-02   3.74266207E-02
  0.280061692       6.38005063E-02   3.19440477E-02
  0.260945261       5.74149787E-02   2.66642254E-02
  0.242268384       5.12500294E-02   2.15826295E-02
  0.224021897       4.52950187E-02   1.66945327E-02
  0.206197053       3.95395607E-02   1.19952606E-02
  0.188785598       3.39739174E-02   7.48009514E-03
  0.171779439       2.85891686E-02   3.14421533E-03
  0.155169472       2.33765822E-02  -1.01722230E-03
  0.138948500       1.83279831E-02  -5.00896294E-03
  0.123107880       1.34360483E-02  -8.83584376E-03
  0.107640535       8.69344454E-03  -1.25025008E-02
   9.25382748E-02   4.09343233E-03  -1.60137396E-02
   7.77941197E-02  -3.70296650E-04  -1.93742197E-02
   6.34007603E-02  -4.70375828E-03  -2.25884002E-02
   4.93509583E-02  -8.91234353E-03  -2.56608874E-02
   3.56377475E-02  -1.30016385E-02  -2.85961013E-02
   2.22541504E-02  -1.69762895E-02  -3.13984603E-02
   9.19385161E-03  -2.08411552E-02  -3.40721980E-02
  -3.54989385E-03  -2.46005952E-02  -3.66215706E-02
  -1.59833450E-02  -2.82587092E-02  -3.90505716E-02
  -2.81130336E-02  -3.18195075E-02  -4.13633697E-02
  -3.99448834E-02  -3.52864787E-02  -4.35637198E-02
  -5.14848381E-02  -3.86633836E-02  -4.56555784E-02
  -6.27386719E-02  -4.19529378E-02  -4.76425886E-02
  -7.37122297E-02  -4.51586694E-02  -4.95284051E-02
  -8.44108909E-02  -4.82832752E-02  -5.13165891E-02
  -9.48402509E-02  -5.13293594E-02  -5.30105196E-02
 -0.105005756      -5.42997345E-02  -5.46135493E-02
 -0.114912078      -5.71967438E-02  -5.61289676E-02
 -0.124565043      -6.00224845E-02  -5.75598441E-02
 -0.133968905      -6.27792552E-02  -5.89093082E-02
 -0.143128768      -6.54691458E-02  -6.01802580E-02
 -0.152049124      -6.80937171E-02  -6.13756143E-02
 -0.160734907      -7.06551298E-02  -6.24981076E-02
 -0.169190228      -7.31550306E-02  -6.35504648E-02
 -0.177419931      -7.55948946E-02  -6.45352304E-02
 -0.185427457      -7.79763982E-02  -6.54550418E-02
 -0.193217754      -8.03008303E-02  -6.63122162E-02
 -0.200794384      -8.25696662E-02  -6.71091825E-02
 -0.208161354      -8.47840086E-02  -6.78481609E-02
 -0.215322763      -8.69448930E-02  -6.85314760E-02
 -0.222281814      -8.90540034E-02  -6.91610798E-02
 -0.229042575      -9.11122859E-02  -6.97390959E-02
 -0.235608160      -9.31207761E-02  -7.02675208E-02
 -0.241982222      -9.50802416E-02  -7.07482398E-02
 -0.248168126      -9.69916955E-02  -7.11830407E-02
 -0.254168957      -9.88560989E-02  -7.15737864E-02
 -0.259987831     -0.100674026      -7.19221458E-02
 -0.265627950     -0.102446511      -7.22297356E-02
 -0.271092206     -0.104174212      -7.24981278E-02
 -0.276383430     -0.105857797      -7.27289394E-02
 -0.281504422     -0.107497953      -7.29235634E-02
 -0.286457717     -0.109095149      -7.30833933E-02
 -0.291246265     -0.110650212      -7.32098743E-02
 -0.295872062     -0.112163581      -7.33042359E-02
 -0.300337881     -0.113635711      -7.33677223E-02
 -0.304646134     -0.115067206      -7.34015629E-02
 -0.308798939     -0.116458438      -7.34069571E-02
 -0.312798828     -0.117809936      -7.33848959E-02
 -0.316647291     -0.119121946      -7.33365491E-02
 -0.320346951     -0.120394960      -7.32629299E-02
 -0.323899388     -0.121629320      -7.31653348E-02
 -0.327306628     -0.122825272      -7.30441138E-02
 -0.330570638     -0.123983182      -7.29003996E-02
 -0.333692789     -0.125103250      -7.27351159E-02
 -0.336675227     -0.126185670      -7.25490525E-02
 -0.339519113     -0.127230912      -7.23430142E-02
 -0.342226088     -0.128238946      -7.21177831E-02
 -0.344797611     -0.129209965      -7.18740299E-02
 -0.347235113     -0.130144224      -7.16125295E-02
 -0.349540085     -0.131041855      -7.13338852E-02
 -0.351713568     -0.131902784      -7.10387975E-02
 -0.353756607     -0.132727325      -7.07278177E-02
 -0.355670631     -0.133515358      -7.04015493E-02
 -0.357456475     -0.134266928      -7.00605288E-02
 -0.359115124     -0.134982198      -6.97053000E-02
 -0.360647649     -0.135661066      -6.93363473E-02
 -0.362054855     -0.136303440      -6.89541847E-02
 -0.363336921     -0.136909321      -6.85592219E-02
 -0.364495516     -0.137478650      -6.81519508E-02
 -0.365530908     -0.138011277      -6.77327365E-02
 -0.366443545     -0.138507172      -6.73020184E-02
 -0.367234051     -0.138966069      -6.68601245E-02
 -0.367903054     -0.139387846      -6.64074272E-02
 -0.368450731     -0.139772326      -6.59442842E-02
 -0.368877590     -0.140119255      -6.54709935E-02
 -0.369183779     -0.140428409      -6.49878532E-02
 -0.369369656     -0.140699461      -6.44952133E-02
 -0.369435251     -0.140932158      -6.39932752E-02
 -0.369380593     -0.141126245      -6.34822398E-02
 -0.369205892     -0.141281277      -6.29624650E-02
 -0.368910968     -0.141396865      -6.24341033E-02
 -0.368495822     -0.141472682      -6.18973747E-02
 -0.367960304     -0.141508177      -6.13525137E-02
 -0.367304057     -0.141502991      -6.07996434E-02
 -0.366527081     -0.141456604      -6.02389909E-02
 -0.365628749     -0.141368479      -5.96706755E-02
 -0.364608884     -0.141238153      -5.90948574E-02
 -0.363466859     -0.141064972      -5.85116595E-02
 -0.362202168     -0.140848160      -5.79211935E-02
 -0.360814363     -0.140587404      -5.73235676E-02
 -0.359302521     -0.140281901      -5.67188784E-02
 -0.357666105     -0.139930889      -5.61071970E-02
 -0.355904311     -0.139533564      -5.54885939E-02
 -0.354016393     -0.139089257      -5.48631176E-02
 -0.352001280     -0.138597101      -5.42308241E-02
 -0.349858254     -0.138056263      -5.35917357E-02
 -0.347585797     -0.137465879      -5.29458746E-02
 -0.345183164     -0.136825010      -5.22932187E-02
 -0.342649221     -0.136132672      -5.16337380E-02
 -0.339982480     -0.135387883      -5.09673320E-02
 -0.337181866     -0.134589553      -5.02941497E-02
 -0.334245831     -0.133736625      -4.96140197E-02
 -0.331173003     -0.132827997      -4.89268862E-02
 -0.327961832     -0.131862476      -4.82326038E-02
 -0.324610770     -0.130838841      -4.75311093E-02
 -0.321118176     -0.129755870      -4.68222201E-02
 -0.317482203     -0.128612190      -4.61057946E-02
 -0.313701212     -0.127406508      -4.53816280E-02
 -0.309773296     -0.126137346      -4.46495339E-02
 -0.305696189     -0.124803305      -4.39092442E-02
 -0.301468521     -0.123402916      -4.31605317E-02
 -0.297087491     -0.121934541      -4.24030870E-02
 -0.292551309     -0.120396644      -4.16365936E-02
 -0.287857562     -0.118787512      -4.08606716E-02
 -0.283003956     -0.117105424      -4.00749221E-02
 -0.277988017     -0.115348637      -3.92789058E-02
 -0.272807270     -0.113515303      -3.84721607E-02
 -0.267459154     -0.111603484      -3.76541130E-02
 -0.261940956     -0.109611362      -3.68242338E-02
 -0.256249905     -0.107536808      -3.59818749E-02
 -0.250383139     -0.105377756      -3.51263247E-02
 -0.244337678     -0.103132039      -3.42568755E-02
 -0.238110572     -0.100797497      -3.33726704E-02
 -0.231698528      -9.83718410E-02  -3.24728265E-02
 -0.225098550      -9.58527699E-02  -3.15564759E-02
 -0.218307108      -9.32378098E-02  -3.06224246E-02
 -0.211320847      -9.05244946E-02  -2.96696015E-02
 -0.204136223      -8.77102911E-02  -2.86967829E-02
 -0.196749642      -8.47925544E-02  -2.77026240E-02
 -0.189157337      -8.17686096E-02  -2.66857129E-02
 -0.181355447      -7.86356702E-02  -2.56444737E-02
 -0.173340142      -7.53909051E-02  -2.45772451E-02
 -0.165107235      -7.20314011E-02  -2.34821904E-02
 -0.156652600      -6.85541406E-02  -2.23573595E-02
 -0.147972077      -6.49561211E-02  -2.12006681E-02
 -0.139060944      -6.12340569E-02  -2.00097933E-02
 -0.129914790      -5.73848076E-02  -1.87822934E-02
 -0.120529018      -5.34050614E-02  -1.75155364E-02
 -0.110898778      -4.92914431E-02  -1.62066743E-02
 -0.101019204      -4.50405143E-02  -1.48526421E-02
  -9.08851698E-02  -4.06487547E-02  -1.34501476E-02
  -8.04915354E-02  -3.61125655E-02  -1.19956462E-02
  -6.98329285E-02  -3.14282775E-02  -1.04853315E-02
  -5.89039065E-02  -2.65921820E-02  -8.91510956E-03
  -4.76988144E-02  -2.16004774E-02  -7.28059281E-03
  -3.62118706E-02  -1.64493266E-02  -5.57706552E-03
  -2.44371481E-02  -1.11348173E-02  -3.79946548E-03
  -1.23687824E-02  -5.65311452E-03  -1.94241048E-03
   0.00000000       0.00000000       0.00000000    
