   0.00000000       0.00000000       0.00000000    
   9.05847456E-03   1.70892347E-02   3.48980054E-02
   1.84978638E-02   3.30328494E-02   6.89203069E-02
   2.82259155E-02   4.78713326E-02  0.102085240    
   3.81606594E-02   6.16493709E-02  0.134406388    
   4.82264757E-02   7.44136348E-02  0.165893957    
   5.83566055E-02   8.62125084E-02  0.196555078    
   6.84904978E-02   9.70969275E-02  0.226394936    
   7.85747319E-02  0.107116349      0.255418599    
   8.85632038E-02  0.116322920      0.283630103    
   9.84139070E-02  0.124764889      0.311031878    
  0.108092360      0.132493839      0.337629348    
  0.117566571      0.139555320      0.363424659    
  0.126811817      0.145997122      0.388424456    
  0.135805815      0.151864082      0.412633568    
  0.144530877      0.157200649      0.436058670    
  0.152972609      0.162046269      0.458705366    
  0.161119789      0.166439876      0.480582833    
  0.168964207      0.170419678      0.501699209    
  0.176499918      0.174020991      0.522063494    
  0.183722928      0.177275211      0.541686773    
  0.190632403      0.180215225      0.560578167    
  0.197227791      0.182867736      0.578749120    
  0.203510195      0.185259715      0.596211910    
  0.209482759      0.187416658      0.612977743    
  0.215149447      0.189361140      0.629059196    
  0.220514894      0.191116422      0.644469202    
  0.225584015      0.192698896      0.659219682    
  0.230363548      0.194128439      0.673324108    
  0.234859869      0.195421755      0.686794162    
  0.239079639      0.196592048      0.699644566    
  0.243029639      0.197654009      0.711886823    
  0.246717766      0.198620856      0.723535717    
  0.250151515      0.199502543      0.734602809    
  0.253337473      0.200309291      0.745100439    
  0.256284118      0.201050192      0.755040646    
  0.258999109      0.201735869      0.764439344    
  0.261489123      0.202370659      0.773306668    
  0.263759673      0.202958629      0.781648219    
  0.265821457      0.203511700      0.789488435    
  0.267680705      0.204033464      0.796833813    
  0.269341856      0.204524368      0.803691566    
  0.270813495      0.204991624      0.810077250    
  0.272101551      0.205437884      0.816001475    
  0.273212612      0.205865532      0.821474850    
  0.274151355      0.206275702      0.826505303    
  0.274925768      0.206673443      0.831108272    
  0.275539994      0.207058370      0.835290611    
  0.276000053      0.207431793      0.839063466    
  0.276311368      0.207795411      0.842437208    
  0.276478291      0.208148971      0.845419586    
  0.276506543      0.208494008      0.848021507    
  0.276400000      0.208829567      0.850251496    
  0.276164263      0.209156752      0.852119267    
  0.275802672      0.209474325      0.853632331    
  0.275320053      0.209782928      0.854800463    
  0.274720520      0.210081846      0.855632007    
  0.274007291      0.210370287      0.856134236    
  0.273185074      0.210647926      0.856316745    
  0.272256702      0.210912824      0.856184244    
  0.271226764      0.211165920      0.855749309    
  0.270098329      0.211406156      0.855017364    
  0.268874109      0.211631060      0.853994966    
  0.267557651      0.211839855      0.852689087    
  0.266152322      0.212032512      0.851108313    
  0.264661103      0.212207347      0.849259734    
  0.263086736      0.212362841      0.847149014    
  0.261432260      0.212497264      0.844782114    
  0.259700596      0.212611914      0.842169166    
  0.257894307      0.212703854      0.839313984    
  0.256016433      0.212772176      0.836223781    
  0.254068255      0.212814108      0.832901597    
  0.252053827      0.212830976      0.829358399    
  0.249975741      0.212821364      0.825599432    
  0.247835442      0.212782755      0.821628332    
  0.245635808      0.212715253      0.817452788    
  0.243378878      0.212616742      0.813077092    
  0.241067007      0.212486476      0.808507144    
  0.238702729      0.212323740      0.803749144    
  0.236288488      0.212127402      0.798808813    
  0.233825624      0.211896032      0.793689966    
  0.231317386      0.211629331      0.788399518    
  0.228765085      0.211324811      0.782940388    
  0.226170748      0.210983112      0.777318597    
  0.223537430      0.210603252      0.771540761    
  0.220866129      0.210183859      0.765609682    
  0.218159765      0.209724516      0.759531617    
  0.215419471      0.209224597      0.753310800    
  0.212647796      0.208682880      0.746951520    
  0.209846616      0.208099157      0.740458846    
  0.207017869      0.207472786      0.733837545    
  0.204163164      0.206802711      0.727091134    
  0.201284826      0.206088752      0.720224977    
  0.198384389      0.205330893      0.713243127    
  0.195463762      0.204527855      0.706149518    
  0.192524970      0.203679815      0.698948741    
  0.189569592      0.202786446      0.691644907    
  0.186599731      0.201846913      0.684242010    
  0.183616742      0.200861648      0.676743984    
  0.180622846      0.199830070      0.669155538    
  0.177619383      0.198752150      0.661479890    
  0.174608096      0.197627589      0.653720915    
  0.171590731      0.196456313      0.645882368    
  0.168569103      0.195238814      0.637968838    
  0.165544346      0.193974003      0.629982054    
  0.162518337      0.192663103      0.621927917    
  0.159492776      0.191305622      0.613809288    
  0.156468973      0.189901277      0.605627656    
  0.153448522      0.188451290      0.597390294    
  0.150433242      0.186955303      0.589098573    
  0.147424191      0.185413688      0.580756664    
  0.144423246      0.183827117      0.572367311    
  0.141431794      0.182196110      0.563935101    
  0.138450399      0.180519462      0.555460095    
  0.135481745      0.178799793      0.546949446    
  0.132526115      0.177035913      0.538403511    
  0.129585519      0.175230011      0.529828250    
  0.126660481      0.173380375      0.521222055    
  0.123752847      0.171489552      0.512593091    
  0.120863780      0.169557378      0.503941774    
  0.117994465      0.167585015      0.495273203    
  0.115145661      0.165572166      0.486587197    
  0.112319008      0.163520545      0.477889240    
  0.109515287      0.161430404      0.469181478    
  0.106735624      0.159303233      0.460467130    
  0.103981256      0.157139614      0.451749593    
  0.101253122      0.154940292      0.443030477    
   9.85519961E-02  0.152706340      0.434313446    
   9.58788767E-02  0.150438547      0.425600946    
   9.32348967E-02  0.148138583      0.416896343    
   9.06206742E-02  0.145806298      0.408201545    
   8.80371034E-02  0.143443957      0.399520099    
   8.54851007E-02  0.141052023      0.390854418    
   8.29653293E-02  0.138632104      0.382207274    
   8.04784596E-02  0.136184603      0.373581558    
   7.80255198E-02  0.133711338      0.364979863    
   7.56067708E-02  0.131213456      0.356404722    
   7.32230023E-02  0.128692210      0.347859114    
   7.08749518E-02  0.126148596      0.339345634    
   6.85630515E-02  0.123584747      0.330866754    
   6.62877783E-02  0.121001191      0.322425544    
   6.40498027E-02  0.118399672      0.314024329    
   6.18494414E-02  0.115781590      0.305665910    
   5.96871190E-02  0.113148235      0.297353148    
   5.75633198E-02  0.110501289      0.289088488    
   5.54782376E-02  0.107842192      0.280874759    
   5.34323081E-02  0.105172522      0.272714734    
   5.14257811E-02  0.102493763      0.264610708    
   4.94589433E-02   9.98075530E-02  0.256565899    
   4.75321189E-02   9.71155837E-02  0.248582944    
   4.56453934E-02   9.44194645E-02  0.240664423    
   4.37989347E-02   9.17207003E-02  0.232813165    
   4.19927835E-02   8.90213102E-02  0.225032106    
   4.02271599E-02   8.63227919E-02  0.217324004    
   3.85020636E-02   8.36268961E-02  0.209691584    
   3.68174762E-02   8.09355527E-02  0.202137813    
   3.51734795E-02   7.82505274E-02  0.194665760    
   3.35701443E-02   7.55736008E-02  0.187278137    
   3.20071541E-02   7.29066581E-02  0.179977939    
   3.04845329E-02   7.02517331E-02  0.172768205    
   2.90023107E-02   6.76106364E-02  0.165652126    
   2.75601037E-02   6.49854243E-02  0.158632591    
   2.61579268E-02   6.23781309E-02  0.151712850    
   2.47955099E-02   5.97906411E-02  0.144895881    
   2.34725773E-02   5.72250225E-02  0.138185114    
   2.21890919E-02   5.46834730E-02  0.131583810    
   2.09445488E-02   5.21680079E-02  0.125095174    
   1.97387673E-02   4.96808626E-02  0.118722618    
   1.85715798E-02   4.72242385E-02  0.112469673    
   1.74425077E-02   4.48003002E-02  0.106339701    
   1.63513198E-02   4.24113162E-02  0.100336410    
   1.52976252E-02   4.00596857E-02   9.44633707E-02
   1.42811239E-02   3.77476402E-02   8.87242183E-02
   1.33014070E-02   3.54775377E-02   8.31227377E-02
   1.23582315E-02   3.32518369E-02   7.76627436E-02
   1.14511419E-02   3.10730040E-02   7.23482817E-02
   1.05798114E-02   2.89435294E-02   6.71831965E-02
   9.74395126E-03   2.68659219E-02   6.21715486E-02
   8.94312654E-03   2.48427782E-02   5.73175699E-02
   8.17708671E-03   2.28767674E-02   5.26254065E-02
   7.44547881E-03   2.09705010E-02   4.80993725E-02
   6.74814079E-03   1.91267710E-02   4.37440090E-02
   6.08465122E-03   1.73483156E-02   3.95636484E-02
   5.45491977E-03   1.56379547E-02   3.55629437E-02
   4.85867774E-03   1.39985904E-02   3.17465626E-02
   4.29586088E-03   1.24331694E-02   2.81193331E-02
   3.76628293E-03   1.09446440E-02   2.46861055E-02
   3.27003445E-03   9.53608379E-03   2.14519091E-02
   2.80707981E-03   8.21060408E-03   1.84218269E-02
   2.37756548E-03   6.97135134E-03   1.56010799E-02
   1.98170962E-03   5.82156796E-03   1.29949721E-02
   1.61978463E-03   4.76454245E-03   1.06089944E-02
   1.29221578E-03   3.80362221E-03   8.44866689E-03
   9.99454525E-04   2.94224266E-03   6.51968690E-03
   7.42223929E-04   2.18386669E-03   4.82788309E-03
   5.21338370E-04   1.53205020E-03   3.37917940E-03
   3.37621430E-04   9.90406843E-04   2.17966945E-03
   1.92240128E-04   5.62609697E-04   1.23556331E-03
   8.64970571E-05   2.52399186E-04   5.53222664E-04
   2.18378482E-05   6.35776451E-05   1.39148076E-04
   0.00000000       0.00000000       0.00000000    
