   0.00000000       0.00000000       0.00000000       1.00000000    
   0.00000000       0.00000000       3.95537463E-05   1.00000000    
   0.00000000       0.00000000       1.58210823E-04   1.00000000    
   0.00000000       0.00000000       3.55965283E-04  0.999999940    
   0.00000000       0.00000000       6.32811512E-04  0.999999821    
   0.00000000       0.00000000       9.88742686E-04  0.999999523    
   0.00000000       0.00000000       1.42375228E-03  0.999998987    
   0.00000000       0.00000000       1.93783268E-03  0.999998152    
   0.00000000       0.00000000       2.53097713E-03  0.999996841    
   0.00000000       0.00000000       3.20317759E-03  0.999994934    
   0.00000000       0.00000000       3.95442639E-03  0.999992251    
   0.00000000       0.00000000       4.78471536E-03  0.999988616    
   0.00000000       0.00000000       5.69403730E-03  0.999983847    
   0.00000000       0.00000000       6.68238197E-03  0.999977708    
   0.00000000       0.00000000       7.74973910E-03  0.999970019    
   0.00000000       0.00000000       8.89609754E-03  0.999960482    
   0.00000000       0.00000000       1.01214480E-02  0.999948859    
   0.00000000       0.00000000       1.14257745E-02  0.999934793    
   0.00000000       0.00000000       1.28090661E-02  0.999918044    
   0.00000000       0.00000000       1.42713059E-02  0.999898255    
   0.00000000       0.00000000       1.58124752E-02  0.999875069    
   0.00000000       0.00000000       1.74325574E-02  0.999848127    
   0.00000000       0.00000000       1.91315338E-02  0.999817073    
   0.00000000       0.00000000       2.09093820E-02  0.999781489    
   0.00000000       0.00000000       2.27660779E-02  0.999740958    
   0.00000000       0.00000000       2.47015972E-02  0.999695003    
   0.00000000       0.00000000       2.67159101E-02  0.999643207    
   0.00000000       0.00000000       2.88089812E-02  0.999585092    
   0.00000000       0.00000000       3.09807826E-02  0.999520123    
   0.00000000       0.00000000       3.32312770E-02  0.999447823    
   0.00000000       0.00000000       3.55604216E-02  0.999367654    
   0.00000000       0.00000000       3.79681736E-02  0.999279082    
   0.00000000       0.00000000       4.04544920E-02  0.999181509    
   0.00000000       0.00000000       4.30193208E-02  0.999074340    
   0.00000000       0.00000000       4.56626080E-02  0.998957038    
   0.00000000       0.00000000       4.83842939E-02  0.998828888    
   0.00000000       0.00000000       5.11843078E-02  0.998689294    
   0.00000000       0.00000000       5.40625863E-02  0.998537600    
   0.00000000       0.00000000       5.70190549E-02  0.998373151    
   0.00000000       0.00000000       6.00536317E-02  0.998195231    
   0.00000000       0.00000000       6.31662309E-02  0.998003125    
   0.00000000       0.00000000       6.63567632E-02  0.997796059    
   0.00000000       0.00000000       6.96251318E-02  0.997573316    
   0.00000000       0.00000000       7.29712248E-02  0.997334123    
   0.00000000       0.00000000       7.63949454E-02  0.997077703    
   0.00000000       0.00000000       7.98961744E-02  0.996803284    
   0.00000000       0.00000000       8.34747776E-02  0.996509969    
   0.00000000       0.00000000       8.71306211E-02  0.996196985    
   0.00000000       0.00000000       9.08635631E-02  0.995863438    
   0.00000000       0.00000000       9.46734473E-02  0.995508492    
   0.00000000       0.00000000       9.85601097E-02  0.995131195    
   0.00000000       0.00000000      0.102523386      0.994730711    
   0.00000000       0.00000000      0.106563099      0.994306087    
   0.00000000       0.00000000      0.110679038      0.993856370    
   0.00000000       0.00000000      0.114871018      0.993380606    
   0.00000000       0.00000000      0.119138815      0.992877781    
   0.00000000       0.00000000      0.123482220      0.992346942    
   0.00000000       0.00000000      0.127900988      0.991787076    
   0.00000000       0.00000000      0.132394850      0.991197169    
   0.00000000       0.00000000      0.136963576      0.990576208    
   0.00000000       0.00000000      0.141606867      0.989923120    
   0.00000000       0.00000000      0.146324456      0.989236772    
   0.00000000       0.00000000      0.151116028      0.988516152    
   0.00000000       0.00000000      0.155981258      0.987760127    
   0.00000000       0.00000000      0.160919800      0.986967623    
   0.00000000       0.00000000      0.165931314      0.986137450    
   0.00000000       0.00000000      0.171015427      0.985268474    
   0.00000000       0.00000000      0.176171750      0.984359562    
   0.00000000       0.00000000      0.181399867      0.983409524    
   0.00000000       0.00000000      0.186699390      0.982417166    
   0.00000000       0.00000000      0.192069858      0.981381357    
   0.00000000       0.00000000      0.197510794      0.980300784    
   0.00000000       0.00000000      0.203021735      0.979174316    
   0.00000000       0.00000000      0.208602190      0.978000641    
   0.00000000       0.00000000      0.214251667      0.976778567    
   0.00000000       0.00000000      0.219969541      0.975506842    
   0.00000000       0.00000000      0.225755230      0.974184155    
   0.00000000       0.00000000      0.231608137      0.972809255    
   0.00000000       0.00000000      0.237527654      0.971380889    
   0.00000000       0.00000000      0.243513077      0.969897747    
   0.00000000       0.00000000      0.249563739      0.968358517    
   0.00000000       0.00000000      0.255678922      0.966761887    
   0.00000000       0.00000000      0.261857867      0.965106606    
   0.00000000       0.00000000      0.268099666      0.963391364    
   0.00000000       0.00000000      0.274403572      0.961614788    
   0.00000000       0.00000000      0.280768871      0.959775567    
   0.00000000       0.00000000      0.287194610      0.957872391    
   0.00000000       0.00000000      0.293679774      0.955904007    
   0.00000000       0.00000000      0.300223202      0.953869104    
   0.00000000       0.00000000      0.306823820      0.951766431    
   0.00000000       0.00000000      0.313480377      0.949594796    
   0.00000000       0.00000000      0.320191652      0.947352886    
   0.00000000       0.00000000      0.326956511      0.945039451    
   0.00000000       0.00000000      0.333773136      0.942653477    
   0.00000000       0.00000000      0.340639442      0.940194070    
   0.00000000       0.00000000      0.347553521      0.937660217    
   0.00000000       0.00000000      0.354512274      0.935051441    
   0.00000000       0.00000000      0.361512482      0.932367325    
   0.00000000       0.00000000      0.368551016      0.929607570    
   0.00000000       0.00000000      0.375618547      0.926774383    
   0.00000000       0.00000000      0.382688642      0.923877418    
   0.00000000       0.00000000      0.389731288      0.920928657    
   0.00000000       0.00000000      0.396718115      0.917940497    
   0.00000000       0.00000000      0.403635114      0.914920092    
   0.00000000       0.00000000      0.410470814      0.911873758    
   0.00000000       0.00000000      0.417223364      0.908803999    
   0.00000000       0.00000000      0.423891455      0.905713022    
   0.00000000       0.00000000      0.430473208      0.902603388    
   0.00000000       0.00000000      0.436967701      0.899477243    
   0.00000000       0.00000000      0.443374187      0.896336675    
   0.00000000       0.00000000      0.449692309      0.893183589    
   0.00000000       0.00000000      0.455922157      0.890019715    
   0.00000000       0.00000000      0.462063611      0.886846840    
   0.00000000       0.00000000      0.468116701      0.883666694    
   0.00000000       0.00000000      0.474081635      0.880480945    
   0.00000000       0.00000000      0.479958504      0.877291262    
   0.00000000       0.00000000      0.485747457      0.874099255    
   0.00000000       0.00000000      0.491448790      0.870906532    
   0.00000000       0.00000000      0.497062951      0.867714524    
   0.00000000       0.00000000      0.502590299      0.864524782    
   0.00000000       0.00000000      0.508031130      0.861338794    
   0.00000000       0.00000000      0.513385832      0.858157992    
   0.00000000       0.00000000      0.518654823      0.854983807    
   0.00000000       0.00000000      0.523838520      0.851817667    
   0.00000000       0.00000000      0.528937340      0.848660946    
   0.00000000       0.00000000      0.533951819      0.845514953    
   0.00000000       0.00000000      0.538882434      0.842381060    
   0.00000000       0.00000000      0.543729603      0.839260519    
   0.00000000       0.00000000      0.548493803      0.836154640    
   0.00000000       0.00000000      0.553175569      0.833064735    
   0.00000000       0.00000000      0.557775438      0.829991937    
   0.00000000       0.00000000      0.562293947      0.826937437    
   0.00000000       0.00000000      0.566731572      0.823902488    
   0.00000000       0.00000000      0.571088910      0.820888221    
   0.00000000       0.00000000      0.575366437      0.817895770    
   0.00000000       0.00000000      0.579564750      0.814926207    
   0.00000000       0.00000000      0.583684385      0.811980665    
   0.00000000       0.00000000      0.587725878      0.809060156    
   0.00000000       0.00000000      0.591689765      0.806165814    
   0.00000000       0.00000000      0.595576584      0.803298593    
   0.00000000       0.00000000      0.599386930      0.800459504    
   0.00000000       0.00000000      0.603121281      0.797649562    
   0.00000000       0.00000000      0.606780291      0.794869661    
   0.00000000       0.00000000      0.610364437      0.792120814    
   0.00000000       0.00000000      0.613874316      0.789403856    
   0.00000000       0.00000000      0.617310405      0.786719739    
   0.00000000       0.00000000      0.620673299      0.784069359    
   0.00000000       0.00000000      0.623963535      0.781453550    
   0.00000000       0.00000000      0.627181649      0.778873086    
   0.00000000       0.00000000      0.630328178      0.776328862    
   0.00000000       0.00000000      0.633403599      0.773821652    
   0.00000000       0.00000000      0.636408508      0.771352232    
   0.00000000       0.00000000      0.639343381      0.768921375    
   0.00000000       0.00000000      0.642208755      0.766529858    
   0.00000000       0.00000000      0.645005107      0.764178336    
   0.00000000       0.00000000      0.647732973      0.761867523    
   0.00000000       0.00000000      0.650392830      0.759598136    
   0.00000000       0.00000000      0.652985156      0.757370830    
   0.00000000       0.00000000      0.655510426      0.755186260    
   0.00000000       0.00000000      0.657969117      0.753045022    
   0.00000000       0.00000000      0.660361707      0.750947773    
   0.00000000       0.00000000      0.662688673      0.748895109    
   0.00000000       0.00000000      0.664950430      0.746887565    
   0.00000000       0.00000000      0.667147458      0.744925737    
   0.00000000       0.00000000      0.669280171      0.743010163    
   0.00000000       0.00000000      0.671348989      0.741141379    
   0.00000000       0.00000000      0.673354328      0.739319921    
   0.00000000       0.00000000      0.675296605      0.737546265    
   0.00000000       0.00000000      0.677176237      0.735820889    
   0.00000000       0.00000000      0.678993583      0.734144270    
   0.00000000       0.00000000      0.680748999      0.732516825    
   0.00000000       0.00000000      0.682442904      0.730938971    
   0.00000000       0.00000000      0.684075594      0.729411185    
   0.00000000       0.00000000      0.685647428      0.727933824    
   0.00000000       0.00000000      0.687158763      0.726507306    
   0.00000000       0.00000000      0.688609958      0.725131989    
   0.00000000       0.00000000      0.690001249      0.723808229    
   0.00000000       0.00000000      0.691332996      0.722536385    
   0.00000000       0.00000000      0.692605436      0.721316755    
   0.00000000       0.00000000      0.693818867      0.720149636    
   0.00000000       0.00000000      0.694973588      0.719035387    
   0.00000000       0.00000000      0.696069777      0.717974246    
   0.00000000       0.00000000      0.697107732      0.716966450    
   0.00000000       0.00000000      0.698087692      0.716012299    
   0.00000000       0.00000000      0.699009895      0.715112031    
   0.00000000       0.00000000      0.699874520      0.714265883    
   0.00000000       0.00000000      0.700681746      0.713474035    
   0.00000000       0.00000000      0.701431751      0.712736726    
   0.00000000       0.00000000      0.702124715      0.712054074    
   0.00000000       0.00000000      0.702760756      0.711426318    
   0.00000000       0.00000000      0.703340054      0.710853577    
   0.00000000       0.00000000      0.703862786      0.710336030    
   0.00000000       0.00000000      0.704329014      0.709873736    
   0.00000000       0.00000000      0.704738855      0.709466875    
   0.00000000       0.00000000      0.705092371      0.709115565    
   0.00000000       0.00000000      0.705389678      0.708819807    
   0.00000000       0.00000000      0.705630839      0.708579779    
   0.00000000       0.00000000      0.705815852      0.708395481    
   0.00000000       0.00000000      0.705944836      0.708266973    
   0.00000000       0.00000000      0.706017792      0.708194256    
   0.00000000       0.00000000      0.706034720      0.708177388    
