   0.00000000       0.00000000       0.00000000    
   0.00000000       0.00000000       1.25317154E-02
   0.00000000       0.00000000       2.50624530E-02
   0.00000000       0.00000000       3.75922807E-02
   0.00000000       0.00000000       5.01211882E-02
   0.00000000       0.00000000       6.26489744E-02
   0.00000000       0.00000000       7.51757473E-02
   0.00000000       0.00000000       8.77012983E-02
   0.00000000       0.00000000      0.100225873    
   0.00000000       0.00000000      0.112749211    
   0.00000000       0.00000000      0.125271544    
   0.00000000       0.00000000      0.137792751    
   0.00000000       0.00000000      0.150312915    
   0.00000000       0.00000000      0.162831783    
   0.00000000       0.00000000      0.175349385    
   0.00000000       0.00000000      0.187866002    
   0.00000000       0.00000000      0.200381115    
   0.00000000       0.00000000      0.212894768    
   0.00000000       0.00000000      0.225407586    
   0.00000000       0.00000000      0.237918437    
   0.00000000       0.00000000      0.250427932    
   0.00000000       0.00000000      0.262936145    
   0.00000000       0.00000000      0.275442988    
   0.00000000       0.00000000      0.287948221    
   0.00000000       0.00000000      0.300451875    
   0.00000000       0.00000000      0.312954336    
   0.00000000       0.00000000      0.325454473    
   0.00000000       0.00000000      0.337952435    
   0.00000000       0.00000000      0.350450099    
   0.00000000       0.00000000      0.362945050    
   0.00000000       0.00000000      0.375437975    
   0.00000000       0.00000000      0.387930006    
   0.00000000       0.00000000      0.400419831    
   0.00000000       0.00000000      0.412907660    
   0.00000000       0.00000000      0.425393432    
   0.00000000       0.00000000      0.437876970    
   0.00000000       0.00000000      0.450357914    
   0.00000000       0.00000000      0.462836981    
   0.00000000       0.00000000      0.475313663    
   0.00000000       0.00000000      0.487787843    
   0.00000000       0.00000000      0.500259697    
   0.00000000       0.00000000      0.512728870    
   0.00000000       0.00000000      0.525194585    
   0.00000000       0.00000000      0.537658930    
   0.00000000       0.00000000      0.550121307    
   0.00000000       0.00000000      0.562580884    
   0.00000000       0.00000000      0.575036049    
   0.00000000       0.00000000      0.587489009    
   0.00000000       0.00000000      0.599937379    
   0.00000000       0.00000000      0.612382352    
   0.00000000       0.00000000      0.624823809    
   0.00000000       0.00000000      0.637262642    
   0.00000000       0.00000000      0.649696827    
   0.00000000       0.00000000      0.662126243    
   0.00000000       0.00000000      0.674552202    
   0.00000000       0.00000000      0.686974287    
   0.00000000       0.00000000      0.699391723    
   0.00000000       0.00000000      0.711803615    
   0.00000000       0.00000000      0.724211276    
   0.00000000       0.00000000      0.736613274    
   0.00000000       0.00000000      0.749012113    
   0.00000000       0.00000000      0.761404395    
   0.00000000       0.00000000      0.773789525    
   0.00000000       0.00000000      0.786168694    
   0.00000000       0.00000000      0.798539519    
   0.00000000       0.00000000      0.810904026    
   0.00000000       0.00000000      0.823261857    
   0.00000000       0.00000000      0.835610032    
   0.00000000       0.00000000      0.847951591    
   0.00000000       0.00000000      0.860287130    
   0.00000000       0.00000000      0.872608006    
   0.00000000       0.00000000      0.884919524    
   0.00000000       0.00000000      0.897224188    
   0.00000000       0.00000000      0.909523308    
   0.00000000       0.00000000      0.921806455    
   0.00000000       0.00000000      0.934066892    
   0.00000000       0.00000000      0.946314812    
   0.00000000       0.00000000      0.958549976    
   0.00000000       0.00000000      0.970766485    
   0.00000000       0.00000000      0.982961118    
   0.00000000       0.00000000      0.995137155    
   0.00000000       0.00000000       1.00729561    
   0.00000000       0.00000000       1.01941502    
   0.00000000       0.00000000       1.03150094    
   0.00000000       0.00000000       1.04357791    
   0.00000000       0.00000000       1.05564260    
   0.00000000       0.00000000       1.06765616    
   0.00000000       0.00000000       1.07960153    
   0.00000000       0.00000000       1.09149277    
   0.00000000       0.00000000       1.10332644    
   0.00000000       0.00000000       1.11507571    
   0.00000000       0.00000000       1.12677729    
   0.00000000       0.00000000       1.13839865    
   0.00000000       0.00000000       1.14977932    
   0.00000000       0.00000000       1.16100276    
   0.00000000       0.00000000       1.17199695    
   0.00000000       0.00000000       1.18254077    
   0.00000000       0.00000000       1.19273245    
   0.00000000       0.00000000       1.20259345    
   0.00000000       0.00000000       1.20907974    
   0.00000000       0.00000000       1.21082962    
   0.00000000       0.00000000       1.20743251    
   0.00000000       0.00000000       1.20017409    
   0.00000000       0.00000000       1.19068062    
   0.00000000       0.00000000       1.18036485    
   0.00000000       0.00000000       1.16976440    
   0.00000000       0.00000000       1.15877020    
   0.00000000       0.00000000       1.14752150    
   0.00000000       0.00000000       1.13608229    
   0.00000000       0.00000000       1.12445962    
   0.00000000       0.00000000       1.11275840    
   0.00000000       0.00000000       1.10099423    
   0.00000000       0.00000000       1.08913851    
   0.00000000       0.00000000       1.07723200    
   0.00000000       0.00000000       1.06528759    
   0.00000000       0.00000000       1.05327427    
   0.00000000       0.00000000       1.04119849    
   0.00000000       0.00000000       1.02911901    
   0.00000000       0.00000000       1.01702499    
   0.00000000       0.00000000       1.00489378    
   0.00000000       0.00000000      0.992735624    
   0.00000000       0.00000000      0.980553091    
   0.00000000       0.00000000      0.968352079    
   0.00000000       0.00000000      0.956129193    
   0.00000000       0.00000000      0.943888366    
   0.00000000       0.00000000      0.931638122    
   0.00000000       0.00000000      0.919377089    
   0.00000000       0.00000000      0.907091141    
   0.00000000       0.00000000      0.894790649    
   0.00000000       0.00000000      0.882484674    
   0.00000000       0.00000000      0.870171845    
   0.00000000       0.00000000      0.857846022    
   0.00000000       0.00000000      0.845509946    
   0.00000000       0.00000000      0.833165169    
   0.00000000       0.00000000      0.820815086    
   0.00000000       0.00000000      0.808455944    
   0.00000000       0.00000000      0.796088457    
   0.00000000       0.00000000      0.783715129    
   0.00000000       0.00000000      0.771335959    
   0.00000000       0.00000000      0.758948624    
   0.00000000       0.00000000      0.746553421    
   0.00000000       0.00000000      0.734155297    
   0.00000000       0.00000000      0.721753120    
   0.00000000       0.00000000      0.709344566    
   0.00000000       0.00000000      0.696930647    
   0.00000000       0.00000000      0.684512854    
   0.00000000       0.00000000      0.672091722    
   0.00000000       0.00000000      0.659666717    
   0.00000000       0.00000000      0.647235990    
   0.00000000       0.00000000      0.634801090    
   0.00000000       0.00000000      0.622362614    
   0.00000000       0.00000000      0.609919906    
   0.00000000       0.00000000      0.597473621    
   0.00000000       0.00000000      0.585024178    
   0.00000000       0.00000000      0.572570920    
   0.00000000       0.00000000      0.560113788    
   0.00000000       0.00000000      0.547655106    
   0.00000000       0.00000000      0.535192072    
   0.00000000       0.00000000      0.522727370    
   0.00000000       0.00000000      0.510260105    
   0.00000000       0.00000000      0.497790486    
   0.00000000       0.00000000      0.485318065    
   0.00000000       0.00000000      0.472843945    
   0.00000000       0.00000000      0.460366756    
   0.00000000       0.00000000      0.447886765    
   0.00000000       0.00000000      0.435404897    
   0.00000000       0.00000000      0.422920525    
   0.00000000       0.00000000      0.410434097    
   0.00000000       0.00000000      0.397945583    
   0.00000000       0.00000000      0.385455191    
   0.00000000       0.00000000      0.372963071    
   0.00000000       0.00000000      0.360469371    
   0.00000000       0.00000000      0.347974330    
   0.00000000       0.00000000      0.335477173    
   0.00000000       0.00000000      0.322978079    
   0.00000000       0.00000000      0.310477585    
   0.00000000       0.00000000      0.297974706    
   0.00000000       0.00000000      0.285470575    
   0.00000000       0.00000000      0.272964895    
   0.00000000       0.00000000      0.260457695    
   0.00000000       0.00000000      0.247948930    
   0.00000000       0.00000000      0.235438764    
   0.00000000       0.00000000      0.222927734    
   0.00000000       0.00000000      0.210415453    
   0.00000000       0.00000000      0.197901577    
   0.00000000       0.00000000      0.185385987    
   0.00000000       0.00000000      0.172869444    
   0.00000000       0.00000000      0.160351321    
   0.00000000       0.00000000      0.147832155    
   0.00000000       0.00000000      0.135311618    
   0.00000000       0.00000000      0.122789979    
   0.00000000       0.00000000      0.110267490    
   0.00000000       0.00000000       9.77436602E-02
   0.00000000       0.00000000       8.52187797E-02
   0.00000000       0.00000000       7.26927966E-02
   0.00000000       0.00000000       6.01656400E-02
   0.00000000       0.00000000       4.76376042E-02
   0.00000000       0.00000000       3.51084322E-02
   0.00000000       0.00000000       2.25783065E-02
   0.00000000       0.00000000       1.00472206E-02
   0.00000000       2.78486195E-03  -3.95992771E-04
