   0.00000000       0.00000000       0.00000000    
   7.91074926E-05   0.00000000       0.00000000    
   3.16421676E-04   0.00000000       0.00000000    
   7.11930566E-04   0.00000000       0.00000000    
   1.26562302E-03   0.00000000       0.00000000    
   1.97748584E-03   0.00000000       0.00000000    
   2.84750573E-03   0.00000000       0.00000000    
   3.87566793E-03   0.00000000       0.00000000    
   5.06195985E-03   0.00000000       0.00000000    
   6.40636636E-03   0.00000000       0.00000000    
   7.90887419E-03   0.00000000       0.00000000    
   9.56946705E-03   0.00000000       0.00000000    
   1.13881361E-02   0.00000000       0.00000000    
   1.33648636E-02   0.00000000       0.00000000    
   1.54996337E-02   0.00000000       0.00000000    
   1.77924316E-02   0.00000000       0.00000000    
   2.02432424E-02   0.00000000       0.00000000    
   2.28520483E-02   0.00000000       0.00000000    
   2.56188344E-02   0.00000000       0.00000000    
   2.85435840E-02   0.00000000       0.00000000    
   3.16262692E-02   0.00000000       0.00000000    
   3.48668844E-02   0.00000000       0.00000000    
   3.82654071E-02   0.00000000       0.00000000    
   4.18218151E-02   0.00000000       0.00000000    
   4.55360934E-02   0.00000000       0.00000000    
   4.94082272E-02   0.00000000       0.00000000    
   5.34381866E-02   0.00000000       0.00000000    
   5.76259494E-02   0.00000000       0.00000000    
   6.19714893E-02   0.00000000       0.00000000    
   6.64748028E-02   0.00000000       0.00000000    
   7.11358562E-02   0.00000000       0.00000000    
   7.59546086E-02   0.00000000       0.00000000    
   8.09310824E-02   0.00000000       0.00000000    
   8.60652179E-02   0.00000000       0.00000000    
   9.13569927E-02   0.00000000       0.00000000    
   9.68063921E-02   0.00000000       0.00000000    
  0.102413371       0.00000000       0.00000000    
  0.108177915       0.00000000       0.00000000    
  0.114100002       0.00000000       0.00000000    
  0.120179586       0.00000000       0.00000000    
  0.126416624       0.00000000       0.00000000    
  0.132811129       0.00000000       0.00000000    
  0.139363036       0.00000000       0.00000000    
  0.146072283       0.00000000       0.00000000    
  0.152938917       0.00000000       0.00000000    
  0.159962848       0.00000000       0.00000000    
  0.167144060       0.00000000       0.00000000    
  0.174482509       0.00000000       0.00000000    
  0.181978151       0.00000000       0.00000000    
  0.189630911       0.00000000       0.00000000    
  0.197440788       0.00000000       0.00000000    
  0.205407709       0.00000000       0.00000000    
  0.213531673       0.00000000       0.00000000    
  0.221812561       0.00000000       0.00000000    
  0.230250359       0.00000000       0.00000000    
  0.238844991       0.00000000       0.00000000    
  0.247596428       0.00000000       0.00000000    
  0.256504625       0.00000000       0.00000000    
  0.265569448       0.00000000       0.00000000    
  0.274790913       0.00000000       0.00000000    
  0.284168929       0.00000000       0.00000000    
  0.293703437       0.00000000       0.00000000    
  0.303394377       0.00000000       0.00000000    
  0.313241601       0.00000000       0.00000000    
  0.323245108       0.00000000       0.00000000    
  0.333404720       0.00000000       0.00000000    
  0.343720376       0.00000000       0.00000000    
  0.354192078       0.00000000       0.00000000    
  0.364819527       0.00000000       0.00000000    
  0.375602782       0.00000000       0.00000000    
  0.386541694       0.00000000       0.00000000    
  0.397636116       0.00000000       0.00000000    
  0.408885926       0.00000000       0.00000000    
  0.420291007       0.00000000       0.00000000    
  0.431851298       0.00000000       0.00000000    
  0.443566531       0.00000000       0.00000000    
  0.455436468       0.00000000       0.00000000    
  0.467460930       0.00000000       0.00000000    
  0.479639769       0.00000000       0.00000000    
  0.491972715       0.00000000       0.00000000    
  0.504459441       0.00000000       0.00000000    
  0.517099857       0.00000000       0.00000000    
  0.529893517       0.00000000       0.00000000    
  0.542839944       0.00000000       0.00000000    
  0.555938959       0.00000000       0.00000000    
  0.569190264       0.00000000       0.00000000    
  0.582593620       0.00000000       0.00000000    
  0.596148252       0.00000000       0.00000000    
  0.609853387       0.00000000       0.00000000    
  0.623708189       0.00000000       0.00000000    
  0.637711942       0.00000000       0.00000000    
  0.651863635       0.00000000       0.00000000    
  0.666162670       0.00000000       0.00000000    
  0.680606902       0.00000000       0.00000000    
  0.695193887       0.00000000       0.00000000    
  0.709921479       0.00000000       0.00000000    
  0.724784851       0.00000000       0.00000000    
  0.739779234       0.00000000       0.00000000    
  0.754899740       0.00000000       0.00000000    
  0.770128250       0.00000000       0.00000000    
  0.785409510       0.00000000       0.00000000    
  0.800679564       0.00000000       0.00000000    
  0.815877616       0.00000000       0.00000000    
  0.830973089       0.00000000       0.00000000    
  0.845940650       0.00000000       0.00000000    
  0.860775828       0.00000000       0.00000000    
  0.875475168       0.00000000       0.00000000    
  0.890034020       0.00000000       0.00000000    
  0.904449463       0.00000000       0.00000000    
  0.918719172       0.00000000       0.00000000    
  0.932841659       0.00000000       0.00000000    
  0.946816087       0.00000000       0.00000000    
  0.960641384       0.00000000       0.00000000    
  0.974316716       0.00000000       0.00000000    
  0.987841427       0.00000000       0.00000000    
   1.00121486       0.00000000       0.00000000    
   1.01443624       0.00000000       0.00000000    
   1.02750504       0.00000000       0.00000000    
   1.04042137       0.00000000       0.00000000    
   1.05318475       0.00000000       0.00000000    
   1.06579494       0.00000000       0.00000000    
   1.07825124       0.00000000       0.00000000    
   1.09055376       0.00000000       0.00000000    
   1.10270202       0.00000000       0.00000000    
   1.11469579       0.00000000       0.00000000    
   1.12653518       0.00000000       0.00000000    
   1.13821971       0.00000000       0.00000000    
   1.14974928       0.00000000       0.00000000    
   1.16112363       0.00000000       0.00000000    
   1.17234266       0.00000000       0.00000000    
   1.18340635       0.00000000       0.00000000    
   1.19431448       0.00000000       0.00000000    
   1.20506680       0.00000000       0.00000000    
   1.21566355       0.00000000       0.00000000    
   1.22610426       0.00000000       0.00000000    
   1.23638892       0.00000000       0.00000000    
   1.24651766       0.00000000       0.00000000    
   1.25649023       0.00000000       0.00000000    
   1.26630664       0.00000000       0.00000000    
   1.27596653       0.00000000       0.00000000    
   1.28547001       0.00000000       0.00000000    
   1.29481697       0.00000000       0.00000000    
   1.30400741       0.00000000       0.00000000    
   1.31304121       0.00000000       0.00000000    
   1.32191837       0.00000000       0.00000000    
   1.33063865       0.00000000       0.00000000    
   1.33920228       0.00000000       0.00000000    
   1.34760904       0.00000000       0.00000000    
   1.35585892       0.00000000       0.00000000    
   1.36395180       0.00000000       0.00000000    
   1.37188756       0.00000000       0.00000000    
   1.37966633       0.00000000       0.00000000    
   1.38728797       0.00000000       0.00000000    
   1.39475262       0.00000000       0.00000000    
   1.40206003       0.00000000       0.00000000    
   1.40921009       0.00000000       0.00000000    
   1.41620302       0.00000000       0.00000000    
   1.42303848       0.00000000       0.00000000    
   1.42971659       0.00000000       0.00000000    
   1.43623734       0.00000000       0.00000000    
   1.44260073       0.00000000       0.00000000    
   1.44880652       0.00000000       0.00000000    
   1.45485497       0.00000000       0.00000000    
   1.46074581       0.00000000       0.00000000    
   1.46647906       0.00000000       0.00000000    
   1.47205484       0.00000000       0.00000000    
   1.47747302       0.00000000       0.00000000    
   1.48273361       0.00000000       0.00000000    
   1.48783648       0.00000000       0.00000000    
   1.49278176       0.00000000       0.00000000    
   1.49756932       0.00000000       0.00000000    
   1.50219917       0.00000000       0.00000000    
   1.50667119       0.00000000       0.00000000    
   1.51098549       0.00000000       0.00000000    
   1.51514196       0.00000000       0.00000000    
   1.51914072       0.00000000       0.00000000    
   1.52298152       0.00000000       0.00000000    
   1.52666461       0.00000000       0.00000000    
   1.53018975       0.00000000       0.00000000    
   1.53355694       0.00000000       0.00000000    
   1.53676641       0.00000000       0.00000000    
   1.53981769       0.00000000       0.00000000    
   1.54271102       0.00000000       0.00000000    
   1.54544640       0.00000000       0.00000000    
   1.54802406       0.00000000       0.00000000    
   1.55044365       0.00000000       0.00000000    
   1.55270517       0.00000000       0.00000000    
   1.55480862       0.00000000       0.00000000    
   1.55675411       0.00000000       0.00000000    
   1.55854142       0.00000000       0.00000000    
   1.56017053       0.00000000       0.00000000    
   1.56164181       0.00000000       0.00000000    
   1.56295490       0.00000000       0.00000000    
   1.56411004       0.00000000       0.00000000    
   1.56510675       0.00000000       0.00000000    
   1.56594551       0.00000000       0.00000000    
   1.56662607       0.00000000       0.00000000    
   1.56714833       0.00000000       0.00000000    
   1.56751251       0.00000000       0.00000000    
   1.56771863       0.00000000       0.00000000    
   1.56776643       0.00000000       0.00000000    
