   0.00000000    
   1.26250004E-02
   2.52500009E-02
   3.78750004E-02
   5.05000018E-02
   6.31249994E-02
   7.57500008E-02
   8.83750021E-02
  0.101000004    
  0.113625005    
  0.126249999    
  0.138875008    
  0.151500002    
  0.164125010    
  0.176750004    
  0.189374998    
  0.202000007    
  0.214625016    
  0.227250010    
  0.239875019    
  0.252499998    
  0.265125006    
  0.277750015    
  0.290374994    
  0.303000003    
  0.315625012    
  0.328250021    
  0.340875030    
  0.353500009    
  0.366125017    
  0.378749996    
  0.391375005    
  0.404000014    
  0.416625023    
  0.429250032    
  0.441875011    
  0.454500020    
  0.467125028    
  0.479750037    
  0.492375016    
  0.504999995    
  0.517625034    
  0.530250013    
  0.542875051    
  0.555500031    
  0.568125010    
  0.580749989    
  0.593375027    
  0.606000006    
  0.618625045    
  0.631250024    
  0.643875062    
  0.656500041    
  0.669125080    
  0.681750059    
  0.694374979    
  0.707000017    
  0.719624996    
  0.732250035    
  0.744875014    
  0.757499993    
  0.770125031    
  0.782750010    
  0.795375049    
  0.808000028    
  0.820625007    
  0.833250046    
  0.845875025    
  0.858500063    
  0.871125042    
  0.883750021    
  0.896375060    
  0.909000039    
  0.921625078    
  0.934250057    
  0.946874976    
  0.959500074    
  0.972124994    
  0.984750032    
  0.997375011    
   1.00999999    
   1.02262509    
   1.03525007    
   1.04787505    
   1.06050003    
   1.07312512    
   1.08575010    
   1.09837496    
   1.11100006    
   1.12362504    
   1.13625002    
   1.14887500    
   1.16149998    
   1.17412508    
   1.18675005    
   1.19937503    
   1.21200001    
   1.22462499    
   1.23725009    
   1.24987507    
   1.26250005    
   1.27512503    
   1.28775012    
   1.30037510    
   1.31300008    
   1.32562494    
   1.33825016    
   1.35087514    
   1.36350012    
   1.37612498    
   1.38874996    
   1.40137517    
   1.41400003    
   1.42662501    
   1.43924999    
   1.45187497    
   1.46450007    
   1.47712505    
   1.48975003    
   1.50237501    
   1.51499999    
   1.52762508    
   1.54025006    
   1.55287504    
   1.56550002    
   1.57812500    
   1.59075010    
   1.60337508    
   1.61600006    
   1.62862504    
   1.64125001    
   1.65387511    
   1.66650009    
   1.67912507    
   1.69175005    
   1.70437503    
   1.71700013    
   1.72962511    
   1.74225008    
   1.75487506    
   1.76750004    
   1.78012514    
   1.79275012    
   1.80537510    
   1.81800008    
   1.83062506    
   1.84325016    
   1.85587513    
   1.86850011    
   1.88112497    
   1.89374995    
   1.90637517    
   1.91900015    
   1.93162501    
   1.94424999    
   1.95687497    
   1.96950006    
   1.98212504    
   1.99475002    
   2.00737500    
   2.01999998    
   2.03262520    
   2.04525018    
   2.05787516    
   2.07050014    
   2.08312511    
   2.09575009    
   2.10837507    
   2.12100005    
   2.13362503    
   2.14625025    
   2.15887523    
   2.17150021    
   2.18412495    
   2.19674993    
   2.20937514    
   2.22200012    
   2.23462510    
   2.24725008    
   2.25987506    
   2.27250004    
   2.28512502    
   2.29775000    
   2.31037498    
   2.32299995    
   2.33562517    
   2.34825015    
   2.36087513    
   2.37350011    
   2.38612509    
   2.39875007    
   2.41137505    
   2.42400002    
   2.43662500    
   2.44924998    
   2.46187520    
   2.47450018    
   2.48712516    
   2.49975014    
   2.51237512    
   2.52500010    
