   0.00000000       0.00000000       0.00000000    
   0.00000000       0.00000000       1.25318794E-02
   0.00000000       0.00000000       2.50627697E-02
   0.00000000       0.00000000       3.75927426E-02
   0.00000000       0.00000000       5.01218438E-02
   0.00000000       0.00000000       6.26497865E-02
   0.00000000       0.00000000       7.51767755E-02
   0.00000000       0.00000000       8.77024755E-02
   0.00000000       0.00000000      0.100227267    
   0.00000000       0.00000000      0.112750761    
   0.00000000       0.00000000      0.125273317    
   0.00000000       0.00000000      0.137794524    
   0.00000000       0.00000000      0.150314897    
   0.00000000       0.00000000      0.162833989    
   0.00000000       0.00000000      0.175351784    
   0.00000000       0.00000000      0.187868401    
   0.00000000       0.00000000      0.200383782    
   0.00000000       0.00000000      0.212897539    
   0.00000000       0.00000000      0.225410700    
   0.00000000       0.00000000      0.237921774    
   0.00000000       0.00000000      0.250431478    
   0.00000000       0.00000000      0.262939900    
   0.00000000       0.00000000      0.275447011    
   0.00000000       0.00000000      0.287952513    
   0.00000000       0.00000000      0.300456345    
   0.00000000       0.00000000      0.312959194    
   0.00000000       0.00000000      0.325459778    
   0.00000000       0.00000000      0.337957710    
   0.00000000       0.00000000      0.350455821    
   0.00000000       0.00000000      0.362951159    
   0.00000000       0.00000000      0.375444204    
   0.00000000       0.00000000      0.387936622    
   0.00000000       0.00000000      0.400426775    
   0.00000000       0.00000000      0.412914932    
   0.00000000       0.00000000      0.425401062    
   0.00000000       0.00000000      0.437885046    
   0.00000000       0.00000000      0.450366288    
   0.00000000       0.00000000      0.462845743    
   0.00000000       0.00000000      0.475322843    
   0.00000000       0.00000000      0.487797379    
   0.00000000       0.00000000      0.500269771    
   0.00000000       0.00000000      0.512738943    
   0.00000000       0.00000000      0.525204957    
   0.00000000       0.00000000      0.537669301    
   0.00000000       0.00000000      0.550131321    
   0.00000000       0.00000000      0.562591791    
   0.00000000       0.00000000      0.575046957    
   0.00000000       0.00000000      0.587500691    
   0.00000000       0.00000000      0.599949718    
   0.00000000       0.00000000      0.612394691    
   0.00000000       0.00000000      0.624836683    
   0.00000000       0.00000000      0.637275517    
   0.00000000       0.00000000      0.649709702    
   0.00000000       0.00000000      0.662139118    
   0.00000000       0.00000000      0.674565196    
   0.00000000       0.00000000      0.686987281    
   0.00000000       0.00000000      0.699404776    
   0.00000000       0.00000000      0.711817503    
   0.00000000       0.00000000      0.724225163    
   0.00000000       0.00000000      0.736627817    
   0.00000000       0.00000000      0.749026656    
   0.00000000       0.00000000      0.761420131    
   0.00000000       0.00000000      0.773806453    
   0.00000000       0.00000000      0.786185622    
   0.00000000       0.00000000      0.798557460    
   0.00000000       0.00000000      0.810923338    
   0.00000000       0.00000000      0.823281169    
   0.00000000       0.00000000      0.835630417    
   0.00000000       0.00000000      0.847973168    
   0.00000000       0.00000000      0.860308707    
   0.00000000       0.00000000      0.872631431    
   0.00000000       0.00000000      0.884942949    
   0.00000000       0.00000000      0.897248745    
   0.00000000       0.00000000      0.909547865    
   0.00000000       0.00000000      0.921832204    
   0.00000000       0.00000000      0.934094727    
   0.00000000       0.00000000      0.946344614    
   0.00000000       0.00000000      0.958582759    
   0.00000000       0.00000000      0.970803022    
   0.00000000       0.00000000      0.983000696    
   0.00000000       0.00000000      0.995180249    
   0.00000000       0.00000000       1.00733876    
   0.00000000       0.00000000       1.01946449    
   0.00000000       0.00000000       1.03155208    
   0.00000000       0.00000000       1.04362941    
   0.00000000       0.00000000       1.05570436    
   0.00000000       0.00000000       1.06771791    
   0.00000000       0.00000000       1.07964957    
   0.00000000       0.00000000       1.09154928    
   0.00000000       0.00000000       1.10339797    
   0.00000000       0.00000000       1.11515677    
   0.00000000       0.00000000       1.12685835    
   0.00000000       0.00000000       1.13846362    
   0.00000000       0.00000000       1.14986968    
   0.00000000       0.00000000       1.16112328    
   0.00000000       0.00000000       1.17219615    
   0.00000000       0.00000000       1.18279719    
   0.00000000       0.00000000       1.19305503    
   0.00000000       0.00000000       1.20291603    
   0.00000000       0.00000000       1.21017468    
   0.00000000       0.00000000       1.21279955    
   0.00000000       0.00000000       1.21017468    
   0.00000000       0.00000000       1.20291626    
   0.00000000       0.00000000       1.19305539    
   0.00000000       0.00000000       1.18279660    
   0.00000000       0.00000000       1.17219615    
   0.00000000       0.00000000       1.16112316    
   0.00000000       0.00000000       1.14986980    
   0.00000000       0.00000000       1.13846409    
   0.00000000       0.00000000       1.12685716    
   0.00000000       0.00000000       1.11515594    
   0.00000000       0.00000000       1.10339665    
   0.00000000       0.00000000       1.09155011    
   0.00000000       0.00000000       1.07964849    
   0.00000000       0.00000000       1.06771779    
   0.00000000       0.00000000       1.05570447    
   0.00000000       0.00000000       1.04362905    
   0.00000000       0.00000000       1.03155124    
   0.00000000       0.00000000       1.01946366    
   0.00000000       0.00000000       1.00733781    
   0.00000000       0.00000000      0.995179653    
   0.00000000       0.00000000      0.983000100    
   0.00000000       0.00000000      0.970802784    
   0.00000000       0.00000000      0.958583117    
   0.00000000       0.00000000      0.946344197    
   0.00000000       0.00000000      0.934093952    
   0.00000000       0.00000000      0.921830773    
   0.00000000       0.00000000      0.909547567    
   0.00000000       0.00000000      0.897248030    
   0.00000000       0.00000000      0.884942949    
   0.00000000       0.00000000      0.872632384    
   0.00000000       0.00000000      0.860308290    
   0.00000000       0.00000000      0.847973824    
   0.00000000       0.00000000      0.835629821    
   0.00000000       0.00000000      0.823281288    
   0.00000000       0.00000000      0.810923576    
   0.00000000       0.00000000      0.798557281    
   0.00000000       0.00000000      0.786183953    
   0.00000000       0.00000000      0.773806095    
   0.00000000       0.00000000      0.761420190    
   0.00000000       0.00000000      0.749025583    
   0.00000000       0.00000000      0.736627460    
   0.00000000       0.00000000      0.724224448    
   0.00000000       0.00000000      0.711816847    
   0.00000000       0.00000000      0.699403584    
   0.00000000       0.00000000      0.686986446    
   0.00000000       0.00000000      0.674565315    
   0.00000000       0.00000000      0.662139535    
   0.00000000       0.00000000      0.649708450    
   0.00000000       0.00000000      0.637274146    
   0.00000000       0.00000000      0.624836385    
   0.00000000       0.00000000      0.612394333    
   0.00000000       0.00000000      0.599948525    
   0.00000000       0.00000000      0.587499678    
   0.00000000       0.00000000      0.575047135    
   0.00000000       0.00000000      0.562590182    
   0.00000000       0.00000000      0.550132334    
   0.00000000       0.00000000      0.537669539    
   0.00000000       0.00000000      0.525205255    
   0.00000000       0.00000000      0.512738347    
   0.00000000       0.00000000      0.500269294    
   0.00000000       0.00000000      0.487796873    
   0.00000000       0.00000000      0.475322425    
   0.00000000       0.00000000      0.462845743    
   0.00000000       0.00000000      0.450366020    
   0.00000000       0.00000000      0.437884599    
   0.00000000       0.00000000      0.425400585    
   0.00000000       0.00000000      0.412914515    
   0.00000000       0.00000000      0.400426328    
   0.00000000       0.00000000      0.387936205    
   0.00000000       0.00000000      0.375444412    
   0.00000000       0.00000000      0.362950712    
   0.00000000       0.00000000      0.350455403    
   0.00000000       0.00000000      0.337957889    
   0.00000000       0.00000000      0.325458974    
   0.00000000       0.00000000      0.312958926    
   0.00000000       0.00000000      0.300456226    
   0.00000000       0.00000000      0.287952363    
   0.00000000       0.00000000      0.275446922    
   0.00000000       0.00000000      0.262939990    
   0.00000000       0.00000000      0.250431508    
   0.00000000       0.00000000      0.237921342    
   0.00000000       0.00000000      0.225410134    
   0.00000000       0.00000000      0.212897629    
   0.00000000       0.00000000      0.200383469    
   0.00000000       0.00000000      0.187868014    
   0.00000000       0.00000000      0.175351754    
   0.00000000       0.00000000      0.162833795    
   0.00000000       0.00000000      0.150314867    
   0.00000000       0.00000000      0.137794524    
   0.00000000       0.00000000      0.125273004    
   0.00000000       0.00000000      0.112750754    
   0.00000000       0.00000000      0.100227095    
   0.00000000       0.00000000       8.77023935E-02
   0.00000000       0.00000000       7.51766190E-02
   0.00000000       0.00000000       6.26496002E-02
   0.00000000       0.00000000       5.01217619E-02
   0.00000000       0.00000000       3.75927500E-02
   0.00000000       0.00000000       2.50627864E-02
   0.00000000       0.00000000       1.25318551E-02
   0.00000000       0.00000000       0.00000000    
