   0.00000000       0.00000000       0.00000000       1.00000000    
   0.00000000       0.00000000       3.92123875E-05  0.999999583    
   0.00000000       0.00000000       1.57598959E-04  0.999999464    
   0.00000000       0.00000000       3.55064927E-04  0.999999523    
   0.00000000       0.00000000       6.31604693E-04  0.999999762    
   0.00000000       0.00000000       9.87238600E-04  0.999999523    
   0.00000000       0.00000000       1.42197846E-03  0.999998927    
   0.00000000       0.00000000       1.93575397E-03  0.999998331    
   0.00000000       0.00000000       2.52861110E-03  0.999997079    
   0.00000000       0.00000000       3.20053613E-03  0.999994934    
   0.00000000       0.00000000       3.95150995E-03  0.999992490    
   0.00000000       0.00000000       4.78152279E-03  0.999988675    
   0.00000000       0.00000000       5.69055602E-03  0.999983847    
   0.00000000       0.00000000       6.67861756E-03  0.999977827    
   0.00000000       0.00000000       7.74570182E-03  0.999969900    
   0.00000000       0.00000000       8.89177620E-03  0.999960482    
   0.00000000       0.00000000       1.01168612E-02  0.999948919    
   0.00000000       0.00000000       1.14209186E-02  0.999934793    
   0.00000000       0.00000000       1.28039327E-02  0.999917865    
   0.00000000       0.00000000       1.42659089E-02  0.999898136    
   0.00000000       0.00000000       1.58068147E-02  0.999875128    
   0.00000000       0.00000000       1.74266156E-02  0.999848068    
   0.00000000       0.00000000       1.91253405E-02  0.999817252    
   0.00000000       0.00000000       2.09029093E-02  0.999781549    
   0.00000000       0.00000000       2.27593444E-02  0.999741137    
   0.00000000       0.00000000       2.46946216E-02  0.999695003    
   0.00000000       0.00000000       2.67086774E-02  0.999643385    
   0.00000000       0.00000000       2.88015064E-02  0.999585271    
   0.00000000       0.00000000       3.09730172E-02  0.999520123    
   0.00000000       0.00000000       3.32232714E-02  0.999448061    
   0.00000000       0.00000000       3.55521515E-02  0.999367893    
   0.00000000       0.00000000       3.79596576E-02  0.999279141    
   0.00000000       0.00000000       4.04457487E-02  0.999181867    
   0.00000000       0.00000000       4.30103317E-02  0.999074817    
   0.00000000       0.00000000       4.56533730E-02  0.998957515    
   0.00000000       0.00000000       4.83748131E-02  0.998829186    
   0.00000000       0.00000000       5.11745811E-02  0.998689651    
   0.00000000       0.00000000       5.40526249E-02  0.998538077    
   0.00000000       0.00000000       5.70088774E-02  0.998373866    
   0.00000000       0.00000000       6.00432083E-02  0.998195827    
   0.00000000       0.00000000       6.31555840E-02  0.998003721    
   0.00000000       0.00000000       6.63458779E-02  0.997796893    
   0.00000000       0.00000000       6.96140155E-02  0.997573972    
   0.00000000       0.00000000       7.29598477E-02  0.997334957    
   0.00000000       0.00000000       7.63833895E-02  0.997078419    
   0.00000000       0.00000000       7.98843876E-02  0.996804118    
   0.00000000       0.00000000       8.34627450E-02  0.996511102    
   0.00000000       0.00000000       8.71183649E-02  0.996198058    
   0.00000000       0.00000000       9.08511057E-02  0.995864451    
   0.00000000       0.00000000       9.46608037E-02  0.995509803    
   0.00000000       0.00000000       9.85472649E-02  0.995132565    
   0.00000000       0.00000000      0.102510303      0.994732082    
   0.00000000       0.00000000      0.106549799      0.994307458    
   0.00000000       0.00000000      0.110665530      0.993857741    
   0.00000000       0.00000000      0.114857331      0.993381858    
   0.00000000       0.00000000      0.119124897      0.992879391    
   0.00000000       0.00000000      0.123468094      0.992348373    
   0.00000000       0.00000000      0.127886683      0.991788983    
   0.00000000       0.00000000      0.132380337      0.991199017    
   0.00000000       0.00000000      0.136948884      0.990578115    
   0.00000000       0.00000000      0.141591877      0.989925146    
   0.00000000       0.00000000      0.146309286      0.989238799    
   0.00000000       0.00000000      0.151100799      0.988518119    
   0.00000000       0.00000000      0.155965805      0.987762511    
   0.00000000       0.00000000      0.160904080      0.986970246    
   0.00000000       0.00000000      0.165915430      0.986140192    
   0.00000000       0.00000000      0.170999393      0.985270977    
   0.00000000       0.00000000      0.176155537      0.984362543    
   0.00000000       0.00000000      0.181383491      0.983412147    
   0.00000000       0.00000000      0.186682880      0.982420206    
   0.00000000       0.00000000      0.192053199      0.981384516    
   0.00000000       0.00000000      0.197494030      0.980304360    
   0.00000000       0.00000000      0.203004748      0.979178011    
   0.00000000       0.00000000      0.208585069      0.978004038    
   0.00000000       0.00000000      0.214234501      0.976782262    
   0.00000000       0.00000000      0.219952300      0.975510418    
   0.00000000       0.00000000      0.225737751      0.974188268    
   0.00000000       0.00000000      0.231590614      0.972813606    
   0.00000000       0.00000000      0.237510070      0.971385539    
   0.00000000       0.00000000      0.243495405      0.969902039    
   0.00000000       0.00000000      0.249545991      0.968362689    
   0.00000000       0.00000000      0.255661160      0.966766417    
   0.00000000       0.00000000      0.261840105      0.965111375    
   0.00000000       0.00000000      0.268082082      0.963395953    
   0.00000000       0.00000000      0.274385989      0.961619556    
   0.00000000       0.00000000      0.280751199      0.959780455    
   0.00000000       0.00000000      0.287177175      0.957877159    
   0.00000000       0.00000000      0.293662310      0.955909252    
   0.00000000       0.00000000      0.300205708      0.953874350    
   0.00000000       0.00000000      0.306806505      0.951771855    
   0.00000000       0.00000000      0.313462973      0.949600577    
   0.00000000       0.00000000      0.320174605      0.947358370    
   0.00000000       0.00000000      0.326939762      0.945045114    
   0.00000000       0.00000000      0.333756268      0.942659080    
   0.00000000       0.00000000      0.340622962      0.940199614    
   0.00000000       0.00000000      0.347537577      0.937665761    
   0.00000000       0.00000000      0.354497284      0.935057223    
   0.00000000       0.00000000      0.361498803      0.932372630    
   0.00000000       0.00000000      0.368538946      0.929612339    
   0.00000000       0.00000000      0.375607908      0.926778376    
   0.00000000       0.00000000      0.382684022      0.923878968    
   0.00000000       0.00000000      0.389737993      0.920925617    
   0.00000000       0.00000000      0.396740377      0.917930901    
   0.00000000       0.00000000      0.403670132      0.914904237    
   0.00000000       0.00000000      0.410519302      0.911851883    
   0.00000000       0.00000000      0.417285323      0.908775330    
   0.00000000       0.00000000      0.423966497      0.905677736    
   0.00000000       0.00000000      0.430560678      0.902561247    
   0.00000000       0.00000000      0.437068075      0.899428248    
   0.00000000       0.00000000      0.443487346      0.896280468    
   0.00000000       0.00000000      0.449818343      0.893120289    
   0.00000000       0.00000000      0.456060737      0.889948487    
   0.00000000       0.00000000      0.462214917      0.886767864    
   0.00000000       0.00000000      0.468280524      0.883579671    
   0.00000000       0.00000000      0.474258125      0.880385756    
   0.00000000       0.00000000      0.480147600      0.877187788    
   0.00000000       0.00000000      0.485948980      0.873987019    
   0.00000000       0.00000000      0.491662741      0.870785236    
   0.00000000       0.00000000      0.497288823      0.867584646    
   0.00000000       0.00000000      0.502828479      0.864385843    
   0.00000000       0.00000000      0.508281767      0.861190498    
   0.00000000       0.00000000      0.513648331      0.858000755    
   0.00000000       0.00000000      0.518929482      0.854817212    
   0.00000000       0.00000000      0.524124742      0.851641119    
   0.00000000       0.00000000      0.529235661      0.848474741    
   0.00000000       0.00000000      0.534261823      0.845318735    
   0.00000000       0.00000000      0.539204061      0.842175305    
   0.00000000       0.00000000      0.544062674      0.839044333    
   0.00000000       0.00000000      0.548838615      0.835928440    
   0.00000000       0.00000000      0.553531408      0.832828045    
   0.00000000       0.00000000      0.558142781      0.829744756    
   0.00000000       0.00000000      0.562672555      0.826679885    
   0.00000000       0.00000000      0.567121148      0.823633850    
   0.00000000       0.00000000      0.571489811      0.820609212    
   0.00000000       0.00000000      0.575778186      0.817605495    
   0.00000000       0.00000000      0.579987526      0.814624965    
   0.00000000       0.00000000      0.584117651      0.811668575    
   0.00000000       0.00000000      0.588170111      0.808736861    
   0.00000000       0.00000000      0.592144966      0.805831432    
   0.00000000       0.00000000      0.596042693      0.802952647    
   0.00000000       0.00000000      0.599863350      0.800102174    
   0.00000000       0.00000000      0.603608310      0.797280848    
   0.00000000       0.00000000      0.607277691      0.794489205    
   0.00000000       0.00000000      0.610872209      0.791728854    
   0.00000000       0.00000000      0.614392281      0.789000273    
   0.00000000       0.00000000      0.617838740      0.786304474    
   0.00000000       0.00000000      0.621212125      0.783642232    
   0.00000000       0.00000000      0.624512374      0.781014860    
   0.00000000       0.00000000      0.627740979      0.778422296    
   0.00000000       0.00000000      0.630897403      0.775866270    
   0.00000000       0.00000000      0.633982420      0.773347318    
   0.00000000       0.00000000      0.636997223      0.770865321    
   0.00000000       0.00000000      0.639942646      0.768423021    
   0.00000000       0.00000000      0.642817497      0.766019166    
   0.00000000       0.00000000      0.645623744      0.763655484    
   0.00000000       0.00000000      0.648361504      0.761332631    
   0.00000000       0.00000000      0.651030898      0.759050906    
   0.00000000       0.00000000      0.653633058      0.756811440    
   0.00000000       0.00000000      0.656167626      0.754614711    
   0.00000000       0.00000000      0.658636332      0.752461433    
   0.00000000       0.00000000      0.661038399      0.750351906    
   0.00000000       0.00000000      0.663375258      0.748286605    
   0.00000000       0.00000000      0.665646732      0.746266901    
   0.00000000       0.00000000      0.667853355      0.744292855    
   0.00000000       0.00000000      0.669995487      0.742365122    
   0.00000000       0.00000000      0.672073960      0.740483940    
   0.00000000       0.00000000      0.674088657      0.738650262    
   0.00000000       0.00000000      0.676041007      0.736863852    
   0.00000000       0.00000000      0.677929699      0.735126138    
   0.00000000       0.00000000      0.679756522      0.733437300    
   0.00000000       0.00000000      0.681521773      0.731797636    
   0.00000000       0.00000000      0.683225274      0.730207503    
   0.00000000       0.00000000      0.684867442      0.728667796    
   0.00000000       0.00000000      0.686448932      0.727178037    
   0.00000000       0.00000000      0.687969744      0.725739419    
   0.00000000       0.00000000      0.689430714      0.724352002    
   0.00000000       0.00000000      0.690831542      0.723015726    
   0.00000000       0.00000000      0.692173004      0.721731782    
   0.00000000       0.00000000      0.693454802      0.720499694    
   0.00000000       0.00000000      0.694678068      0.719320834    
   0.00000000       0.00000000      0.695842564      0.718194425    
   0.00000000       0.00000000      0.696948826      0.717121184    
   0.00000000       0.00000000      0.697996259      0.716101229    
   0.00000000       0.00000000      0.698986053      0.715135157    
   0.00000000       0.00000000      0.699918151      0.714223444    
   0.00000000       0.00000000      0.700792730      0.713364959    
   0.00000000       0.00000000      0.701609612      0.712561190    
   0.00000000       0.00000000      0.702369630      0.711812317    
   0.00000000       0.00000000      0.703072846      0.711118042    
   0.00000000       0.00000000      0.703718841      0.710478485    
   0.00000000       0.00000000      0.704308152      0.709894001    
   0.00000000       0.00000000      0.704841197      0.709365129    
   0.00000000       0.00000000      0.705317914      0.708891392    
   0.00000000       0.00000000      0.705738187      0.708472967    
   0.00000000       0.00000000      0.706101716      0.708110511    
   0.00000000       0.00000000      0.706409931      0.707803428    
   0.00000000       0.00000000      0.706661284      0.707551837    
   0.00000000       0.00000000      0.706856847      0.707356572    
   0.00000000       0.00000000      0.706996560      0.707217097    
   0.00000000       0.00000000      0.707080007      0.707133591    
   0.00000000       0.00000000      0.707108080      0.707105517    
