   0.00000000       0.00000000      0.992624044    
   0.00000000       0.00000000      0.992545784    
   0.00000000       0.00000000      0.992473066    
   0.00000000       0.00000000      0.992404044    
   0.00000000       0.00000000      0.992312253    
   0.00000000       0.00000000      0.992236733    
   0.00000000       0.00000000      0.992134631    
   0.00000000       0.00000000      0.992062569    
   0.00000000       0.00000000      0.991959989    
   0.00000000       0.00000000      0.991885543    
   0.00000000       0.00000000      0.991778791    
   0.00000000       0.00000000      0.991712689    
   0.00000000       0.00000000      0.991611183    
   0.00000000       0.00000000      0.991508543    
   0.00000000       0.00000000      0.991415203    
   0.00000000       0.00000000      0.991317213    
   0.00000000       0.00000000      0.991188645    
   0.00000000       0.00000000      0.991141379    
   0.00000000       0.00000000      0.990976155    
   0.00000000       0.00000000      0.990867555    
   0.00000000       0.00000000      0.990766048    
   0.00000000       0.00000000      0.990662217    
   0.00000000       0.00000000      0.990534723    
   0.00000000       0.00000000      0.990402520    
   0.00000000       0.00000000      0.990324616    
   0.00000000       0.00000000      0.990145266    
   0.00000000       0.00000000      0.989935160    
   0.00000000       0.00000000      0.989949286    
   0.00000000       0.00000000      0.989729762    
   0.00000000       0.00000000      0.989548028    
   0.00000000       0.00000000      0.989498436    
   0.00000000       0.00000000      0.989319026    
   0.00000000       0.00000000      0.989160895    
   0.00000000       0.00000000      0.989000380    
   0.00000000       0.00000000      0.988830388    
   0.00000000       0.00000000      0.988613248    
   0.00000000       0.00000000      0.988471568    
   0.00000000       0.00000000      0.988285124    
   0.00000000       0.00000000      0.988082111    
   0.00000000       0.00000000      0.987912118    
   0.00000000       0.00000000      0.987657189    
   0.00000000       0.00000000      0.987406969    
   0.00000000       0.00000000      0.987274766    
   0.00000000       0.00000000      0.987090647    
   0.00000000       0.00000000      0.986967921    
   0.00000000       0.00000000      0.986547709    
   0.00000000       0.00000000      0.986434400    
   0.00000000       0.00000000      0.986061454    
   0.00000000       0.00000000      0.985740423    
   0.00000000       0.00000000      0.985504329    
   0.00000000       0.00000000      0.985254109    
   0.00000000       0.00000000      0.984885871    
   0.00000000       0.00000000      0.984508157    
   0.00000000       0.00000000      0.984243810    
   0.00000000       0.00000000      0.983927488    
   0.00000000       0.00000000      0.983563960    
   0.00000000       0.00000000      0.983186245    
   0.00000000       0.00000000      0.982784927    
   0.00000000       0.00000000      0.982388377    
   0.00000000       0.00000000      0.982086241    
   0.00000000       0.00000000      0.981661320    
   0.00000000       0.00000000      0.981094778    
   0.00000000       0.00000000      0.980528235    
   0.00000000       0.00000000      0.979947507    
   0.00000000       0.00000000      0.979475439    
   0.00000000       0.00000000      0.978838086    
   0.00000000       0.00000000      0.978158236    
   0.00000000       0.00000000      0.977643609    
   0.00000000       0.00000000      0.977072358    
   0.00000000       0.00000000      0.976057291    
   0.00000000       0.00000000      0.975169718    
   0.00000000       0.00000000      0.974716485    
   0.00000000       0.00000000      0.974187732    
   0.00000000       0.00000000      0.973016858    
   0.00000000       0.00000000      0.971288919    
   0.00000000       0.00000000      0.970288038    
   0.00000000       0.00000000      0.969357967    
   0.00000000       0.00000000      0.967941642    
   0.00000000       0.00000000      0.966152310    
   0.00000000       0.00000000      0.964717090    
   0.00000000       0.00000000      0.963050485    
   0.00000000       0.00000000      0.960453868    
   0.00000000       0.00000000      0.957432330    
   0.00000000       0.00000000      0.956620276    
   0.00000000       0.00000000      0.956431448    
   0.00000000       0.00000000      0.951568663    
   0.00000000       0.00000000      0.945081770    
   0.00000000       0.00000000      0.942551255    
   0.00000000       0.00000000      0.938509941    
   0.00000000       0.00000000      0.931390405    
   0.00000000       0.00000000      0.926858068    
   0.00000000       0.00000000      0.919228673    
   0.00000000       0.00000000      0.903450608    
   0.00000000       0.00000000      0.891373873    
   0.00000000       0.00000000      0.877059281    
   0.00000000       0.00000000      0.839686573    
   0.00000000       0.00000000      0.812502146    
   0.00000000       0.00000000      0.781068683    
   0.00000000       0.00000000      0.574942827    
   0.00000000       0.00000000      0.207910433    
   0.00000000       0.00000000     -0.207910433    
   0.00000000       0.00000000     -0.574923933    
   0.00000000       0.00000000     -0.781059265    
   0.00000000       0.00000000     -0.812577724    
   0.00000000       0.00000000     -0.839639366    
   0.00000000       0.00000000     -0.877068758    
   0.00000000       0.00000000     -0.891354978    
   0.00000000       0.00000000     -0.903422236    
   0.00000000       0.00000000     -0.919360876    
   0.00000000       0.00000000     -0.926829755    
   0.00000000       0.00000000     -0.931428194    
   0.00000000       0.00000000     -0.938339949    
   0.00000000       0.00000000     -0.942702293    
   0.00000000       0.00000000     -0.945006251    
   0.00000000       0.00000000     -0.951549768    
   0.00000000       0.00000000     -0.956469178    
   0.00000000       0.00000000     -0.956658065    
   0.00000000       0.00000000     -0.957432330    
   0.00000000       0.00000000     -0.960463285    
   0.00000000       0.00000000     -0.963022172    
   0.00000000       0.00000000     -0.964717090    
   0.00000000       0.00000000     -0.966123998    
   0.00000000       0.00000000     -0.967894435    
   0.00000000       0.00000000     -0.969419360    
   0.00000000       0.00000000     -0.970316350    
   0.00000000       0.00000000     -0.971340835    
   0.00000000       0.00000000     -0.972927153    
   0.00000000       0.00000000     -0.974220753    
   0.00000000       0.00000000     -0.974659860    
   0.00000000       0.00000000     -0.975094199    
   0.00000000       0.00000000     -0.976165891    
   0.00000000       0.00000000     -0.976987362    
   0.00000000       0.00000000     -0.977742732    
   0.00000000       0.00000000     -0.978101552    
   0.00000000       0.00000000     -0.978828609    
   0.00000000       0.00000000     -0.979508460    
   0.00000000       0.00000000     -0.980065584    
   0.00000000       0.00000000     -0.980424345    
   0.00000000       0.00000000     -0.981061757    
   0.00000000       0.00000000     -0.981751025    
   0.00000000       0.00000000     -0.982029557    
   0.00000000       0.00000000     -0.982416689    
   0.00000000       0.00000000     -0.982780218    
   0.00000000       0.00000000     -0.983228743    
   0.00000000       0.00000000     -0.983535588    
   0.00000000       0.00000000     -0.983851910    
   0.00000000       0.00000000     -0.984220207    
   0.00000000       0.00000000     -0.984640360    
   0.00000000       0.00000000     -0.984895289    
   0.00000000       0.00000000     -0.985169113    
   0.00000000       0.00000000     -0.985509038    
   0.00000000       0.00000000     -0.985806465    
   0.00000000       0.00000000     -0.986047268    
   0.00000000       0.00000000     -0.986339986    
   0.00000000       0.00000000     -0.986689329    
   0.00000000       0.00000000     -0.986760139    
   0.00000000       0.00000000     -0.987152040    
   0.00000000       0.00000000     -0.987270057    
   0.00000000       0.00000000     -0.987477779    
   0.00000000       0.00000000     -0.987647772    
   0.00000000       0.00000000     -0.987914503    
   0.00000000       0.00000000     -0.988075018    
   0.00000000       0.00000000     -0.988252044    
   0.00000000       0.00000000     -0.988492846    
   0.00000000       0.00000000     -0.988627374    
   0.00000000       0.00000000     -0.988832772    
   0.00000000       0.00000000     -0.988995612    
   0.00000000       0.00000000     -0.989163220    
   0.00000000       0.00000000     -0.989316702    
   0.00000000       0.00000000     -0.989448845    
   0.00000000       0.00000000     -0.989599943    
   0.00000000       0.00000000     -0.989727437    
   0.00000000       0.00000000     -0.989902079    
   0.00000000       0.00000000     -0.990013063    
   0.00000000       0.00000000     -0.990102768    
   0.00000000       0.00000000     -0.990312815    
   0.00000000       0.00000000     -0.990404904    
   0.00000000       0.00000000     -0.990530014    
   0.00000000       0.00000000     -0.990648031    
   0.00000000       0.00000000     -0.990770817    
   0.00000000       0.00000000     -0.990904212    
   0.00000000       0.00000000     -0.990986764    
   0.00000000       0.00000000     -0.991089463    
   0.00000000       0.00000000     -0.991220534    
   0.00000000       0.00000000     -0.991323173    
   0.00000000       0.00000000     -0.991386890    
   0.00000000       0.00000000     -0.991521478    
   0.00000000       0.00000000     -0.991598248    
   0.00000000       0.00000000     -0.991710305    
   0.00000000       0.00000000     -0.991803527    
   0.00000000       0.00000000     -0.991861403    
   0.00000000       0.00000000     -0.991972923    
   0.00000000       0.00000000     -0.992055535    
   0.00000000       0.00000000     -0.992140472    
   0.00000000       0.00000000     -0.992239058    
   0.00000000       0.00000000     -0.992303967    
   0.00000000       0.00000000     -0.992396951    
   0.00000000       0.00000000     -0.992472291    
   0.00000000       0.00000000     -0.992548943    
   0.00000000       0.00000000     -0.992622137    
