   1.00000000    
  0.367879450    
  0.310886174    
  0.238473922    
  0.195901647    
  0.169222355    
  0.145551324    
  0.130149186    
  0.117160857    
  0.104844503    
   9.79676247E-02
   8.94385949E-02
   8.28240365E-02
   7.63322935E-02
   7.33310506E-02
   6.83652163E-02
   6.40946999E-02
   6.06023148E-02
   5.70501797E-02
   5.42964675E-02
   5.47308251E-02
   5.18848710E-02
   4.93205003E-02
   4.69919704E-02
   4.48621996E-02
   4.30140011E-02
   4.12384048E-02
   3.96006033E-02
   3.81349027E-02
   3.68227623E-02
   3.56366336E-02
   3.46167795E-02
   3.34643126E-02
   3.23818512E-02
   3.15675288E-02
   3.08944266E-02
   3.01679093E-02
   2.98579633E-02
   2.91997604E-02
   2.83782929E-02
   2.78624687E-02
   2.74058525E-02
   2.67058033E-02
   2.61535980E-02
   2.55739987E-02
   2.49477439E-02
   2.43655778E-02
   2.38148607E-02
   2.32587103E-02
   2.27632988E-02
   2.22826991E-02
   2.17916723E-02
   2.13925205E-02
   2.09909920E-02
   2.05905978E-02
   2.01980770E-02
   1.98166613E-02
   1.94918085E-02
   1.91343017E-02
   1.88026559E-02
   1.84540879E-02
   1.82163175E-02
   1.79356690E-02
   1.76240094E-02
   1.73453745E-02
   1.71679538E-02
   1.69039071E-02
   1.66658275E-02
   1.64496824E-02
   1.62238460E-02
   1.60051975E-02
   1.57683343E-02
   1.55531541E-02
   1.53208626E-02
   1.51203545E-02
   1.49244042E-02
   1.47338212E-02
   1.45297116E-02
   1.43358950E-02
   1.41340140E-02
   1.39382156E-02
   1.37545755E-02
   1.35767441E-02
   1.33956475E-02
   1.32288206E-02
   1.30586391E-02
   1.28909983E-02
   1.27293970E-02
   1.25889489E-02
   1.24659678E-02
   1.23115322E-02
   1.22063747E-02
   1.20669603E-02
   1.19265420E-02
   1.17894122E-02
   1.16599891E-02
   1.15248235E-02
   1.13968244E-02
   1.12677962E-02
   1.11520747E-02
   1.10538667E-02
   1.09498911E-02
   1.08400760E-02
   1.07269483E-02
   1.06216138E-02
   1.05238296E-02
   1.04208030E-02
   1.03270235E-02
   1.02383653E-02
   1.01435473E-02
   1.00513017E-02
   9.95767489E-03
   9.86063946E-03
   9.78167355E-03
   9.68805514E-03
   9.60250758E-03
   9.51230712E-03
   9.42530576E-03
   9.34149977E-03
   9.25926212E-03
   9.17684473E-03
   9.10324510E-03
   9.02218651E-03
   8.94399546E-03
   8.86449870E-03
   8.79460108E-03
   8.72184243E-03
   8.65145493E-03
   8.57978780E-03
   8.50784034E-03
   8.44223052E-03
   8.37125909E-03
   8.30147322E-03
   8.24285112E-03
   8.19283538E-03
   8.12962558E-03
   8.06864258E-03
   8.00380204E-03
   7.94346537E-03
   7.88642094E-03
   7.82574527E-03
   7.76604796E-03
   7.70596974E-03
   7.64898723E-03
   7.60382693E-03
   7.54994946E-03
   7.49666011E-03
   7.44172279E-03
   7.38662714E-03
   7.33837625E-03
   7.28674326E-03
   7.24387728E-03
   7.19452649E-03
   7.14548957E-03
   7.09468778E-03
   7.04740221E-03
   6.99918997E-03
   6.95138937E-03
   6.91040931E-03
   6.86736777E-03
   6.82708994E-03
   6.78685680E-03
   6.74189860E-03
   6.70353323E-03
   6.66134246E-03
   6.61722012E-03
   6.57938514E-03
   6.53790124E-03
   6.49529602E-03
   6.45324402E-03
   6.41173404E-03
   6.37561781E-03
   6.33585500E-03
   6.29662257E-03
   6.26469543E-03
   6.22853916E-03
   6.19267114E-03
   6.15950208E-03
   6.12764712E-03
   6.09614607E-03
   6.05909573E-03
   6.02682214E-03
   5.99165820E-03
   5.96152199E-03
   5.92889963E-03
   5.89524861E-03
   5.86476456E-03
   5.83050307E-03
   5.79752261E-03
   5.77044440E-03
   5.73995756E-03
   5.71060739E-03
   5.67987934E-03
   5.64770959E-03
   5.62825659E-03
   5.59930736E-03
   5.56807406E-03
   5.53734368E-03
   5.50685870E-03
   5.47993556E-03
   5.44998841E-03
   5.42361895E-03
   5.39506925E-03
   5.36604039E-03
   5.34070330E-03
   5.31383324E-03
   5.28801000E-03
   5.26012061E-03
   5.23337349E-03
   5.21162245E-03
   5.18453168E-03
   5.15772216E-03
   5.13210613E-03
   5.10586426E-03
   5.08062728E-03
   5.05920267E-03
   5.03510609E-03
   5.01054479E-03
   4.98550199E-03
   4.96214861E-03
   4.93827555E-03
   4.91466187E-03
   4.89124982E-03
   4.86809015E-03
   4.84658498E-03
   4.82315244E-03
   4.80002537E-03
   4.77967784E-03
   4.75818617E-03
   4.74090362E-03
   4.72123874E-03
   4.69975919E-03
   4.67772316E-03
   4.65651508E-03
   4.63488232E-03
   4.61344980E-03
   4.59344126E-03
   4.57302528E-03
   4.55223676E-03
   4.53340029E-03
   4.51470027E-03
   4.49493807E-03
   4.47833398E-03
   4.45965957E-03
   4.44045570E-03
   4.42198385E-03
   4.40281490E-03
   4.38403152E-03
   4.36509587E-03
   4.34671016E-03
   4.32852935E-03
   4.31337021E-03
   4.29592328E-03
   4.27750777E-03
   4.25925013E-03
   4.24330868E-03
   4.22800798E-03
   4.21016989E-03
   4.19354858E-03
   4.17708512E-03
   4.16178955E-03
   4.14654426E-03
   4.13189502E-03
   4.11485787E-03
   4.09796042E-03
   4.08172002E-03
   4.06542979E-03
   4.04942781E-03
   4.03453223E-03
   4.02121432E-03
   4.00556251E-03
   3.98954982E-03
   3.97616252E-03
   3.96038406E-03
   3.94473085E-03
   3.92939523E-03
   3.91445961E-03
   3.90006951E-03
   3.88488849E-03
   3.87027278E-03
   3.85636371E-03
   3.84289538E-03
   3.82904103E-03
   3.81491124E-03
   3.80082475E-03
   3.78640578E-03
   3.77209601E-03
   3.75797669E-03
   3.74388066E-03
   3.72989057E-03
   3.71737429E-03
   3.70490528E-03
   3.69120436E-03
   3.67772579E-03
   3.66450706E-03
   3.65120359E-03
   3.63959675E-03
   3.62796849E-03
   3.61610088E-03
   3.60663817E-03
   3.59525066E-03
   3.58234788E-03
   3.56992939E-03
   3.55759775E-03
   3.54572199E-03
   3.53336567E-03
   3.52130830E-03
   3.50893056E-03
   3.49663966E-03
   3.48447263E-03
   3.47349420E-03
   3.46145011E-03
   3.44990473E-03
   3.43802338E-03
   3.42658069E-03
   3.41527071E-03
   3.40398075E-03
   3.39241326E-03
   3.38307256E-03
   3.37234791E-03
   3.36134410E-03
   3.35041271E-03
   3.33920610E-03
   3.32909403E-03
   3.31815681E-03
   3.30718304E-03
   3.29626352E-03
   3.28541594E-03
   3.27632367E-03
   3.26601765E-03
   3.25536821E-03
   3.24579910E-03
   3.23614758E-03
   3.22569162E-03
   3.21604102E-03
   3.20571475E-03
   3.19583877E-03
   3.18595464E-03
   3.17583792E-03
   3.16703017E-03
   3.15763662E-03
   3.14828288E-03
   3.13838688E-03
   3.12862080E-03
   3.12014157E-03
   3.11132078E-03
   3.10165551E-03
   3.09269107E-03
   3.08374641E-03
   3.07483808E-03
   3.06597585E-03
   3.05658998E-03
   3.04754381E-03
   3.03855189E-03
   3.02963005E-03
   3.02186399E-03
   3.01302504E-03
   3.00425477E-03
   2.99555273E-03
   2.98686908E-03
   2.97797727E-03
   2.96941306E-03
   2.96088285E-03
   2.95238593E-03
   2.94369832E-03
   2.93506170E-03
   2.92701717E-03
   2.91903410E-03
   2.91077886E-03
   2.90231849E-03
   2.89390725E-03
   2.88658077E-03
   2.87855789E-03
   2.87104840E-03
   2.86317524E-03
   2.85498938E-03
   2.84784753E-03
   2.83974875E-03
   2.83243461E-03
   2.82517518E-03
   2.81744963E-03
   2.81023281E-03
   2.80234660E-03
   2.79450440E-03
   2.78670597E-03
   2.77919252E-03
   2.77147931E-03
   2.76380894E-03
   2.75621074E-03
   2.74956459E-03
   2.74204463E-03
   2.73477333E-03
   2.72730459E-03
   2.71987659E-03
   2.71270960E-03
   2.70536076E-03
   2.69805174E-03
   2.69101583E-03
   2.68381275E-03
   2.67663412E-03
   2.66969670E-03
   2.66257883E-03
   2.65549892E-03
   2.64868652E-03
   2.64188065E-03
   2.63492460E-03
   2.62799091E-03
   2.62120762E-03
   2.61474284E-03
   2.60811299E-03
   2.60162982E-03
   2.59506702E-03
   2.58853775E-03
   2.58187391E-03
   2.57560750E-03
   2.56958115E-03
   2.56318133E-03
   2.55682785E-03
   2.55108671E-03
   2.54458678E-03
   2.53889011E-03
   2.53268564E-03
   2.52647093E-03
   2.52012326E-03
   2.51378026E-03
   2.50746915E-03
   2.50121648E-03
   2.49498175E-03
   2.48879171E-03
   2.48279329E-03
   2.47663655E-03
   2.47107237E-03
   2.46497360E-03
   2.45962362E-03
   2.45360821E-03
   2.44778092E-03
   2.44179647E-03
   2.43584113E-03
   2.43045436E-03
   2.42492161E-03
   2.41911388E-03
   2.41326890E-03
   2.40745209E-03
   2.40175426E-03
   2.39675771E-03
   2.39102007E-03
   2.38581304E-03
   2.38033361E-03
   2.37484113E-03
   2.36937427E-03
   2.36427831E-03
   2.35869503E-03
   2.35330337E-03
   2.34783534E-03
   2.34232959E-03
   2.33717775E-03
   2.33188574E-03
   2.32647965E-03
   2.32160022E-03
   2.31667957E-03
   2.31150608E-03
   2.30695377E-03
   2.30163778E-03
   2.29634624E-03
   2.29154923E-03
   2.28630379E-03
   2.28155055E-03
   2.27652304E-03
   2.27133418E-03
   2.26632785E-03
   2.26135598E-03
   2.25706352E-03
   2.25212076E-03
   2.24719988E-03
   2.24245782E-03
   2.23757955E-03
   2.23273481E-03
   2.22804374E-03
   2.22351658E-03
   2.21857801E-03
   2.21380452E-03
   2.20890902E-03
   2.20418954E-03
   2.19949055E-03
   2.19480018E-03
   2.19027139E-03
   2.18562060E-03
   2.18084874E-03
   2.17612134E-03
   2.17164843E-03
   2.16721767E-03
   2.16265419E-03
   2.15798221E-03
   2.15346948E-03
   2.14883708E-03
   2.14474392E-03
   2.14014901E-03
   2.13582651E-03
   2.13126978E-03
   2.12685810E-03
   2.12233933E-03
   2.11799936E-03
   2.11364334E-03
   2.10931688E-03
   2.10487237E-03
   2.10046908E-03
   2.09634379E-03
   2.09195353E-03
   2.08758214E-03
   2.08322867E-03
   2.07889336E-03
   2.07469892E-03
   2.07039877E-03
   2.06615007E-03
   2.06191884E-03
   2.05767155E-03
   2.05371808E-03
   2.04955996E-03
   2.04536342E-03
   2.04155780E-03
   2.03739386E-03
   2.03337846E-03
   2.02983175E-03
   2.02571577E-03
   2.02162703E-03
   2.01754435E-03
   2.01371615E-03
   2.00967607E-03
   2.00598617E-03
   2.00243969E-03
   1.99843384E-03
   1.99444406E-03
   1.99069479E-03
   1.98673597E-03
   1.98300602E-03
   1.97907770E-03
   1.97516475E-03
   1.97150046E-03
   1.96761731E-03
   1.96385523E-03
   1.96023402E-03
   1.95639511E-03
   1.95267622E-03
   1.94887735E-03
   1.94510375E-03
   1.94142840E-03
   1.93788146E-03
   1.93412963E-03
   1.93039246E-03
   1.92668010E-03
   1.92300254E-03
   1.91930821E-03
   1.91562797E-03
   1.91196182E-03
   1.90831989E-03
   1.90478400E-03
   1.90139399E-03
   1.89778209E-03
   1.89419428E-03
   1.89074175E-03
   1.88729190E-03
   1.88373320E-03
   1.88034971E-03
   1.87691813E-03
   1.87350914E-03
   1.87000236E-03
   1.86650874E-03
   1.86312827E-03
   1.85966026E-03
   1.85630494E-03
   1.85296172E-03
   1.84979965E-03
   1.84638100E-03
   1.84306398E-03
   1.83967012E-03
   1.83628884E-03
   1.83291989E-03
   1.82956352E-03
   1.82622916E-03
   1.82310247E-03
   1.81996729E-03
   1.81674561E-03
   1.81353569E-03
   1.81024976E-03
   1.80706289E-03
   1.80380035E-03
   1.80058822E-03
   1.79734896E-03
   1.79420807E-03
   1.79099164E-03
   1.78778695E-03
   1.78462232E-03
   1.78160286E-03
   1.77860318E-03
   1.77566172E-03
   1.77251163E-03
   1.76937261E-03
   1.76632986E-03
   1.76332635E-03
   1.76021969E-03
   1.75720884E-03
   1.75412372E-03
   1.75104942E-03
   1.74806092E-03
   1.74500782E-03
   1.74197461E-03
   1.73894281E-03
   1.73600530E-03
   1.73299422E-03
   1.73007685E-03
   1.72716042E-03
   1.72441103E-03
   1.72143988E-03
   1.71855290E-03
   1.71563891E-03
   1.71284494E-03
   1.70991360E-03
   1.70707481E-03
   1.70423614E-03
   1.70149817E-03
   1.69889699E-03
   1.69624924E-03
   1.69359229E-03
   1.69087132E-03
   1.68809609E-03
   1.68524880E-03
   1.68248324E-03
   1.67965493E-03
   1.67706062E-03
   1.67425035E-03
   1.67160179E-03
   1.66880980E-03
   1.66624156E-03
   1.66353874E-03
   1.66076480E-03
   1.65807991E-03
   1.65533298E-03
   1.65266579E-03
   1.65007811E-03
   1.64742814E-03
   1.64478691E-03
   1.64216268E-03
   1.63946825E-03
   1.63684413E-03
   1.63429836E-03
   1.63162954E-03
   1.62903918E-03
   1.62638759E-03
   1.62380550E-03
   1.62130117E-03
   1.61867461E-03
   1.61617761E-03
   1.61362824E-03
   1.61115581E-03
   1.60869106E-03
   1.60610524E-03
   1.60364795E-03
   1.60107831E-03
   1.59851683E-03
   1.59597222E-03
   1.59367418E-03
   1.59125566E-03
   1.58909126E-03
   1.58663583E-03
   1.58435758E-03
   1.58190867E-03
   1.57958549E-03
   1.57715136E-03
   1.57466601E-03
   1.57224725E-03
   1.57001207E-03
   1.56754907E-03
   1.56509376E-03
   1.56270468E-03
   1.56026462E-03
   1.55784027E-03
   1.55553175E-03
   1.55317201E-03
   1.55088585E-03
   1.54849072E-03
   1.54609478E-03
   1.54371443E-03
   1.54133316E-03
   1.53908273E-03
   1.53676514E-03
   1.53440528E-03
   1.53216731E-03
   1.52993586E-03
   1.52765412E-03
   1.52540358E-03
   1.52313558E-03
   1.52092299E-03
   1.51866034E-03
   1.51641236E-03
   1.51417113E-03
   1.51188020E-03
   1.50964456E-03
   1.50746375E-03
   1.50530564E-03
   1.50313764E-03
   1.50087988E-03
   1.49862887E-03
   1.49650464E-03
   1.49431475E-03
   1.49219460E-03
   1.49006501E-03
   1.48790993E-03
   1.48569769E-03
   1.48354750E-03
   1.48140360E-03
   1.47936877E-03
   1.47727632E-03
   1.47509563E-03
   1.47292123E-03
   1.47075334E-03
   1.46859174E-03
   1.46643654E-03
   1.46429543E-03
   1.46215293E-03
   1.46006327E-03
   1.45811751E-03
   1.45616359E-03
   1.45412551E-03
   1.45201257E-03
   1.45038858E-03
   1.44828646E-03
   1.44627073E-03
   1.44418050E-03
   1.44209643E-03
   1.44001818E-03
   1.43809675E-03
   1.43603014E-03
   1.43404887E-03
   1.43215270E-03
   1.43018248E-03
   1.42813858E-03
   1.42610038E-03
   1.42422598E-03
   1.42219895E-03
   1.42017764E-03
   1.41816214E-03
   1.41615234E-03
   1.41430518E-03
   1.41230645E-03
   1.41039153E-03
   1.40840374E-03
   1.40642154E-03
   1.40459195E-03
   1.40262034E-03
   1.40087877E-03
   1.39905547E-03
   1.39709946E-03
   1.39521773E-03
   1.39327231E-03
   1.39134121E-03
   1.38940674E-03
   1.38747762E-03
   1.38569879E-03
   1.38384814E-03
   1.38200261E-03
   1.38011109E-03
   1.37820770E-03
   1.37637730E-03
   1.37448427E-03
   1.37280754E-03
   1.37092429E-03
   1.36904616E-03
   1.36724883E-03
   1.36552367E-03
   1.36366033E-03
   1.36194460E-03
   1.36009103E-03
   1.35824236E-03
   1.35646551E-03
   1.35462685E-03
   1.35279319E-03
   1.35096430E-03
   1.34914042E-03
   1.34732143E-03
   1.34550733E-03
   1.34369812E-03
   1.34196004E-03
   1.34022627E-03
   1.33862905E-03
   1.33683835E-03
   1.33518374E-03
   1.33340224E-03
   1.33162539E-03
   1.33004971E-03
   1.32829009E-03
   1.32659217E-03
   1.32483349E-03
   1.32320984E-03
   1.32146000E-03
   1.31971494E-03
   1.31797441E-03
   1.31636811E-03
   1.31463644E-03
   1.31297391E-03
   1.31131557E-03
   1.30959705E-03
   1.30794744E-03
   1.30630226E-03
   1.30462099E-03
   1.30298419E-03
   1.30135147E-03
   1.29965914E-03
   1.29797112E-03
   1.29628752E-03
   1.29460823E-03
   1.29299681E-03
   1.29138178E-03
   1.28984998E-03
   1.28824264E-03
   1.28665543E-03
   1.28506415E-03
   1.28346903E-03
   1.28182280E-03
   1.28024362E-03
   1.27866853E-03
   1.27709738E-03
   1.27546757E-03
   1.27384171E-03
   1.27240771E-03
   1.27091457E-03
   1.26942527E-03
   1.26781478E-03
   1.26627064E-03
   1.26466830E-03
   1.26306992E-03
   1.26166141E-03
   1.26007060E-03
   1.25848374E-03
   1.25695509E-03
   1.25543785E-03
   1.25386263E-03
   1.25229917E-03
   1.25079334E-03
   1.24933710E-03
   1.24777725E-03
   1.24622136E-03
   1.24473043E-03
   1.24325079E-03
   1.24170608E-03
   1.24018034E-03
   1.23876485E-03
   1.23724656E-03
   1.23571663E-03
   1.23425119E-03
   1.23289530E-03
   1.23143673E-03
   1.22992124E-03
   1.22840947E-03
   1.22690131E-03
   1.22544973E-03
   1.22406159E-03
   1.22256414E-03
   1.22107042E-03
   1.21958030E-03
   1.21814606E-03
   1.21672277E-03
   1.21524325E-03
   1.21377467E-03
   1.21230981E-03
   1.21084088E-03
   1.20943505E-03
   1.20797323E-03
   1.20651501E-03
   1.20506017E-03
   1.20360893E-03
   1.20221265E-03
   1.20081962E-03
   1.19937863E-03
   1.19799247E-03
   1.19655812E-03
   1.19512726E-03
   1.19369978E-03
   1.19227567E-03
   1.19085493E-03
   1.18948880E-03
   1.18819857E-03
   1.18683849E-03
   1.18543080E-03
   1.18402636E-03
   1.18262519E-03
   1.18122750E-03
   1.17988372E-03
   1.17854308E-03
   1.17715495E-03
   1.17577007E-03
   1.17444596E-03
   1.17307471E-03
   1.17169938E-03
   1.17037748E-03
   1.16900855E-03
   1.16770016E-03
   1.16633752E-03
   1.16497790E-03
   1.16363575E-03
   1.16228254E-03
   1.16092537E-03
   1.15957845E-03
   1.15838367E-03
   1.15719868E-03
   1.15586037E-03
   1.15452509E-03
   1.15319283E-03
   1.15186372E-03
   1.15053763E-03
   1.14921469E-03
   1.14789465E-03
   1.14657788E-03
   1.14526402E-03
   1.14419858E-03
   1.14289019E-03
   1.14158471E-03
   1.14028214E-03
   1.13898271E-03
   1.13783253E-03
   1.13658037E-03
   1.13538664E-03
   1.13409827E-03
   1.13300723E-03
   1.13177276E-03
   1.13049254E-03
   1.12921523E-03
   1.12794095E-03
   1.12671766E-03
   1.12544885E-03
   1.12418295E-03
   1.12291996E-03
   1.12184521E-03
   1.12058735E-03
   1.11933227E-03
   1.11812807E-03
   1.11701537E-03
   1.11580919E-03
   1.11456495E-03
   1.11332338E-03
   1.11208460E-03
   1.11103232E-03
   1.10988703E-03
   1.10865582E-03
   1.10752240E-03
   1.10629643E-03
   1.10512052E-03
   1.10399455E-03
   1.10277638E-03
   1.10172271E-03
   1.10055681E-03
   1.09939335E-03
   1.09823246E-03
   1.09716796E-03
   1.09596481E-03
   1.09485805E-03
   1.09375361E-03
   1.09260483E-03
   1.09141169E-03
   1.09038118E-03
   1.08919281E-03
   1.08805369E-03
   1.08691049E-03
   1.08572980E-03
   1.08455156E-03
   1.08342234E-03
   1.08228903E-03
   1.08111824E-03
   1.07995013E-03
   1.07882393E-03
   1.07766071E-03
   1.07658561E-03
   1.07546675E-03
   1.07432378E-03
   1.07317034E-03
   1.07201922E-03
   1.07091642E-03
   1.06977019E-03
   1.06871792E-03
   1.06757635E-03
   1.06651546E-03
   1.06542418E-03
   1.06433523E-03
   1.06320309E-03
   1.06211880E-03
   1.06103660E-03
   1.05995673E-03
   1.05891796E-03
   1.05783599E-03
   1.05671759E-03
   1.05564669E-03
   1.05457159E-03
   1.05349859E-03
   1.05242804E-03
   1.05132093E-03
   1.05026108E-03
   1.04919705E-03
   1.04817376E-03
   1.04707573E-03
   1.04601833E-03
   1.04492472E-03
   1.04383333E-03
   1.04283355E-03
   1.04182295E-03
   1.04089070E-03
   1.03980792E-03
   1.03876530E-03
   1.03772490E-03
   1.03669288E-03
   1.03561860E-03
   1.03454676E-03
   1.03347690E-03
   1.03244721E-03
   1.03141961E-03
   1.03051367E-03
   1.02948991E-03
   1.02860015E-03
   1.02754263E-03
   1.02648733E-03
   1.02550932E-03
   1.02449569E-03
   1.02344668E-03
   1.02239975E-03
   1.02147972E-03
   1.02043687E-03
   1.01939612E-03
   1.01835746E-03
   1.01735827E-03
   1.01639819E-03
   1.01540296E-03
   1.01437245E-03
   1.01338106E-03
   1.01244112E-03
   1.01149688E-03
   1.01058523E-03
   1.00964459E-03
   1.00873644E-03
   1.00771943E-03
   1.00674131E-03
   1.00572826E-03
   1.00471731E-03
   1.00370834E-03
   1.00273814E-03
   1.00173312E-03
   1.00073020E-03
   9.99808544E-04
   9.98809352E-04
   9.97812254E-04
   9.96969058E-04
   9.96085000E-04
   9.95202456E-04
   9.94212576E-04
   9.93224559E-04
   9.92238522E-04
   9.91254579E-04
   9.90381115E-04
   9.89400665E-04
   9.88422194E-04
   9.87548148E-04
   9.86609375E-04
   9.85636492E-04
   9.84737533E-04
   9.83828213E-04
   9.82926693E-04
   9.81960911E-04
   9.81015037E-04
   9.80053097E-04
   9.79098957E-04
   9.78140743E-04
   9.77184507E-04
   9.76337178E-04
   9.75384435E-04
   9.74576047E-04
   9.73626738E-04
   9.72679234E-04
   9.71733592E-04
   9.70789755E-04
   9.69883113E-04
   9.68942884E-04
   9.68075299E-04
   9.67168075E-04
   9.66233027E-04
   9.65299900E-04
   9.64433129E-04
   9.63503437E-04
   9.62575548E-04
   9.61649406E-04
   9.60725010E-04
   9.59837635E-04
   9.58916731E-04
   9.57997690E-04
   9.57080279E-04
   9.56199714E-04
   9.55285795E-04
   9.54373740E-04
   9.53533046E-04
   9.52659058E-04
   9.51746129E-04
   9.50840709E-04
   9.50035348E-04
   9.49133246E-04
   9.48232890E-04
   9.47334163E-04
   9.46437125E-04
   9.45541775E-04
   9.44682688E-04
   9.43790656E-04
   9.42957762E-04
   9.42068989E-04
   9.41216247E-04
   9.40330734E-04
   9.39446909E-04
   9.38564714E-04
   9.37684264E-04
   9.36805387E-04
   9.35928198E-04
   9.35052580E-04
   9.34178708E-04
   9.33306466E-04
   9.32464201E-04
   9.31629213E-04
   9.30795679E-04
   9.29929723E-04
   9.29065398E-04
   9.28202586E-04
   9.27341462E-04
   9.26481909E-04
   9.25680331E-04
   9.24958906E-04
   9.24103777E-04
   9.23250162E-04
   9.22443112E-04
   9.21626284E-04
   9.20833438E-04
   9.20041872E-04
   9.19195765E-04
   9.18384700E-04
   9.17541620E-04
   9.16856341E-04
   9.16016113E-04
   9.15177458E-04
   9.14395903E-04
   9.13621334E-04
   9.12787102E-04
   9.11993091E-04
   9.11161711E-04
   9.10331903E-04
   9.09503549E-04
   9.08676710E-04
   9.07884561E-04
   9.07060690E-04
   9.06238332E-04
   9.05411900E-04
   9.04702581E-04
   9.03917535E-04
   9.03166772E-04
   9.02351399E-04
   9.01636260E-04
   9.00856510E-04
   9.00138402E-04
   8.99328501E-04
   8.98547354E-04
   8.97740305E-04
   8.97032965E-04
   8.96228652E-04
   8.95425852E-04
   8.94716824E-04
   8.93943827E-04
   8.93210177E-04
   8.92412732E-04
   8.91616626E-04
   8.90821975E-04
   8.90028779E-04
   8.89236922E-04
   8.88446521E-04
   8.87657574E-04
   8.86902388E-04
   8.86116060E-04
   8.85331247E-04
   8.84547771E-04
   8.83765635E-04
   8.83011846E-04
   8.82232503E-04
   8.81459855E-04
   8.80683190E-04
   8.79907922E-04
   8.79133993E-04
   8.78393417E-04
   8.77622166E-04
   8.76884325E-04
   8.76115810E-04
   8.75348574E-04
   8.74646415E-04
   8.73993267E-04
   8.73309327E-04
   8.72573524E-04
   8.71844182E-04
   8.71110824E-04
   8.70352378E-04
   8.69595155E-04
   8.68892064E-04
   8.68190138E-04
   8.67436698E-04
   8.66737217E-04
   8.66038958E-04
   8.65341863E-04
   8.64651054E-04
   8.63956229E-04
   8.63315072E-04
   8.62570130E-04
   8.61826411E-04
   8.61083972E-04
   8.60395085E-04
   8.59655149E-04
   8.58916494E-04
   8.58205138E-04
   8.57468985E-04
   8.56770435E-04
   8.56062688E-04
   8.55335325E-04
   8.54609301E-04
   8.53910344E-04
   8.53181526E-04
   8.52459110E-04
   8.51732679E-04
   8.51038611E-04
   8.50314682E-04
   8.49591917E-04
   8.48870375E-04
   8.48150114E-04
   8.47431016E-04
   8.46754294E-04
   8.46094103E-04
   8.45378556E-04
   8.44669354E-04
   8.43956252E-04
   8.43295420E-04
   8.42584588E-04
   8.41900415E-04
   8.41191970E-04
   8.40484630E-04
   8.39905930E-04
   8.39226297E-04
   8.38522275E-04
   8.37819476E-04
   8.37117783E-04
   8.36417312E-04
   8.35773826E-04
   8.35075567E-04
   8.34378530E-04
   8.33682599E-04
   8.32987891E-04
   8.32339691E-04
   8.31672456E-04
   8.31056677E-04
   8.30366276E-04
   8.29677039E-04
   8.29064404E-04
   8.28427554E-04
   8.27741576E-04
   8.27056763E-04
   8.26372998E-04
   8.25740513E-04
   8.25104071E-04
   8.24433519E-04
   8.23754119E-04
   8.23075825E-04
   8.22403643E-04
   8.21727561E-04
   8.21052643E-04
   8.20373825E-04
   8.19701061E-04
   8.19029403E-04
   8.18358851E-04
   8.17689463E-04
   8.17021122E-04
   8.16353888E-04
   8.15687759E-04
   8.15077103E-04
   8.14412953E-04
   8.13754858E-04
   8.13092920E-04
   8.12432030E-04
   8.11816601E-04
   8.11182370E-04
   8.10524623E-04
   8.09892546E-04
   8.09300691E-04
   8.08646029E-04
   8.08011973E-04
   8.07359349E-04
   8.06707772E-04
   8.06057244E-04
   8.05407763E-04
   8.04759329E-04
   8.04112002E-04
   8.03465664E-04
   8.02820316E-04
   8.02210125E-04
   8.01591144E-04
   8.00992653E-04
   8.00351321E-04
   7.99711037E-04
   7.99115398E-04
   7.98501249E-04
   7.97868648E-04
   7.97232380E-04
   7.96626089E-04
   7.96020729E-04
   7.95406639E-04
   7.94841675E-04
   7.94253487E-04
   7.93695042E-04
   7.93156680E-04
   7.92527746E-04
   7.91899976E-04
   7.91273080E-04
   7.90675986E-04
   7.90089427E-04
   7.89465441E-04
   7.88842386E-04
   7.88220321E-04
   7.87599303E-04
   7.87007855E-04
   7.86388642E-04
   7.85770477E-04
   7.85153301E-04
   7.84541771E-04
   7.83945492E-04
   7.83345313E-04
   7.82779360E-04
   7.82190531E-04
   7.81602692E-04
   7.80992035E-04
   7.80382252E-04
   7.79778289E-04
   7.79170485E-04
   7.78568326E-04
   7.77967100E-04
   7.77362089E-04
   7.76776869E-04
   7.76178436E-04
   7.75576220E-04
   7.74974993E-04
   7.74440414E-04
   7.73840875E-04
   7.73242267E-04
   7.72663276E-04
   7.72066473E-04
   7.71475316E-04
   7.70898943E-04
   7.70328217E-04
   7.69804989E-04
   7.69263832E-04
   7.68718834E-04
   7.68151425E-04
   7.67561607E-04
   7.66991230E-04
   7.66426383E-04
   7.65839184E-04
   7.65271485E-04
   7.64709199E-04
   7.64184748E-04
   7.63600983E-04
   7.63018150E-04
   7.62436190E-04
   7.61855044E-04
   7.61293282E-04
   7.60713883E-04
   7.60135415E-04
   7.59557879E-04
   7.58981158E-04
   7.58409908E-04
   7.57834932E-04
   7.57302099E-04
   7.56811292E-04
   7.56247842E-04
   7.55717338E-04
   7.55169312E-04
   7.54640379E-04
   7.54071109E-04
   7.53502711E-04
   7.52939726E-04
   7.52377557E-04
   7.51811662E-04
   7.51251238E-04
   7.50687090E-04
   7.50160078E-04
   7.49624742E-04
   7.49067578E-04
   7.48542894E-04
   7.48000864E-04
   7.47441605E-04
   7.46883161E-04
   7.46348174E-04
   7.45831931E-04
   7.45275931E-04
   7.44720688E-04
   7.44170742E-04
   7.43635173E-04
   7.43118348E-04
   7.42602220E-04
   7.42091448E-04
   7.41540978E-04
   7.40991265E-04
   7.40487187E-04
   7.39956915E-04
   7.39427516E-04
   7.38898874E-04
   7.38353119E-04
   7.37830414E-04
   7.37339724E-04
   7.36849790E-04
   7.36307004E-04
   7.35765032E-04
   7.35255075E-04
   7.34714675E-04
   7.34175090E-04
   7.33636203E-04
   7.33098190E-04
   7.32560933E-04
   7.32042128E-04
   7.31506443E-04
   7.30993634E-04
   7.30481523E-04
   7.29970227E-04
   7.29472900E-04
   7.28940940E-04
   7.28409796E-04
   7.27879407E-04
   7.27349776E-04
   7.26829690E-04
   7.26319209E-04
   7.25791906E-04
   7.25287246E-04
   7.24761398E-04
   7.24275713E-04
   7.23830133E-04
   7.23328267E-04
   7.22840196E-04
   7.22317840E-04
   7.21796299E-04
   7.21332210E-04
   7.20829470E-04
   7.20310083E-04
   7.19808799E-04
   7.19290809E-04
   7.18773692E-04
   7.18257215E-04
   7.17758900E-04
   7.17243878E-04
   7.16733921E-04
   7.16237701E-04
   7.15742179E-04
   7.15247414E-04
   7.14753289E-04
   7.14242575E-04
   7.13749905E-04
   7.13240646E-04
   7.12732086E-04
   7.12224341E-04
   7.11717235E-04
   7.11210887E-04
   7.10705237E-04
   7.10200344E-04
   7.09696149E-04
   7.09192595E-04
   7.08694162E-04
   7.08192063E-04
   7.07707833E-04
   7.07241299E-04
   7.06741295E-04
   7.06276100E-04
   7.05777435E-04
   7.05296639E-04
   7.04799313E-04
   7.04302802E-04
   7.03806931E-04
   7.03328697E-04
   7.02834164E-04
   7.02361518E-04
   7.01885379E-04
   7.01426819E-04
   7.00956152E-04
   7.00481876E-04
   6.99995609E-04
   6.99556491E-04
   6.99071446E-04
   6.98599848E-04
   6.98128773E-04
   6.97692158E-04
   6.97256124E-04
   6.96786970E-04
   6.96301635E-04
   6.95816940E-04
   6.95349765E-04
   6.94883231E-04
   6.94400514E-04
   6.93918497E-04
   6.93437119E-04
   6.92960632E-04
   6.92480593E-04
   6.92005386E-04
   6.91526686E-04
   6.91082038E-04
   6.90633839E-04
   6.90157001E-04
   6.89680804E-04
   6.89238659E-04
   6.88767876E-04
   6.88310305E-04
   6.87844935E-04
   6.87421823E-04
   6.86949410E-04
   6.86477695E-04
   6.86006621E-04
   6.85536186E-04
   6.85066392E-04
   6.84597238E-04
   6.84128725E-04
   6.83660794E-04
   6.83193561E-04
   6.82743499E-04
   6.82293961E-04
   6.81845122E-04
   6.81380392E-04
   6.80928526E-04
   6.80469093E-04
   6.80006226E-04
   6.79560413E-04
   6.79098826E-04
   6.78646029E-04
   6.78189623E-04
   6.77746255E-04
   6.77303411E-04
   6.76844851E-04
   6.76386873E-04
   6.75929536E-04
   6.75521791E-04
   6.75077841E-04
   6.74622250E-04
   6.74167299E-04
   6.73712930E-04
   6.73259201E-04
   6.72806054E-04
   6.72366412E-04
   6.71946909E-04
   6.71511807E-04
   6.71085261E-04
   6.70639158E-04
   6.70221925E-04
   6.69772911E-04
   6.69324421E-04
   6.68880530E-04
   6.68437395E-04
   6.67990709E-04
   6.67544664E-04
   6.67103217E-04
   6.66686508E-04
   6.66262291E-04
   6.65854663E-04
   6.65427535E-04
   6.64984866E-04
   6.64578285E-04
   6.64136780E-04
   6.63695857E-04
   6.63255516E-04
   6.62859646E-04
   6.62432401E-04
   6.61997823E-04
   6.61559694E-04
   6.61122147E-04
   6.60685240E-04
   6.60248857E-04
   6.59844896E-04
   6.59429526E-04
   6.58994832E-04
   6.58608391E-04
   6.58198609E-04
   6.57781377E-04
   6.57348894E-04
   6.56936725E-04
   6.56505290E-04
   6.56074437E-04
   6.55644108E-04
   6.55246025E-04
   6.54848409E-04
   6.54419709E-04
   6.53991534E-04
   6.53567899E-04
   6.53156603E-04
   6.52765622E-04
   6.52339659E-04
   6.51965383E-04
   6.51540409E-04
   6.51116075E-04
   6.50707865E-04
   6.50296337E-04
   6.49873575E-04
   6.49451336E-04
   6.49029738E-04
   6.48608664E-04
   6.48188114E-04
   6.47768087E-04
   6.47348643E-04
   6.46929780E-04
   6.46527042E-04
   6.46109169E-04
   6.45703461E-04
   6.45306078E-04
   6.44889835E-04
   6.44474057E-04
   6.44058862E-04
   6.43644191E-04
   6.43245585E-04
   6.42862928E-04
   6.42492378E-04
   6.42122352E-04
   6.41710183E-04
   6.41294580E-04
   6.40883460E-04
   6.40472863E-04
   6.40062790E-04
   6.39668724E-04
   6.39286649E-04
   6.38878089E-04
   6.38481637E-04
   6.38074067E-04
   6.37682388E-04
   6.37329707E-04
   6.36923651E-04
   6.36518118E-04
   6.36113051E-04
   6.35750650E-04
   6.35369623E-04
   6.34966069E-04
   6.34578289E-04
   6.34175725E-04
   6.33773685E-04
   6.33372110E-04
   6.32971060E-04
   6.32570591E-04
   6.32181996E-04
   6.31797710E-04
   6.31398696E-04
   6.31026807E-04
   6.30670518E-04
   6.30272843E-04
   6.29890943E-04
   6.29494316E-04
   6.29098213E-04
   6.28702517E-04
   6.28307404E-04
   6.27927831E-04
   6.27563917E-04
   6.27170200E-04
   6.26777008E-04
   6.26384281E-04
   6.25992019E-04
   6.25600282E-04
   6.25209010E-04
   6.24833337E-04
   6.24469423E-04
   6.24094566E-04
   6.23727741E-04
   6.23365107E-04
   6.22976630E-04
   6.22588617E-04
   6.22249849E-04
   6.21862768E-04
   6.21517363E-04
   6.21131214E-04
   6.20790466E-04
   6.20405190E-04
   6.20020437E-04
   6.19639817E-04
   6.19255996E-04
   6.18872640E-04
   6.18489750E-04
   6.18107384E-04
   6.17725425E-04
   6.17343932E-04
   6.16962963E-04
   6.16615929E-04
   6.16247009E-04
   6.15922967E-04
   6.15543686E-04
   6.15164929E-04
   6.14786579E-04
   6.14408753E-04
   6.14031334E-04
   6.13680342E-04
   6.13366603E-04
   6.13005250E-04
   6.12629636E-04
   6.12254429E-04
   6.11879630E-04
   6.11545867E-04
   6.11194118E-04
   6.10820658E-04
   6.10447663E-04
   6.10104471E-04
   6.09732349E-04
   6.09371695E-04
   6.09011448E-04
   6.08640665E-04
   6.08270348E-04
   6.07900438E-04
   6.07530994E-04
   6.07162016E-04
   6.06837333E-04
   6.06469170E-04
   6.06101472E-04
   6.05745125E-04
   6.05400186E-04
   6.05081150E-04
   6.04725967E-04
   6.04360364E-04
   6.03995228E-04
   6.03630557E-04
   6.03266351E-04
   6.02913438E-04
   6.02550048E-04
   6.02187065E-04
   6.01824548E-04
   6.01462496E-04
   6.01100852E-04
   6.00739615E-04
   6.00411382E-04
   6.00087107E-04
   5.99727093E-04
   5.99367544E-04
   5.99008403E-04
   5.98718063E-04
   5.98359737E-04
   5.98001818E-04
   5.97669510E-04
   5.97312406E-04
   5.96991624E-04
   5.96635335E-04
   5.96279511E-04
   5.95924037E-04
   5.95569029E-04
   5.95214427E-04
   5.94903191E-04
   5.94549405E-04
   5.94196026E-04
   5.93843055E-04
   5.93536941E-04
   5.93195495E-04
   5.92843688E-04
   5.92492346E-04
   5.92173485E-04
   5.91822900E-04
   5.91504737E-04
   5.91154967E-04
   5.90805605E-04
   5.90467302E-04
   5.90129406E-04
   5.89781208E-04
   5.89444127E-04
   5.89096802E-04
   5.88749943E-04
   5.88403374E-04
   5.88078517E-04
   5.87732764E-04
   5.87387418E-04
   5.87042479E-04
   5.86719078E-04
   5.86389098E-04
   5.86045382E-04
   5.85723144E-04
   5.85380127E-04
   5.85037575E-04
   5.84695430E-04
   5.84353635E-04
   5.84012305E-04
   5.83671324E-04
   5.83330751E-04
   5.83015091E-04
   5.82696346E-04
   5.82377834E-04
   5.82038774E-04
   5.81700122E-04
   5.81361819E-04
   5.81023982E-04
   5.80686494E-04
   5.80349413E-04
   5.80040622E-04
   5.79704298E-04
   5.79368323E-04
   5.79032756E-04
   5.78697596E-04
   5.78383624E-04
   5.78080479E-04
   5.77760278E-04
   5.77426574E-04
   5.77093277E-04
   5.76760329E-04
   5.76462480E-04
   5.76130231E-04
   5.75822603E-04
   5.75491111E-04
   5.75170387E-04
   5.74839651E-04
   5.74509380E-04
   5.74193196E-04
   5.73905010E-04
   5.73575730E-04
   5.73246798E-04
   5.72959601E-04
   5.72631427E-04
   5.72303659E-04
   5.71976183E-04
   5.71649172E-04
   5.71332755E-04
   5.71016688E-04
   5.70725009E-04
   5.70399396E-04
   5.70108416E-04
   5.69783500E-04
   5.69479424E-04
   5.69155207E-04
   5.68831398E-04
   5.68507880E-04
   5.68195072E-04
   5.67882555E-04
   5.67573763E-04
   5.67272189E-04
   5.66950475E-04
   5.66629169E-04
   5.66318398E-04
   5.66007919E-04
   5.65697846E-04
   5.65377937E-04
   5.65061811E-04
   5.64752729E-04
   5.64433925E-04
   5.64115413E-04
   5.63797250E-04
   5.63509937E-04
   5.63202600E-04
   5.62885485E-04
   5.62568777E-04
   5.62252360E-04
   5.61936351E-04
   5.61620633E-04
   5.61305322E-04
   5.60990360E-04
   5.60675748E-04
   5.60361485E-04
   5.60047571E-04
   5.59734006E-04
   5.59440930E-04
   5.59128064E-04
   5.58815489E-04
   5.58523461E-04
   5.58211585E-04
   5.57900057E-04
   5.57588879E-04
   5.57288120E-04
   5.56987710E-04
   5.56721003E-04
   5.56431187E-04
   5.56131650E-04
   5.55822509E-04
   5.55513601E-04
   5.55205101E-04
   5.54916973E-04
   5.54609112E-04
   5.54321567E-04
   5.54064289E-04
   5.53757360E-04
   5.53460733E-04
   5.53154503E-04
   5.52848622E-04
   5.52543032E-04
   5.52257756E-04
   5.51952806E-04
   5.51648263E-04
   5.51344012E-04
   5.51040168E-04
   5.50736615E-04
   5.50433411E-04
   5.50130499E-04
   5.49864257E-04
   5.49561984E-04
   5.49289689E-04
   5.48988057E-04
   5.48686774E-04
   5.48415468E-04
   5.48114767E-04
   5.47814474E-04
   5.47514413E-04
   5.47214702E-04
   5.46915398E-04
   5.46639320E-04
   5.46340598E-04
   5.46042167E-04
   5.45744027E-04
   5.45446295E-04
   5.45158633E-04
   5.44871320E-04
   5.44594193E-04
   5.44307521E-04
   5.44021081E-04
   5.43725153E-04
   5.43429574E-04
   5.43144066E-04
   5.42849128E-04
   5.42554539E-04
   5.42260299E-04
   5.41966350E-04
   5.41672751E-04
   5.41379442E-04
   5.41086425E-04
   5.40803478E-04
   5.40517562E-04
   5.40225476E-04
   5.39933739E-04
   5.39642293E-04
   5.39351196E-04
   5.39060391E-04
   5.38769935E-04
   5.38495893E-04
   5.38215740E-04
   5.37926157E-04
   5.37656248E-04
   5.37367247E-04
   5.37078595E-04
   5.36799897E-04
   5.36521489E-04
   5.36233769E-04
   5.35946281E-04
   5.35659085E-04
   5.35391446E-04
   5.35114552E-04
   5.34828287E-04
   5.34542254E-04
   5.34266233E-04
   5.33980899E-04
   5.33695857E-04
   5.33411105E-04
   5.33165061E-04
   5.32880833E-04
   5.32625709E-04
   5.32351725E-04
   5.32087579E-04
   5.31823665E-04
   5.31569589E-04
   5.31334896E-04
   5.31071739E-04
   5.30799269E-04
   5.30517602E-04
   5.30236284E-04
   5.29955199E-04
   5.29674406E-04
   5.29412995E-04
   5.29132783E-04
   5.28852863E-04
   5.28611301E-04
   5.28331962E-04
   5.28071891E-04
   5.27821539E-04
   5.27552562E-04
   5.27290103E-04
   5.27027994E-04
   5.26750286E-04
   5.26472868E-04
   5.26195799E-04
   5.25937940E-04
   5.25670883E-04
   5.25394571E-04
   5.25128038E-04
   5.24864998E-04
   5.24589559E-04
   5.24314411E-04
   5.24039613E-04
   5.23771334E-04
   5.23506489E-04
   5.23232506E-04
   5.22958813E-04
   5.22685412E-04
   5.22421673E-04
   5.22158225E-04
   5.21885639E-04
   5.21613285E-04
   5.21341281E-04
   5.21088252E-04
   5.20832429E-04
   5.20561240E-04
   5.20290341E-04
   5.20029047E-04
   5.19768044E-04
   5.19497960E-04
   5.19228168E-04
   5.18958666E-04
   5.18698653E-04
   5.18429733E-04
   5.18170302E-04
   5.17901848E-04
   5.17649227E-04
   5.17381355E-04
   5.17113775E-04
   5.16846427E-04
   5.16579428E-04
   5.16321918E-04
   5.16055385E-04
   5.15789143E-04
   5.15538559E-04
   5.15282154E-04
   5.15016727E-04
   5.14751591E-04
   5.14486630E-04
   5.14222018E-04
   5.13957639E-04
   5.13693551E-04
   5.13429753E-04
   5.13166189E-04
   5.12902974E-04
   5.12639992E-04
   5.12377243E-04
   5.12114784E-04
   5.11871011E-04
   5.11609076E-04
   5.11347374E-04
   5.11095219E-04
   5.10852435E-04
   5.10600745E-04
   5.10340091E-04
   5.10079670E-04
   5.09825652E-04
   5.09602425E-04
   5.09361154E-04
   5.09107835E-04
   5.08857891E-04
   5.08608180E-04
   5.08349563E-04
   5.08091180E-04
   5.07833145E-04
   5.07575285E-04
   5.07317716E-04
   5.07060438E-04
   5.06803393E-04
   5.06546581E-04
   5.06290118E-04
   5.06042910E-04
   5.05805074E-04
   5.05549309E-04
   5.05299831E-04
   5.05044591E-04
   5.04798663E-04
   5.04559022E-04
   5.04304538E-04
   5.04050229E-04
   5.03796269E-04
   5.03542542E-04
   5.03288989E-04
   5.03035786E-04
   5.02782816E-04
   5.02530078E-04
   5.02277631E-04
   5.02043462E-04
   5.01791481E-04
   5.01545728E-04
   5.01294271E-04
   5.01043047E-04
   5.00792055E-04
   5.00541297E-04
   5.00290829E-04
   5.00040594E-04
   4.99790593E-04
