   0.00000000       0.00000000       0.00000000    
   7.84247459E-05   0.00000000       0.00000000    
   3.15197773E-04   0.00000000       0.00000000    
   7.10129563E-04   0.00000000       0.00000000    
   1.26320927E-03   0.00000000       0.00000000    
   1.97447767E-03   0.00000000       0.00000000    
   2.84395786E-03   0.00000000       0.00000000    
   3.87151120E-03   0.00000000       0.00000000    
   5.05722873E-03   0.00000000       0.00000000    
   6.40108343E-03   0.00000000       0.00000000    
   7.90304225E-03   0.00000000       0.00000000    
   9.56308283E-03   0.00000000       0.00000000    
   1.13811744E-02   0.00000000       0.00000000    
   1.33573366E-02   0.00000000       0.00000000    
   1.54915564E-02   0.00000000       0.00000000    
   1.77837871E-02   0.00000000       0.00000000    
   2.02340689E-02   0.00000000       0.00000000    
   2.28423346E-02   0.00000000       0.00000000    
   2.56085619E-02   0.00000000       0.00000000    
   2.85327844E-02   0.00000000       0.00000000    
   3.16149443E-02   0.00000000       0.00000000    
   3.48549932E-02   0.00000000       0.00000000    
   3.82530168E-02   0.00000000       0.00000000    
   4.18088660E-02   0.00000000       0.00000000    
   4.55226265E-02   0.00000000       0.00000000    
   4.93942574E-02   0.00000000       0.00000000    
   5.34237102E-02   0.00000000       0.00000000    
   5.76109849E-02   0.00000000       0.00000000    
   6.19559363E-02   0.00000000       0.00000000    
   6.64587840E-02   0.00000000       0.00000000    
   7.11193010E-02   0.00000000       0.00000000    
   7.59375542E-02   0.00000000       0.00000000    
   8.09135810E-02   0.00000000       0.00000000    
   8.60472247E-02   0.00000000       0.00000000    
   9.13385078E-02   0.00000000       0.00000000    
   9.67873856E-02   0.00000000       0.00000000    
  0.102393888       0.00000000       0.00000000    
  0.108157963       0.00000000       0.00000000    
  0.114079624       0.00000000       0.00000000    
  0.120158702       0.00000000       0.00000000    
  0.126395285       0.00000000       0.00000000    
  0.132789329       0.00000000       0.00000000    
  0.139340729       0.00000000       0.00000000    
  0.146049485       0.00000000       0.00000000    
  0.152915716       0.00000000       0.00000000    
  0.159939185       0.00000000       0.00000000    
  0.167119935       0.00000000       0.00000000    
  0.174457893       0.00000000       0.00000000    
  0.181953102       0.00000000       0.00000000    
  0.189605519       0.00000000       0.00000000    
  0.197414979       0.00000000       0.00000000    
  0.205381408       0.00000000       0.00000000    
  0.213504925       0.00000000       0.00000000    
  0.221785337       0.00000000       0.00000000    
  0.230222717       0.00000000       0.00000000    
  0.238816947       0.00000000       0.00000000    
  0.247567892       0.00000000       0.00000000    
  0.256475776       0.00000000       0.00000000    
  0.265540123       0.00000000       0.00000000    
  0.274761200       0.00000000       0.00000000    
  0.284138620       0.00000000       0.00000000    
  0.293672740       0.00000000       0.00000000    
  0.303363442       0.00000000       0.00000000    
  0.313210338       0.00000000       0.00000000    
  0.323213249       0.00000000       0.00000000    
  0.333372533       0.00000000       0.00000000    
  0.343687773       0.00000000       0.00000000    
  0.354159147       0.00000000       0.00000000    
  0.364786059       0.00000000       0.00000000    
  0.375569165       0.00000000       0.00000000    
  0.386507720       0.00000000       0.00000000    
  0.397601992       0.00000000       0.00000000    
  0.408851266       0.00000000       0.00000000    
  0.420255899       0.00000000       0.00000000    
  0.431816131       0.00000000       0.00000000    
  0.443531066       0.00000000       0.00000000    
  0.455400586       0.00000000       0.00000000    
  0.467425019       0.00000000       0.00000000    
  0.479603738       0.00000000       0.00000000    
  0.491936207       0.00000000       0.00000000    
  0.504422665       0.00000000       0.00000000    
  0.517063022       0.00000000       0.00000000    
  0.529856682       0.00000000       0.00000000    
  0.542803288       0.00000000       0.00000000    
  0.555902183       0.00000000       0.00000000    
  0.569153309       0.00000000       0.00000000    
  0.582556963       0.00000000       0.00000000    
  0.596111655       0.00000000       0.00000000    
  0.609816551       0.00000000       0.00000000    
  0.623671770       0.00000000       0.00000000    
  0.637675285       0.00000000       0.00000000    
  0.651827455       0.00000000       0.00000000    
  0.666127086       0.00000000       0.00000000    
  0.680570900       0.00000000       0.00000000    
  0.695158660       0.00000000       0.00000000    
  0.709887266       0.00000000       0.00000000    
  0.724752843       0.00000000       0.00000000    
  0.739749849       0.00000000       0.00000000    
  0.754873693       0.00000000       0.00000000    
  0.770105064       0.00000000       0.00000000    
  0.785399258       0.00000000       0.00000000    
  0.800694108       0.00000000       0.00000000    
  0.815926075       0.00000000       0.00000000    
  0.831049383       0.00000000       0.00000000    
  0.846046984       0.00000000       0.00000000    
  0.860912025       0.00000000       0.00000000    
  0.875640810       0.00000000       0.00000000    
  0.890227556       0.00000000       0.00000000    
  0.904672563       0.00000000       0.00000000    
  0.918971598       0.00000000       0.00000000    
  0.933124006       0.00000000       0.00000000    
  0.947127402       0.00000000       0.00000000    
  0.960982561       0.00000000       0.00000000    
  0.974687397       0.00000000       0.00000000    
  0.988242269       0.00000000       0.00000000    
   1.00164592       0.00000000       0.00000000    
   1.01489723       0.00000000       0.00000000    
   1.02799618       0.00000000       0.00000000    
   1.04094172       0.00000000       0.00000000    
   1.05373561       0.00000000       0.00000000    
   1.06637669       0.00000000       0.00000000    
   1.07886302       0.00000000       0.00000000    
   1.09119630       0.00000000       0.00000000    
   1.10337400       0.00000000       0.00000000    
   1.11539888       0.00000000       0.00000000    
   1.12726831       0.00000000       0.00000000    
   1.13898349       0.00000000       0.00000000    
   1.15054297       0.00000000       0.00000000    
   1.16194856       0.00000000       0.00000000    
   1.17319703       0.00000000       0.00000000    
   1.18429160       0.00000000       0.00000000    
   1.19523025       0.00000000       0.00000000    
   1.20601249       0.00000000       0.00000000    
   1.21664047       0.00000000       0.00000000    
   1.22711110       0.00000000       0.00000000    
   1.23742664       0.00000000       0.00000000    
   1.24758494       0.00000000       0.00000000    
   1.25758851       0.00000000       0.00000000    
   1.26743603       0.00000000       0.00000000    
   1.27712715       0.00000000       0.00000000    
   1.28666055       0.00000000       0.00000000    
   1.29603827       0.00000000       0.00000000    
   1.30525899       0.00000000       0.00000000    
   1.31432343       0.00000000       0.00000000    
   1.32323086       0.00000000       0.00000000    
   1.33198214       0.00000000       0.00000000    
   1.34057701       0.00000000       0.00000000    
   1.34901404       0.00000000       0.00000000    
   1.35729551       0.00000000       0.00000000    
   1.36541867       0.00000000       0.00000000    
   1.37338400       0.00000000       0.00000000    
   1.38119316       0.00000000       0.00000000    
   1.38884735       0.00000000       0.00000000    
   1.39634132       0.00000000       0.00000000    
   1.40367961       0.00000000       0.00000000    
   1.41086066       0.00000000       0.00000000    
   1.41788352       0.00000000       0.00000000    
   1.42474997       0.00000000       0.00000000    
   1.43145764       0.00000000       0.00000000    
   1.43801010       0.00000000       0.00000000    
   1.44440353       0.00000000       0.00000000    
   1.45064080       0.00000000       0.00000000    
   1.45672023       0.00000000       0.00000000    
   1.46264184       0.00000000       0.00000000    
   1.46840549       0.00000000       0.00000000    
   1.47401214       0.00000000       0.00000000    
   1.47946036       0.00000000       0.00000000    
   1.48475301       0.00000000       0.00000000    
   1.48988533       0.00000000       0.00000000    
   1.49486113       0.00000000       0.00000000    
   1.49968028       0.00000000       0.00000000    
   1.50434101       0.00000000       0.00000000    
   1.50884354       0.00000000       0.00000000    
   1.51318872       0.00000000       0.00000000    
   1.51737571       0.00000000       0.00000000    
   1.52140570       0.00000000       0.00000000    
   1.52527702       0.00000000       0.00000000    
   1.52899110       0.00000000       0.00000000    
   1.53254616       0.00000000       0.00000000    
   1.53594446       0.00000000       0.00000000    
   1.53918481       0.00000000       0.00000000    
   1.54226780       0.00000000       0.00000000    
   1.54519105       0.00000000       0.00000000    
   1.54795730       0.00000000       0.00000000    
   1.55056584       0.00000000       0.00000000    
   1.55301630       0.00000000       0.00000000    
   1.55530775       0.00000000       0.00000000    
   1.55744207       0.00000000       0.00000000    
   1.55941892       0.00000000       0.00000000    
   1.56123662       0.00000000       0.00000000    
   1.56289613       0.00000000       0.00000000    
   1.56439853       0.00000000       0.00000000    
   1.56574297       0.00000000       0.00000000    
   1.56692910       0.00000000       0.00000000    
   1.56795561       0.00000000       0.00000000    
   1.56882632       0.00000000       0.00000000    
   1.56953669       0.00000000       0.00000000    
   1.57008958       0.00000000       0.00000000    
   1.57048464       0.00000000       0.00000000    
   1.57072055       0.00000000       0.00000000    
   1.57079995       0.00000000       0.00000000    
