   1.00000000    
  0.999999166    
  0.999998927    
  0.999999166    
  0.999999940    
   1.00000000    
  0.999999881    
   1.00000036    
   1.00000060    
   1.00000012    
   1.00000060    
   1.00000024    
   1.00000012    
   1.00000024    
  0.999999821    
   1.00000000    
   1.00000024    
   1.00000000    
  0.999999642    
  0.999999762    
   1.00000012    
  0.999999821    
   1.00000036    
   1.00000012    
   1.00000036    
  0.999999940    
   1.00000024    
   1.00000024    
  0.999999821    
   1.00000024    
   1.00000012    
  0.999999762    
   1.00000024    
   1.00000036    
   1.00000036    
  0.999999881    
  0.999999881    
   1.00000000    
   1.00000036    
   1.00000012    
   1.00000012    
   1.00000036    
  0.999999940    
   1.00000012    
  0.999999762    
  0.999999940    
   1.00000036    
   1.00000024    
  0.999999940    
   1.00000048    
   1.00000036    
   1.00000036    
   1.00000024    
   1.00000012    
  0.999999762    
   1.00000024    
  0.999999642    
   1.00000036    
   1.00000012    
   1.00000000    
   1.00000000    
  0.999999821    
  0.999999523    
   1.00000012    
   1.00000036    
   1.00000048    
  0.999999702    
   1.00000048    
  0.999999404    
  0.999999940    
   1.00000000    
   1.00000048    
   1.00000048    
  0.999999642    
   1.00000000    
  0.999999583    
   1.00000036    
   1.00000048    
   1.00000095    
  0.999999940    
  0.999999523    
  0.999999940    
   1.00000024    
  0.999999762    
  0.999999881    
  0.999999762    
  0.999999344    
   1.00000000    
  0.999999762    
  0.999999881    
   1.00000024    
  0.999999642    
  0.999999881    
  0.999999404    
  0.999999344    
  0.999999464    
   1.00000036    
   1.00000012    
   1.00000000    
  0.999999404    
  0.999999404    
  0.999999702    
   1.00000000    
  0.999999344    
  0.999999940    
  0.999999642    
  0.999999762    
  0.999999285    
  0.999999642    
  0.999999702    
   1.00000036    
  0.999999642    
  0.999999881    
  0.999999642    
  0.999999821    
   1.00000012    
  0.999999702    
  0.999999166    
  0.999999285    
  0.999999344    
  0.999999404    
  0.999999881    
   1.00000024    
  0.999999404    
  0.999999762    
  0.999999523    
   1.00000024    
  0.999999642    
   1.00000024    
  0.999999583    
  0.999999762    
   1.00000000    
  0.999999166    
   1.00000012    
  0.999999285    
  0.999999404    
  0.999999285    
  0.999999404    
  0.999999940    
  0.999999881    
  0.999999523    
  0.999999762    
  0.999999285    
  0.999999404    
  0.999999344    
  0.999999464    
  0.999999642    
  0.999999881    
   1.00000000    
   1.00000000    
  0.999999762    
  0.999998808    
   1.00000048    
  0.999999702    
  0.999999762    
   1.00000000    
  0.999999523    
  0.999999762    
  0.999999285    
   1.00000000    
  0.999999762    
  0.999999523    
  0.999999881    
  0.999999940    
  0.999999940    
  0.999999881    
  0.999999762    
  0.999999762    
  0.999999166    
  0.999999166    
  0.999999702    
  0.999999762    
   1.00000012    
   1.00000000    
   1.00000000    
   1.00000048    
   1.00000000    
   1.00000024    
  0.999999404    
   1.00000000    
   1.00000012    
   1.00000048    
  0.999999762    
  0.999999762    
   1.00000060    
   1.00000000    
  0.999999523    
  0.999999881    
   1.00000024    
  0.999999881    
  0.999999523    
   1.00000000    
   1.00000036    
   1.00000036    
   1.00000012    
   1.00000072    
  0.999999762    
  0.999999940    
   1.00000024    
   1.00000000    
   1.00000000    
