   1.57080019      0.785399854      0.392700136    
   1.55071294      0.801524878      0.397738665    
   1.53111589      0.816744864      0.402369142    
   1.51198614      0.831080079      0.406617701    
   1.49330246      0.844551802      0.410509050    
   1.47504723      0.857181668      0.414067268    
   1.45720506      0.868991256      0.417315423    
   1.43976247      0.880002856      0.420276076    
   1.42270851      0.890238404      0.422970921    
   1.40603411      0.899720550      0.425421387    
   1.38973129      0.908471048      0.427648157    
   1.37379420      0.916512012      0.429671466    
   1.35821760      0.923864961      0.431510955    
   1.34299803      0.930551767      0.433185667    
   1.32813227      0.936593235      0.434714347    
   1.31361818      0.942010701      0.436114669    
   1.29945469      0.946824610      0.437404007    
   1.28564000      0.951054931      0.438598931    
   1.27217388      0.954721630      0.439715177    
   1.25905526      0.957844257      0.440767884    
   1.24628365      0.960441530      0.441771150    
   1.23385859      0.962532043      0.442738384    
   1.22177970      0.964130223      0.443681121    
   1.21004558      0.965257287      0.444611847    
   1.19865477      0.965930581      0.445541292    
   1.18760657      0.966163516      0.446478456    
   1.17689848      0.965975404      0.447432876    
   1.16652834      0.965382278      0.448412597    
   1.15649331      0.964399397      0.449424863    
   1.14679062      0.963041723      0.450475782    
   1.13741660      0.961323738      0.451570809    
   1.12836766      0.959259391      0.452714473    
   1.11963952      0.956862271      0.453910828    
   1.11122739      0.954145491      0.455163091    
   1.10312700      0.951121926      0.456473649    
   1.09533262      0.947803497      0.457844704    
   1.08783937      0.944202423      0.459277600    
   1.08064127      0.940330088      0.460773110    
   1.07373238      0.936197579      0.462331653    
   1.06710684      0.931815565      0.463953257    
   1.06075859      0.927194417      0.465637475    
   1.05468106      0.922344208      0.467383534    
   1.04886830      0.917274415      0.469190627    
   1.04331386      0.911992550      0.471056759    
   1.03801131      0.906509519      0.472981066    
   1.03295386      0.900833845      0.474961609    
   1.02813542      0.894973695      0.476996750    
   1.02354932      0.888937175      0.479084343    
   1.01918972      0.882730722      0.481221825    
   1.01504993      0.876362979      0.483407557    
   1.01112378      0.869841218      0.485639036    
   1.00740540      0.863172352      0.487914056    
   1.00388861      0.856363058      0.490230173    
   1.00056756      0.849419415      0.492585182    
  0.997436583      0.842347980      0.494976401    
  0.994490027      0.835154533      0.497401655    
  0.991722524      0.827844620      0.499858528    
  0.989128590      0.820423961      0.502344489    
  0.986703217      0.812897682      0.504857361    
  0.984441340      0.805270731      0.507394910    
  0.982337952      0.797548354      0.509954572    
  0.980388284      0.789734960      0.512534380    
  0.978587866      0.781835139      0.515132010    
  0.976932168      0.773853242      0.517745316    
  0.975416899      0.765793383      0.520372212    
  0.974037707      0.757659674      0.523010612    
  0.972790718      0.749455810      0.525658429    
  0.971672058      0.741185665      0.528313875    
  0.970677793      0.732852757      0.530974925    
  0.969804347      0.724460483      0.533639610    
  0.969048262      0.716012180      0.536306262    
  0.968406081      0.707510769      0.538972974    
  0.967874527      0.698959589      0.541638076    
  0.967450321      0.690361381      0.544299781    
  0.967130601      0.681719005      0.546956420    
  0.966912329      0.673034966      0.549606323    
  0.966792822      0.664312124      0.552247882    
  0.966769218      0.655552506      0.554879606    
  0.966838896      0.646758914      0.557499886    
  0.966999471      0.637933373      0.560107291    
  0.967248380      0.629078090      0.562700033    
  0.967583477      0.620195091      0.565277040    
  0.968002319      0.611286342      0.567836583    
  0.968502939      0.602353632      0.570377290    
  0.969083130      0.593398988      0.572897732    
  0.969741046      0.584423900      0.575396538    
  0.970474720      0.575430155      0.577872276    
  0.971282423      0.566419125      0.580323637    
  0.972162306      0.557392359      0.582749128    
  0.973112822      0.548351288      0.585147440    
  0.974132299      0.539297104      0.587517202    
  0.975219488      0.530231178      0.589857221    
  0.976372600      0.521154642      0.592165768    
  0.977590621      0.512068570      0.594441712    
  0.978871942      0.502973914      0.596683621    
  0.980215609      0.493871659      0.598890185    
  0.981620491      0.484762788      0.601059854    
  0.983085334      0.475647986      0.603191376    
  0.984609246      0.466528058      0.605283380    
  0.986191332      0.457403630      0.607334197    
  0.987830698      0.448275447      0.609342575    
  0.989526570      0.439143896      0.611307025    
  0.991278231      0.430009544      0.613226056    
  0.993084967      0.420872658      0.615098000    
  0.994946301      0.411733717      0.616921544    
  0.996861577      0.402592957      0.618694961    
  0.998830616      0.393450499      0.620416760    
   1.00085294      0.384306639      0.622085214    
   1.00292826      0.375161290      0.623698771    
   1.00505626      0.366014421      0.625255525    
   1.00723708      0.356866002      0.626753926    
   1.00947046      0.347715825      0.628191948    
   1.01175654      0.338563740      0.629567981    
   1.01409543      0.329409331      0.630879998    
   1.01648736      0.320252240      0.632126093    
   1.01893270      0.311091930      0.633304238    
   1.02143204      0.301927954      0.634412408    
   1.02398551      0.292759597      0.635448456    
   1.02659404      0.283586115      0.636410177    
   1.02925825      0.274406701      0.637295306    
   1.03197908      0.265220463      0.638101459    
   1.03475738      0.256026357      0.638826311    
   1.03759444      0.246823251      0.639467180    
   1.04049146      0.237609938      0.640021682    
   1.04344964      0.228385180      0.640487015    
   1.04647076      0.219147474      0.640860379    
   1.04955626      0.209895357      0.641138852    
   1.05270815      0.200627148      0.641319513    
   1.05592859      0.191341132      0.641399086    
   1.05921948      0.182035401      0.641374469    
   1.06258333      0.172707990      0.641242146    
   1.06602287      0.163356736      0.640998542    
   1.06954086      0.153979495      0.640640020    
   1.07314038      0.144573823      0.640162766    
   1.07682478      0.135137260      0.639562726    
   1.08059764      0.125667125      0.638835669    
   1.08446252      0.116160721      0.637977242    
   1.08842421      0.106615022      0.636982679    
   1.09248650       9.70270932E-02  0.635847330    
   1.09665477       8.73937011E-02  0.634566009    
   1.10093391       7.77115002E-02  0.633133411    
   1.10532951       6.79770187E-02  0.631543934    
   1.10984778       5.81866503E-02  0.629791677    
   1.11449492       4.83366549E-02  0.627870440    
   1.11927783       3.84230688E-02  0.625773609    
   1.12420404       2.84419563E-02  0.623494208    
   1.12928152       1.83890983E-02  0.621025145    
   1.13451886       8.26028455E-03  0.618358493    
   1.13992524      -1.94895396E-03  0.615486264    
   1.14551032      -1.22430101E-02  0.612399638    
   1.15128493      -2.26265565E-02  0.609089434    
   1.15726018      -3.31041776E-02  0.605545938    
   1.16344857      -4.36806530E-02  0.601758599    
   1.16986310      -5.43606654E-02  0.597716570    
   1.17651796      -6.51489943E-02  0.593407869    
   1.18342805      -7.60503709E-02  0.588819981    
   1.19060993      -8.70694369E-02  0.583939433    
   1.19808066      -9.82107222E-02  0.578751802    
   1.20585954     -0.109478720      0.573241770    
   1.21396649     -0.120877564      0.567392886    
   1.22242332     -0.132411137      0.561187387    
   1.23125339     -0.144083053      0.554606199    
   1.24048221     -0.155896410      0.547628880    
   1.25013661     -0.167853728      0.540233612    
   1.26024568     -0.179956958      0.532396674    
   1.27084124     -0.192207113      0.524092674    
   1.28195691     -0.204604313      0.515293956    
   1.29362941     -0.217147589      0.505971134    
   1.30589771     -0.229834512      0.496092260    
   1.31880426     -0.242661044      0.485622793    
   1.33239460     -0.255621493      0.474525809    
   1.34671772     -0.268707693      0.462761074    
   1.36182618     -0.281909108      0.450285554    
   1.37777674     -0.295212328      0.437052757    
   1.39463007     -0.308600426      0.423012853    
   1.41245091     -0.322052658      0.408112139    
   1.43130910     -0.335543633      0.392293274    
   1.45127857     -0.349042922      0.375495017    
   1.47243810     -0.362514138      0.357652217    
   1.49487102     -0.375914127      0.338695854    
   1.51866531     -0.389192075      0.318553418    
   1.54391265     -0.402288407      0.297149181    
   1.57070851     -0.415133804      0.274404734    
   1.59915090     -0.427647918      0.250240207    
   1.62933969     -0.439738125      0.224575281    
   1.66137421     -0.451298118      0.197330922    
   1.69535172     -0.462206930      0.168431640    
   1.73136437     -0.472327083      0.137808368    
   1.76949632     -0.481503814      0.105401851    
   1.80981922     -0.489564121       7.11667538E-02
   1.85238850     -0.496315777       3.50765772E-02
   1.89723694     -0.501547396      -2.87120300E-03
   1.94437063     -0.505028546      -4.26493660E-02
   1.99376297     -0.506510973      -8.41951966E-02
   2.04535007     -0.505730271     -0.127405301    
   2.09902692     -0.502408683     -0.172131419    
   2.15464544     -0.496258706     -0.218177542    
   2.21201515     -0.486987621     -0.265299857    
   2.27090597     -0.474302322     -0.313208759    
   2.33105564     -0.457914889     -0.361574322    
   2.39217854     -0.437547505     -0.410034031    
