 -0.137950689      0.392848015      0.587938607      0.693518698    
 -0.137777939      0.400451303      0.576761723      0.698571324    
 -0.137398198      0.407627732      0.565915763      0.703349590    
 -0.136821747      0.414393008      0.555399418      0.707876861    
 -0.136058539      0.420762330      0.545210302      0.712174654    
 -0.135118201      0.426750451      0.535345376      0.716262758    
 -0.134010032      0.432371587      0.525800824      0.720159352    
 -0.132742971      0.437639534      0.516572356      0.723881066    
 -0.131325632      0.442567587      0.507655084      0.727443218    
 -0.129766271      0.447168589      0.499043882      0.730859756    
 -0.128072783      0.451454908      0.490733176      0.734143436    
 -0.126252726      0.455438495      0.482717186      0.737305880    
 -0.124313317      0.459130824      0.474989921      0.740357637    
 -0.122261442      0.462542981      0.467545241      0.743308365    
 -0.120103657      0.465685636      0.460376889      0.746166766    
 -0.117846221      0.468569040      0.453478515      0.748940766    
 -0.115495063      0.471203089      0.446843773      0.751637459    
 -0.113055840      0.473597288      0.440466285      0.754263282    
 -0.110533908      0.475760788      0.434339672      0.756824076    
 -0.107934363      0.477702379      0.428457618      0.759324968    
 -0.105262034      0.479430556      0.422813833      0.761770606    
 -0.102521501      0.480953455      0.417402148      0.764165103    
  -9.97165143E-02  0.482277513      0.412217617      0.766512513    
  -9.68517810E-02  0.483411700      0.407253027      0.768815756    
  -9.39311832E-02  0.484363258      0.402502447      0.771077693    
  -9.09579322E-02  0.485137939      0.397961169      0.773301125    
  -8.79360065E-02  0.485743701      0.393622398      0.775487959    
  -8.48687068E-02  0.486187041      0.389480591      0.777640104    
  -8.17591622E-02  0.486474216      0.385530293      0.779759228    
  -7.86103383E-02  0.486611217      0.381766200      0.781846702    
  -7.54250437E-02  0.486603826      0.378183126      0.783903718    
  -7.22059235E-02  0.486457616      0.374776036      0.785931289    
  -6.89554960E-02  0.486177981      0.371539980      0.787930131    
  -6.56761304E-02  0.485770077      0.368470192      0.789900959    
  -6.23700842E-02  0.485238910      0.365562022      0.791844249    
  -5.90394884E-02  0.484589279      0.362810940      0.793760359    
  -5.56863621E-02  0.483825833      0.360212535      0.795649588    
  -5.23126237E-02  0.482953042      0.357762545      0.797512054    
  -4.89200838E-02  0.481975228      0.355456829      0.799347818    
  -4.55104671E-02  0.480896533      0.353291333      0.801156878    
  -4.20854054E-02  0.479720980      0.351262152      0.802939177    
  -3.86464521E-02  0.478452444      0.349365503      0.804694533    
  -3.51950750E-02  0.477094680      0.347597718      0.806422710    
  -3.17325182E-02  0.475650579      0.345955819      0.808123708    
  -2.82602701E-02  0.474124342      0.344435751      0.809797049    
  -2.47795992E-02  0.472519308      0.343034148      0.811442435    
  -2.12917123E-02  0.470838755      0.341747761      0.813059509    
  -1.77977569E-02  0.469085783      0.340573430      0.814647913    
  -1.42987166E-02  0.467262834      0.339508623      0.816207469    
  -1.07957525E-02  0.465373427      0.338549852      0.817737579    
  -7.28986692E-03  0.463420391      0.337694257      0.819237888    
  -3.78201599E-03  0.461406440      0.336939037      0.820707977    
  -2.73115700E-04  0.459334224      0.336281478      0.822147489    
   3.23595619E-03  0.457206249      0.335718989      0.823556006    
   6.74435683E-03  0.455024987      0.335249007      0.824933112    
   1.02512771E-02  0.452792823      0.334869087      0.826278448    
   1.37559408E-02  0.450512022      0.334576845      0.827591598    
   1.72575973E-02  0.448184788      0.334369928      0.828872204    
   2.07555257E-02  0.445813268      0.334246129      0.830119908    
   2.42490303E-02  0.443399519      0.334203243      0.831334352    
   2.77374368E-02  0.440945506      0.334239155      0.832515240    
   3.12200952E-02  0.438453138      0.334351838      0.833662271    
   3.46963741E-02  0.435924262      0.334539264      0.834775090    
   3.81656624E-02  0.433360666      0.334799528      0.835853457    
   4.16273661E-02  0.430764049      0.335130751      0.836897075    
   4.50809076E-02  0.428136051      0.335531086      0.837905705    
   4.85257208E-02  0.425478280      0.335998803      0.838879108    
   5.19612618E-02  0.422792256      0.336532176      0.839817047    
   5.53869903E-02  0.420079470      0.337129503      0.840719342    
   5.88023849E-02  0.417341322      0.337789208      0.841585875    
   6.22069314E-02  0.414579183      0.338509709      0.842416406    
   6.56001270E-02  0.411794335      0.339289486      0.843210816    
   6.89814761E-02  0.408988059      0.340127051      0.843969047    
   7.23504946E-02  0.406161547      0.341020942      0.844690919    
   7.57067055E-02  0.403315932      0.341969788      0.845376372    
   7.90496320E-02  0.400452346      0.342972249      0.846025348    
   8.23788121E-02  0.397571832      0.344026983      0.846637785    
   8.56937841E-02  0.394675404      0.345132738      0.847213686    
   8.89941007E-02  0.391764045      0.346288234      0.847752988    
   9.22793075E-02  0.388838649      0.347492307      0.848255754    
   9.55489576E-02  0.385900080      0.348743767      0.848721981    
   9.88026038E-02  0.382949203      0.350041509      0.849151671    
  0.102039814      0.379986793      0.351384401      0.849544942    
  0.105260141      0.377013564      0.352771401      0.849901795    
  0.108463153      0.374030262      0.354201496      0.850222349    
  0.111648418      0.371037513      0.355673671      0.850506723    
  0.114815496      0.368035972      0.357186943      0.850754976    
  0.117963962      0.365026206      0.358740389      0.850967288    
  0.121093377      0.362008750      0.360333145      0.851143777    
  0.124203309      0.358984113      0.361964315      0.851284564    
  0.127293333      0.355952770      0.363633037      0.851389825    
  0.130363002      0.352915138      0.365338534      0.851459742    
  0.133411884      0.349871606      0.367080033      0.851494551    
  0.136439547      0.346822500      0.368856788      0.851494372    
  0.139445558      0.343768150      0.370668054      0.851459444    
  0.142429471      0.340708852      0.372513175      0.851389945    
  0.145390838      0.337644815      0.374391496      0.851286113    
  0.148329228      0.334576219      0.376302391      0.851148188    
  0.151244178      0.331503242      0.378245294      0.850976408    
  0.154135242      0.328426003      0.380219609      0.850771010    
  0.157001972      0.325344592      0.382224828      0.850532234    
  0.159843907      0.322259039      0.384260446      0.850260317    
  0.162660584      0.319169343      0.386326015      0.849955499    
  0.165451542      0.316075474      0.388421088      0.849618018    
  0.168216303      0.312977374      0.390545279      0.849248171    
  0.170954391      0.309874892      0.392698228      0.848846197    
  0.173665345      0.306767911      0.394879609      0.848412335    
  0.176348671      0.303656220      0.397089124      0.847946882    
  0.179003879      0.300539583      0.399326503      0.847450018    
  0.181630462      0.297417700      0.401591539      0.846922040    
  0.184227943      0.294290245      0.403884053      0.846363187    
  0.186795801      0.291156858      0.406203896      0.845773637    
  0.189333528      0.288017154      0.408550948      0.845153630    
  0.191840604      0.284870625      0.410925150      0.844503403    
  0.194316506      0.281716794      0.413326502      0.843823135    
  0.196760699      0.278555095      0.415755004      0.843113005    
  0.199172646      0.275384933      0.418210745      0.842373252    
  0.201551795      0.272205651      0.420693815      0.841603935    
  0.203897581      0.269016534      0.423204362      0.840805233    
  0.206209451      0.265816838      0.425742596      0.839977264    
  0.208486825      0.262605757      0.428308785      0.839120090    
  0.210729137      0.259382397      0.430903226      0.838233769    
  0.212935776      0.256145835      0.433526278      0.837318361    
  0.215106159      0.252895087      0.436178356      0.836373866    
  0.217239663      0.249629125      0.438859910      0.835400283    
  0.219335660      0.246346816      0.441571504      0.834397495    
  0.221393526      0.243046999      0.444313705      0.833365381    
  0.223412603      0.239728421      0.447087169      0.832303822    
  0.225392237      0.236389786      0.449892610      0.831212580    
  0.227331758      0.233029693      0.452730805      0.830091417    
  0.229230478      0.229646698      0.455602616      0.828940034    
  0.231087685      0.226239264      0.458508939      0.827758014    
  0.232902661      0.222805783      0.461450815      0.826544940    
  0.234674677      0.219344571      0.464429289      0.825300336    
  0.236402959      0.215853840      0.467445523      0.824023604    
  0.238086745      0.212331742      0.470500767      0.822714090    
  0.239725232      0.208776325      0.473596305      0.821370959    
  0.241317600      0.205185533      0.476733595      0.819993436    
  0.242863014      0.201557249      0.479914099      0.818580568    
  0.244360596      0.197889239      0.483139426      0.817131281    
  0.245809436      0.194179147      0.486411273      0.815644383    
  0.247208610      0.190424562      0.489731431      0.814118564    
  0.248557150      0.186622918      0.493101805      0.812552392    
  0.249854058      0.182771549      0.496524364      0.810944259    
  0.251098305      0.178867698      0.500001252      0.809292436    
  0.252288789      0.174908474      0.503534675      0.807595015    
  0.253424376      0.170890853      0.507126987      0.805849910    
  0.254503906      0.166811705      0.510780632      0.804054856    
  0.255526155      0.162667766      0.514498234      0.802207351    
  0.256489813      0.158455640      0.518282413      0.800304711    
  0.257393509      0.154171795      0.522136092      0.798343956    
  0.258235812      0.149812564      0.526062191      0.796321869    
  0.259015232      0.145374119      0.530063808      0.794235051    
  0.259730160      0.140852511      0.534144223      0.792079687    
  0.260378897      0.136243626      0.538306773      0.789851725    
  0.260959685      0.131543204      0.542554975      0.787546813    
  0.261470586      0.126746833      0.546892464      0.785160124    
  0.261909604      0.121849947      0.551322997      0.782686591    
  0.262274563      0.116847813      0.555850565      0.780120611    
  0.262563199      0.111735538      0.560479164      0.777456284    
  0.262773007      0.106508069      0.565212965      0.774687111    
  0.262901366      0.101160191      0.570056319      0.771806121    
  0.262945414       9.56865251E-02  0.575013697      0.768805861    
  0.262902141       9.00815278E-02  0.580089569      0.765678287    
  0.262768269       8.43394995E-02  0.585288644      0.762414753    
  0.262540251       7.84545764E-02  0.590615690      0.759005904    
  0.262214303       7.24207461E-02  0.596075535      0.755441725    
  0.261786312       6.62318394E-02  0.601673067      0.751711488    
  0.261251837       5.98815456E-02  0.607413232      0.747803628    
  0.260606080       5.33634201E-02  0.613300979      0.743705690    
  0.259843856       4.66708951E-02  0.619341314      0.739404321    
  0.258959502       3.97972837E-02  0.625539124      0.734885275    
  0.257946908       3.27358097E-02  0.631899238      0.730133176    
  0.256799459       2.54796091E-02  0.638426423      0.725131631    
  0.255509973       1.80217661E-02  0.645125270      0.719862938    
  0.254070640       1.03553310E-02  0.652000010      0.714308202    
  0.252472967       2.47335061E-03  0.659054756      0.708447218    
  0.250707716      -5.63109573E-03  0.666293085      0.702258348    
  0.248764902      -1.39648560E-02  0.673718214      0.695718408    
  0.246633619      -2.25346591E-02  0.681332767      0.688802600    
  0.244302049      -3.13470587E-02  0.689138651      0.681484520    
  0.241757348      -4.04083803E-02  0.697136939      0.673735857    
  0.238985538      -4.97246310E-02  0.705327749      0.665526450    
  0.235971466      -5.93014359E-02  0.713710129      0.656824172    
  0.232698679      -6.91439435E-02  0.722281694      0.647594750    
  0.229149327      -7.92566985E-02  0.731038511      0.637801707    
  0.225304052      -8.96435529E-02  0.739974916      0.627406240    
  0.221141875     -0.100307509      0.749083042      0.616367280    
  0.216640100     -0.111250564      0.758352697      0.604641140    
  0.211774170     -0.122473530      0.767770886      0.592181683    
  0.206517577     -0.133975849      0.777321458      0.578940094    
  0.200841725     -0.145755365      0.786984682      0.564864933    
  0.194715813     -0.157808065      0.796736717      0.549902022    
  0.188106716     -0.170127794      0.806549072      0.533994615    
  0.180978924     -0.182705954      0.816387951      0.517083287    
  0.173294410     -0.195531130      0.826213658      0.499106050    
  0.165012568     -0.208588704      0.835979760      0.479998589    
  0.156090200     -0.221860439      0.845632315      0.459694445    
  0.146481454     -0.235323936      0.855108917      0.438125283    
  0.136137903     -0.248952150      0.864337742      0.415221363    
  0.125008613     -0.262712777      0.873236418      0.390912026    
