  0.785399973      0.392699987     -0.785399973    
  0.763280511      0.364038736     -0.751658201    
  0.741878927      0.336163908     -0.719225407    
  0.721166074      0.309074640     -0.688039064    
  0.701114297      0.282768130     -0.658039868    
  0.681697369      0.257239789     -0.629171371    
  0.662890315      0.232483447     -0.601379991    
  0.644669533      0.208491623     -0.574615002    
  0.627012551      0.185255632     -0.548828125    
  0.609897971      0.162765726     -0.523973584    
  0.593305469      0.141011283     -0.500007927    
  0.577215731      0.119980887     -0.476889908    
  0.561610341       9.96624827E-02 -0.454580456    
  0.546471834       8.00434500E-02 -0.433042347    
  0.531783521       6.11107051E-02 -0.412240446    
  0.517529428       4.28507775E-02 -0.392141342    
  0.503694475       2.52499040E-02 -0.372713357    
  0.490264118       8.29407386E-03 -0.353926420    
  0.477224588      -8.03089514E-03 -0.335751981    
  0.464562654      -2.37393137E-02 -0.318162978    
  0.452265680      -3.88455614E-02 -0.301133811    
  0.440267771      -5.34895137E-02 -0.284565985    
  0.428665131      -6.74354583E-02 -0.268585265    
  0.417392671      -8.08224082E-02 -0.253094912    
  0.406389713      -9.37775746E-02 -0.238007396    
  0.395746350     -0.106089972     -0.223437145    
  0.385402590     -0.117885932     -0.209298059    
  0.375349015     -0.129179388     -0.195572376    
  0.365576625     -0.139984131     -0.182243347    
  0.356076717     -0.150313765     -0.169294909    
  0.346840978     -0.160181716     -0.156711921    
  0.337861329     -0.169601187     -0.144479960    
  0.329130024     -0.178585187     -0.132585406    
  0.320639640     -0.187146485     -0.121015280    
  0.312382936     -0.195297658     -0.109757259    
  0.304352969     -0.203051031      -9.87996161E-02
  0.296543002     -0.210418671      -8.81312490E-02
  0.288946569     -0.217412442      -7.77416378E-02
  0.281557411     -0.224043950      -6.76207766E-02
  0.274369419     -0.230324551      -5.77591099E-02
  0.267376751     -0.236265376      -4.81476299E-02
  0.260573685     -0.241877288      -3.87776941E-02
  0.253922641     -0.247229472      -2.96027288E-02
  0.247482345     -0.252215326      -2.06918586E-02
  0.241215602     -0.256903410      -1.19991684E-02
  0.235117376     -0.261303633      -3.51764075E-03
  0.229182750     -0.265425622       4.75943182E-03
  0.223378837     -0.269327134       1.28719956E-02
  0.217757180     -0.272920847       2.07589641E-02
  0.212285221     -0.276263893       2.84597166E-02
  0.206958577     -0.279365033       3.59797850E-02
  0.201772958     -0.282232761       4.33244482E-02
  0.196724206     -0.284875363       5.04987352E-02
  0.191808254     -0.287300915       5.75074330E-02
  0.187021121     -0.289517313       6.43551126E-02
  0.182358950     -0.291532159       7.10461959E-02
  0.177817941     -0.293352932       7.75848478E-02
  0.173394382     -0.294986904       8.39750692E-02
  0.169084668     -0.296441108       9.02207494E-02
  0.164885238     -0.297722399       9.63255614E-02
  0.160792604     -0.298837483      0.102293029    
  0.156803384     -0.299792826      0.108126536    
  0.152914226     -0.300594747      0.113829359    
  0.149121851     -0.301249415      0.119404644    
  0.145423040     -0.301762789      0.124855392    
  0.141814634     -0.302140653      0.130184531    
  0.138293520     -0.302388668      0.135394901    
  0.134856641     -0.302512288      0.140489221    
  0.131500974     -0.302516878      0.145470113    
  0.128223553     -0.302407622      0.150340155    
  0.125021458     -0.302189529      0.155101836    
  0.121891789     -0.301867515      0.159757584    
  0.118831709     -0.301446319      0.164309740    
  0.115838394     -0.300930589      0.168760553    
  0.112909056     -0.300324768      0.173112318    
  0.110040948     -0.299633265      0.177367240    
  0.107231334     -0.298860312      0.181527495    
  0.104477525     -0.298009992      0.185595185    
  0.101776838     -0.297086358      0.189572394    
   9.91266221E-02 -0.296093255      0.193461165    
   9.65242311E-02 -0.295034498      0.197263539    
   9.39670578E-02 -0.293913752      0.200981557    
   9.14524943E-02 -0.292734593      0.204617262    
   8.89779478E-02 -0.291500509      0.208172634    
   8.65408480E-02 -0.290214866      0.211649686    
   8.41386244E-02 -0.288880974      0.215050429    
   8.17687139E-02 -0.287502021      0.218376830    
   7.94285610E-02 -0.286081105      0.221630916    
   7.71156177E-02 -0.284621239      0.224814713    
   7.48273358E-02 -0.283125401      0.227930278    
   7.25611821E-02 -0.281596422      0.230979636    
   7.03145936E-02 -0.280037105      0.233964920    
   6.80850372E-02 -0.278450191      0.236888215    
   6.58699498E-02 -0.276838303      0.239751726    
   6.36667758E-02 -0.275204033      0.242557615    
   6.14729449E-02 -0.273549914      0.245308161    
   5.92858866E-02 -0.271878362      0.248005658    
   5.71030155E-02 -0.270191789      0.250652403    
   5.49217314E-02 -0.268492550      0.253250867    
   5.27394190E-02 -0.266782910      0.255803466    
   5.05534559E-02 -0.265065104      0.258312792    
   4.83611934E-02 -0.263341308      0.260781437    
   4.61599678E-02 -0.261613637      0.263212085    
   4.39470969E-02 -0.259884179      0.265607536    
   4.17198651E-02 -0.258154988      0.267970711    
   3.94755490E-02 -0.256428063      0.270304561    
   3.72113846E-02 -0.254705340      0.272612184    
   3.49245928E-02 -0.252988786      0.274896771    
   3.26123573E-02 -0.251280248      0.277161688    
   3.02718338E-02 -0.249581575      0.279410362    
   2.79001482E-02 -0.247894600      0.281646401    
   2.54943874E-02 -0.246221095      0.283873528    
   2.30516009E-02 -0.244562835      0.286095619    
   2.05688048E-02 -0.242921531      0.288316756    
   1.80429760E-02 -0.241298884      0.290541172    
   1.54710468E-02 -0.239696577      0.292773247    
   1.28499083E-02 -0.238116279      0.295017600    
   1.01764034E-02 -0.236559615      0.297279030    
   7.44732935E-03 -0.235028192      0.299562573    
   4.65943757E-03 -0.233523607      0.301873446    
   1.80942309E-03 -0.232047409      0.304217130    
  -1.10607175E-03 -0.230601162      0.306599349    
  -4.09045629E-03 -0.229186386      0.309026122    
  -7.14720041E-03 -0.227804601      0.311503708    
  -1.02798324E-02 -0.226457298      0.314038664    
  -1.34919425E-02 -0.225145951      0.316637903    
  -1.67871863E-02 -0.223872021      0.319308579    
  -2.01692842E-02 -0.222636938      0.322058231    
  -2.36420240E-02 -0.221442118      0.324894786    
  -2.72092689E-02 -0.220288962      0.327826530    
  -3.08749527E-02 -0.219178855      0.330862135    
  -3.46430838E-02 -0.218113139      0.334010690    
  -3.85177583E-02 -0.217093125      0.337281734    
  -4.25031409E-02 -0.216120124      0.340685278    
  -4.66034934E-02 -0.215195388      0.344231814    
  -5.08231558E-02 -0.214320153      0.347932309    
  -5.51665612E-02 -0.213495597      0.351798356    
  -5.96382357E-02 -0.212722883      0.355842024    
  -6.42428026E-02 -0.212003112      0.360076040    
  -6.89849854E-02 -0.211337313      0.364513725    
  -7.38696158E-02 -0.210726485      0.369169027    
  -7.89016187E-02 -0.210171565      0.374056667    
  -8.40860382E-02 -0.209673375      0.379192024    
  -8.94280300E-02 -0.209232688      0.384591252    
  -9.49328691E-02 -0.208850190      0.390271336    
 -0.100605950     -0.208526418      0.396250069    
 -0.106452785     -0.208261833      0.402546138    
 -0.112479024     -0.208056763      0.409179151    
 -0.118690461     -0.207911387      0.416169733    
 -0.125093013     -0.207825705      0.423539430    
 -0.131692722     -0.207799569      0.431310952    
 -0.138495818     -0.207832605      0.439508110    
 -0.145508662     -0.207924232      0.448155910    
 -0.152737752     -0.208073646      0.457280576    
 -0.160189778     -0.208279744      0.466909647    
 -0.167871594     -0.208541140      0.477072030    
 -0.175790191     -0.208856091      0.487798035    
 -0.183952779     -0.209222540      0.499119520    
 -0.192366719     -0.209638000      0.511069894    
 -0.201039553     -0.210099533      0.523684263    
 -0.209979042     -0.210603759      0.536999404    
 -0.219193131     -0.211146712      0.551053941    
 -0.228689939     -0.211723864      0.565888405    
 -0.238477826     -0.212330028      0.581545353    
 -0.248565346     -0.212959349      0.598069370    
 -0.258961231     -0.213605165      0.615507305    
 -0.269674450     -0.214259982      0.633908212    
 -0.280714184     -0.214915350      0.653323650    
 -0.292089850     -0.215561852      0.673807681    
 -0.303811044     -0.216188908      0.695416927    
 -0.315887570     -0.216784760      0.718210816    
 -0.328329474     -0.217336312      0.742251635    
 -0.341146946     -0.217829049      0.767604709    
 -0.354350418     -0.218246847      0.794338524    
 -0.367950499     -0.218571901      0.822524786    
 -0.381957948     -0.218784511      0.852238774    
 -0.396383643     -0.218862951      0.883559167    
 -0.411238611     -0.218783304      0.916568577    
 -0.426533997     -0.218519226      0.951353371    
 -0.442280948     -0.218041807      0.988004088    
 -0.458490610     -0.217319265       1.02661538    
 -0.475174129     -0.216316819       1.06728649    
 -0.492342502     -0.214996323       1.11012101    
 -0.510006607     -0.213316038       1.15522766    
 -0.528176904     -0.211230397       1.20271969    
 -0.546863616     -0.208689600       1.25271583    
 -0.566076398     -0.205639362       1.30534005    
 -0.585824251     -0.202020526       1.36072183    
 -0.606115341     -0.197768703       1.41899633    
 -0.626956880     -0.192813918       1.48030472    
 -0.648354709     -0.187080190       1.54479444    
 -0.670313239     -0.180485040       1.61261892    
 -0.692835033     -0.172939181       1.68393838    
 -0.715920568     -0.164345995       1.75891972    
 -0.739567578     -0.154601127       1.83773661    
 -0.763770878     -0.143591940       1.92057014    
 -0.788521767     -0.131197125       2.00760841    
 -0.813807249     -0.117286302       2.09904718    
 -0.839609623     -0.101719543       2.19508982    
 -0.865905464      -8.43470022E-02   2.29594803    
 -0.893145919      -5.90583533E-02   2.38357592    
