 -0.815494061      -1.16479516      0.604748726    
 -0.795030594      -1.12014890      0.585820675    
 -0.775024891      -1.07697010      0.567641258    
 -0.755467415      -1.03521109      0.550174713    
 -0.736348629     -0.994830132      0.533392429    
 -0.717661381     -0.955783069      0.517261028    
 -0.699396133     -0.918028355      0.501751900    
 -0.681540966     -0.881525218      0.486836433    
 -0.664091110     -0.846235752      0.472490788    
 -0.647037029     -0.812121034      0.458686352    
 -0.630369186     -0.779144764      0.445401669    
 -0.614080429     -0.747271180      0.432610512    
 -0.598161221     -0.716465712      0.420296192    
 -0.582606792     -0.686694980      0.408432484    
 -0.567409992     -0.657926798      0.397002697    
 -0.552558899     -0.630129278      0.385985374    
 -0.538051128     -0.603272319      0.375363827    
 -0.523875952     -0.577325940      0.365121365    
 -0.510028601     -0.552261770      0.355241299    
 -0.496501923     -0.528051972      0.345704556    
 -0.483289957     -0.504669726      0.336501598    
 -0.470384359     -0.482088953      0.327613354    
 -0.457781553     -0.460284173      0.319030285    
 -0.445472002     -0.439231098      0.310735703    
 -0.433452129     -0.418905914      0.302717686    
 -0.421715975     -0.399285555      0.294966698    
 -0.410257578     -0.380347669      0.287470818    
 -0.399069786     -0.362070799      0.280215740    
 -0.388149023     -0.344434083      0.273195505    
 -0.377488136     -0.327416956      0.266398191    
 -0.367083549     -0.310999751      0.259815454    
 -0.356930494     -0.295163989      0.253436565    
 -0.347021818     -0.279890299      0.247254372    
 -0.337353945     -0.265161395      0.241260529    
 -0.327922106     -0.250959992      0.235447884    
 -0.318722725     -0.237268806      0.229808092    
 -0.309748650     -0.224071741      0.224334002    
 -0.300997496     -0.211353302      0.219018459    
 -0.292464495     -0.199097991      0.213856697    
 -0.284144878     -0.187291503      0.208840370    
 -0.276035070     -0.175918937      0.203965902    
 -0.268131495     -0.164965987      0.199226141    
 -0.260430574     -0.154420137      0.194616318    
 -0.252926350     -0.144268274      0.190131664    
 -0.245616436     -0.134497285      0.185766220    
 -0.238497853     -0.125095248      0.181516409    
 -0.231566429     -0.116050243      0.177376270    
 -0.224819183     -0.107350945      0.173344612    
 -0.218251944      -9.89860296E-02  0.169414282    
 -0.211862326      -9.09453630E-02  0.165582895    
 -0.205646753      -8.32176208E-02  0.161846876    
 -0.199602246      -7.57932663E-02  0.158202648    
 -0.193725824      -6.86627626E-02  0.154646635    
 -0.188015103      -6.18165731E-02  0.151175261    
 -0.182466507      -5.52451611E-02  0.147787333    
 -0.177077651      -4.89401817E-02  0.144478083    
 -0.171846151      -4.28932905E-02  0.141245127    
 -0.166769028      -3.70955467E-02  0.138087273    
 -0.161844492      -3.15392017E-02  0.135000944    
 -0.157069564      -2.62165070E-02  0.131983757    
 -0.152441859      -2.11203098E-02  0.129033327    
 -0.147959590      -1.62428617E-02  0.126148462    
 -0.143620372      -1.15782022E-02  0.123326778    
 -0.139421821      -7.11858273E-03  0.120565891    
 -0.135362744      -2.85744667E-03  0.117864609    
 -0.131440163       1.21116638E-03  0.115221739    
 -0.127652884       5.09321690E-03  0.112634897    
 -0.123999119       8.79466534E-03  0.110102892    
 -0.120477080       1.23214722E-02  0.107624531    
 -0.117084980       1.56790018E-02  0.105198622    
 -0.113821626       1.88720226E-02  0.102823973    
 -0.110684633       2.19064951E-02  0.100499392    
 -0.107673407       2.47865915E-02   9.82224941E-02
 -0.104786456       2.75182724E-02   9.59944725E-02
 -0.102021992       3.01045179E-02   9.38141346E-02
  -9.93794203E-02   3.25506926E-02   9.16802883E-02
  -9.68569517E-02   3.48609686E-02   8.95917416E-02
  -9.44536924E-02   3.70395184E-02   8.75484943E-02
  -9.21687484E-02   3.90905142E-02   8.55493546E-02
  -9.00012255E-02   4.10169363E-02   8.35943222E-02
  -8.79499316E-02   4.28229570E-02   8.16833973E-02
  -8.60139728E-02   4.45121527E-02   7.98165798E-02
  -8.41927528E-02   4.60875034E-02   7.79926777E-02
  -8.24853778E-02   4.75531816E-02   7.62116909E-02
  -8.08915496E-02   4.89109755E-02   7.44748116E-02
  -7.94103742E-02   5.01650572E-02   7.27796555E-02
  -7.80412555E-02   5.13178110E-02   7.11286068E-02
  -7.67838955E-02   5.23722172E-02   6.95204735E-02
  -7.56379962E-02   5.33300638E-02   6.79564476E-02
  -7.46026635E-02   5.41949272E-02   6.64353371E-02
  -7.36781955E-02   5.49685955E-02   6.49595261E-02
  -7.28639960E-02   5.56534529E-02   6.35278225E-02
  -7.21600652E-02   5.62518835E-02   6.21426105E-02
  -7.15664029E-02   5.67656755E-02   6.08026981E-02
  -7.10827112E-02   5.71966171E-02   5.95104694E-02
  -7.07092881E-02   5.75476885E-02   5.82659245E-02
  -7.04458356E-02   5.78194857E-02   5.70690632E-02
  -7.02929497E-02   5.80137968E-02   5.59234619E-02
  -7.02506304E-02   5.81324100E-02   5.48279285E-02
  -7.03188777E-02   5.81771135E-02   5.37848473E-02
  -7.04985857E-02   5.81490993E-02   5.27954102E-02
  -7.07897544E-02   5.80495596E-02   5.18608093E-02
  -7.11926818E-02   5.78796864E-02   5.09828329E-02
  -7.17085600E-02   5.76406717E-02   5.01638651E-02
  -7.23370910E-02   5.73337078E-02   4.94045019E-02
  -7.30797648E-02   5.69593906E-02   4.87077236E-02
  -7.39367306E-02   5.65183163E-02   4.80753183E-02
  -7.49088824E-02   5.60122728E-02   4.75096703E-02
  -7.59972632E-02   5.54412603E-02   4.70131636E-02
  -7.72024691E-02   5.48058748E-02   4.65881824E-02
  -7.85256922E-02   5.41067123E-02   4.62371111E-02
  -7.99679756E-02   5.33443689E-02   4.59635258E-02
  -8.15303624E-02   5.25194407E-02   4.57704067E-02
  -8.32138956E-02   5.16319275E-02   4.56607342E-02
  -8.50200653E-02   5.06818295E-02   4.56380844E-02
  -8.69499147E-02   4.96691465E-02   4.57060337E-02
  -8.90050828E-02   4.85944748E-02   4.58687544E-02
  -9.11869109E-02   4.74578142E-02   4.61298227E-02
  -9.34967399E-02   4.62585688E-02   4.64940071E-02
  -9.59363580E-02   4.49973345E-02   4.69648838E-02
  -9.85074788E-02   4.36729193E-02   4.75484133E-02
 -0.101211667       4.22859192E-02   4.82493639E-02
 -0.104050778       4.08351421E-02   4.90725040E-02
 -0.107026771       3.93205881E-02   5.00237942E-02
 -0.110141493       3.77410650E-02   5.11097908E-02
 -0.113397017       3.60965729E-02   5.23352623E-02
 -0.116795525       3.43865156E-02   5.37079573E-02
 -0.120339096       3.26097012E-02   5.52344322E-02
 -0.124030039       3.07655334E-02   5.69218397E-02
 -0.127870709       2.88522243E-02   5.87785244E-02
 -0.131863534       2.68697739E-02   6.08110428E-02
 -0.136011019       2.48169899E-02   6.30295277E-02
 -0.140315741       2.26914883E-02   6.54417276E-02
 -0.144780427       2.04932690E-02   6.80577755E-02
 -0.149407834       1.82205439E-02   7.08866119E-02
 -0.154200792       1.58721209E-02   7.39395618E-02
 -0.159162208       1.34456158E-02   7.72267580E-02
 -0.164295211       1.09398365E-02   8.07607174E-02
 -0.169602782       8.35359097E-03   8.45521688E-02
 -0.175088346       5.68449497E-03   8.86142254E-02
 -0.180755109       2.93016434E-03   9.29605961E-02
 -0.186606348       9.00030136E-05   9.76049900E-02
 -0.192645788      -2.83956528E-03  0.102561712    
 -0.198876858      -5.86032867E-03  0.107846856    
 -0.205303431      -8.97347927E-03  0.113476515    
 -0.211929232      -1.21831894E-02  0.119466782    
 -0.218757987      -1.54906511E-02  0.125836730    
 -0.225794315      -1.88994408E-02  0.132604837    
 -0.233041644      -2.24113464E-02  0.139790177    
 -0.240504459      -2.60299444E-02  0.147413611    
 -0.248187184      -2.97576189E-02  0.155497789    
 -0.256094337      -3.35979462E-02  0.164064765    
 -0.264230371      -3.75539064E-02  0.173138976    
 -0.272600055      -4.16290760E-02  0.182745457    
 -0.281208158      -4.58264351E-02  0.192910433    
 -0.290059447      -5.01495600E-02  0.203661323    
 -0.299159884      -5.46026230E-02  0.215028524    
 -0.308513045      -5.91892004E-02  0.227041841    
 -0.318125486      -6.39128685E-02  0.239733741    
 -0.328002572      -6.87789917E-02  0.253137946    
 -0.338149667      -7.37905502E-02  0.267289877    
 -0.348572135      -7.89523125E-02  0.282226503    
 -0.359276533      -8.42684507E-02  0.297987461    
 -0.370268822      -8.97449255E-02  0.314613283    
 -0.381554365      -9.53859091E-02  0.332147479    
 -0.393139720     -0.101196170      0.350635052    
 -0.405032068     -0.107181072      0.370123684    
 -0.417237282     -0.113346577      0.390663147    
 -0.429762602     -0.119697452      0.412305593    
 -0.442613989     -0.126239657      0.435106337    
 -0.455800295     -0.132979751      0.459122807    
 -0.469326973     -0.139923692      0.484415621    
 -0.483201742     -0.147077441      0.511048436    
 -0.497434139     -0.154448152      0.539087832    
 -0.512028933     -0.162041783      0.568603933    
 -0.526995659     -0.169866085      0.599670291    
 -0.542342663     -0.177928209      0.632363975    
 -0.558078289     -0.186234713      0.666766167    
 -0.574210882     -0.194795132      0.702961981    
 -0.590747595     -0.203615427      0.741040409    
 -0.607699156     -0.212705731      0.781095624    
 -0.625073910     -0.222073197      0.823224843    
 -0.642882586     -0.231726766      0.867533088    
 -0.661132336     -0.241675973      0.914127231    
 -0.679833889     -0.251929760      0.963121593    
 -0.698997974     -0.262497663       1.01463556    
 -0.718632936     -0.273389816       1.06879354    
 -0.738751888     -0.284615755       1.12572908    
 -0.759363174     -0.296187401       1.18557811    
 -0.780477524     -0.308115482       1.24848723    
 -0.802106857     -0.320409536       1.31460786    
 -0.824263096     -0.333082676       1.38409853    
 -0.846958160     -0.346146822       1.45712852    
 -0.870201588     -0.359615088       1.53387189    
 -0.894005299     -0.373498201       1.61451566    
 -0.918385983     -0.387809277       1.69925213    
 -0.943353176     -0.402563810       1.78828239    
 -0.968918800     -0.417774916       1.88182354    
 -0.995097160     -0.433456898       1.98009968    
  -1.02190256     -0.449624062       2.08334208    
