 -0.825881064     -0.890714347      0.307234943    
 -0.805184603     -0.856667936      0.297578394    
 -0.784951329     -0.823739111      0.288304478    
 -0.765171528     -0.791893184      0.279395968    
 -0.745835721     -0.761096299      0.270836413    
 -0.726934612     -0.731315851      0.262610167    
 -0.708459139     -0.702520192      0.254702300    
 -0.690400362     -0.674678564      0.247098580    
 -0.672749639     -0.647761166      0.239785403    
 -0.655498385     -0.621739209      0.232749835    
 -0.638638318     -0.596584618      0.225979522    
 -0.622161269     -0.572270274      0.219462678    
 -0.606059313     -0.548769891      0.213188067    
 -0.590324581     -0.526058018      0.207144991    
 -0.574949503     -0.504109919      0.201323226    
 -0.559926569     -0.482901663      0.195713028    
 -0.545248508     -0.462409943      0.190305099    
 -0.530908167     -0.442612290      0.185090572    
 -0.516898572     -0.423486859      0.180060998    
 -0.503212869     -0.405012578      0.175208300    
 -0.489844441     -0.387168884      0.170524791    
 -0.476786733     -0.369935900      0.166003123    
 -0.464033365     -0.353294402      0.161636308    
 -0.451578110     -0.337225765      0.157417670    
 -0.439414889     -0.321711808      0.153340816    
 -0.427537739     -0.306735069      0.149399683    
 -0.415940821     -0.292278498      0.145588472    
 -0.404618472     -0.278325707      0.141901642    
 -0.393565148     -0.264860660      0.138333932    
 -0.382775426     -0.251867950      0.134880289    
 -0.372243971     -0.239332557      0.131535918    
 -0.361965656     -0.227239981      0.128296226    
 -0.351935387     -0.215576172      0.125156835    
 -0.342148244     -0.204327464      0.122113585    
 -0.332599431     -0.193480656      0.119162485    
 -0.323284239     -0.183022961      0.116299741    
 -0.314198077     -0.172941968      0.113521725    
 -0.305336446     -0.163225666      0.110824980    
 -0.296695024     -0.153862432      0.108206205    
 -0.288269520     -0.144841000      0.105662256    
 -0.280055791     -0.136150420      0.103190124    
 -0.272049814     -0.127780139      0.100786947    
 -0.264247626     -0.119719900       9.84499976E-02
 -0.256645381     -0.111959793       9.61766616E-02
 -0.249239326     -0.104490198       9.39644575E-02
 -0.242025822      -9.73018184E-02   9.18110088E-02
 -0.235001326      -9.03856382E-02   8.97140652E-02
 -0.228162378      -8.37329254E-02   8.76714662E-02
 -0.221505612      -7.73352310E-02   8.56811553E-02
 -0.215027750      -7.11843893E-02   8.37411731E-02
 -0.208725616      -6.52724579E-02   8.18496570E-02
 -0.202596128      -5.95917962E-02   8.00048336E-02
 -0.196636260      -5.41349649E-02   7.82050118E-02
 -0.190843105      -4.88947891E-02   7.64485747E-02
 -0.185213834      -4.38643135E-02   7.47339949E-02
 -0.179745689      -3.90368216E-02   7.30598047E-02
 -0.174436003      -3.44057940E-02   7.14246258E-02
 -0.169282183      -2.99649369E-02   6.98271394E-02
 -0.164281726      -2.57081594E-02   6.82660937E-02
 -0.159432217      -2.16295701E-02   6.67403042E-02
 -0.154731289      -1.77234691E-02   6.52486458E-02
 -0.150176689      -1.39843477E-02   6.37900531E-02
 -0.145766214      -1.04068751E-02   6.23635091E-02
 -0.141497746      -6.98590139E-03   6.09680675E-02
 -0.137369245      -3.71644716E-03   5.96028268E-02
 -0.133378729      -5.93701086E-04   5.82669340E-02
 -0.129524305       2.38698651E-03   5.69595918E-02
 -0.125804141       5.23010874E-03   5.56800514E-02
 -0.122216493       7.94000272E-03   5.44276088E-02
 -0.118759677       1.05208596E-02   5.32016084E-02
 -0.115432069       1.29767219E-02   5.20014390E-02
 -0.112232126       1.53114954E-02   5.08265309E-02
 -0.109158374       1.75289456E-02   4.96763587E-02
 -0.106209405       1.96327101E-02   4.85504381E-02
 -0.103383876       2.16262881E-02   4.74483296E-02
 -0.100680515       2.35130638E-02   4.63696271E-02
  -9.80981067E-02   2.52962913E-02   4.53139730E-02
  -9.56355110E-02   2.69791093E-02   4.42810468E-02
  -9.32916552E-02   2.85645369E-02   4.32705618E-02
  -9.10655186E-02   3.00554857E-02   4.22822759E-02
  -8.89561549E-02   3.14547531E-02   4.13159840E-02
  -8.69626850E-02   3.27650346E-02   4.03715186E-02
  -8.50842893E-02   3.39889117E-02   3.94487493E-02
  -8.33202004E-02   3.51288691E-02   3.85475866E-02
  -8.16697329E-02   3.61872986E-02   3.76679823E-02
  -8.01322535E-02   3.71664874E-02   3.68099175E-02
  -7.87071958E-02   3.80686261E-02   3.59734222E-02
  -7.73940533E-02   3.88958268E-02   3.51585634E-02
  -7.61923864E-02   3.96500938E-02   3.43654491E-02
  -7.51018077E-02   4.03333604E-02   3.35942209E-02
  -7.41219968E-02   4.09474634E-02   3.28450687E-02
  -7.32527003E-02   4.14941572E-02   3.21182236E-02
  -7.24937245E-02   4.19751145E-02   3.14139575E-02
  -7.18449280E-02   4.23919372E-02   3.07325888E-02
  -7.13062435E-02   4.27461304E-02   3.00744772E-02
  -7.08776563E-02   4.30391394E-02   2.94400305E-02
  -7.05592260E-02   4.32723202E-02   2.88297068E-02
  -7.03510568E-02   4.34469692E-02   2.82440092E-02
  -7.02533349E-02   4.35642935E-02   2.76834909E-02
  -7.02662915E-02   4.36254479E-02   2.71487609E-02
  -7.03902245E-02   4.36315052E-02   2.66404767E-02
  -7.06254989E-02   4.35834676E-02   2.61593573E-02
  -7.09725395E-02   4.34822738E-02   2.57061739E-02
  -7.14318380E-02   4.33287956E-02   2.52817590E-02
  -7.20039383E-02   4.31238450E-02   2.48870086E-02
  -7.26894587E-02   4.28681634E-02   2.45228801E-02
  -7.34890774E-02   4.25624214E-02   2.41903998E-02
  -7.44035393E-02   4.22072373E-02   2.38906648E-02
  -7.54336566E-02   4.18031625E-02   2.36248411E-02
  -7.65802935E-02   4.13506888E-02   2.33941730E-02
  -7.78443888E-02   4.08502445E-02   2.31999829E-02
  -7.92269483E-02   4.03021984E-02   2.30436735E-02
  -8.07290450E-02   3.97068635E-02   2.29267348E-02
  -8.23518112E-02   3.90644856E-02   2.28507482E-02
  -8.40964615E-02   3.83752547E-02   2.28173826E-02
  -8.59642625E-02   3.76393013E-02   2.28284113E-02
  -8.79565552E-02   3.68567072E-02   2.28857063E-02
  -9.00747478E-02   3.60274762E-02   2.29912456E-02
  -9.23203230E-02   3.51515710E-02   2.31471192E-02
  -9.46948379E-02   3.42288874E-02   2.33555362E-02
  -9.71999094E-02   3.32592689E-02   2.36188285E-02
  -9.98372436E-02   3.22424918E-02   2.39394512E-02
 -0.102608599       3.11782826E-02   2.43199989E-02
 -0.105515823       3.00663095E-02   2.47632023E-02
 -0.108560838       2.89061759E-02   2.52719428E-02
 -0.111745633       2.76974346E-02   2.58492529E-02
 -0.115072280       2.64395699E-02   2.64983289E-02
 -0.118542925       2.51320153E-02   2.72225365E-02
 -0.122159801       2.37741396E-02   2.80254185E-02
 -0.125925213       2.23652553E-02   2.89107021E-02
 -0.129841551       2.09046081E-02   2.98823118E-02
 -0.133911282       1.93913858E-02   3.09443772E-02
 -0.138136953       1.78247169E-02   3.21012400E-02
 -0.142521203       1.62036624E-02   3.33574675E-02
 -0.147066772       1.45272203E-02   3.47178616E-02
 -0.151776448       1.27943270E-02   3.61874774E-02
 -0.156653136       1.10038519E-02   3.77716236E-02
 -0.161699831       9.15460009E-03   3.94758806E-02
 -0.166919619       7.24530546E-03   4.13061194E-02
 -0.172315657       5.27463714E-03   4.32685092E-02
 -0.177891210       3.24119441E-03   4.53695282E-02
 -0.183649644       1.14350440E-03   4.76159938E-02
 -0.189594418      -1.01997657E-03   5.00150621E-02
 -0.195729077      -3.25086596E-03   5.25742508E-02
 -0.202057287      -5.55085624E-03   5.53014651E-02
 -0.208582804      -7.92171620E-03   5.82050048E-02
 -0.215309486      -1.03652906E-02   6.12935908E-02
 -0.222241297      -1.28835067E-02   6.45763874E-02
 -0.229382321      -1.54783698E-02   6.80630058E-02
 -0.236736745      -1.81519706E-02   7.17635676E-02
 -0.244308844      -2.09064800E-02   7.56886750E-02
 -0.252103031      -2.37441640E-02   7.98494816E-02
 -0.260123849      -2.66673695E-02   8.42576995E-02
 -0.268375903      -2.96785384E-02   8.89256224E-02
 -0.276863992      -3.27802040E-02   9.38661620E-02
 -0.285592973      -3.59749980E-02   9.90928784E-02
 -0.294567823      -3.92656475E-02  0.104620010    
 -0.303793699      -4.26549762E-02  0.110462502    
 -0.313275874      -4.61459160E-02  0.116636053    
 -0.323019713      -4.97415029E-02  0.123157151    
 -0.333030730      -5.34448810E-02  0.130043104    
 -0.343314588      -5.72593063E-02  0.137312070    
 -0.353877097      -6.11881465E-02  0.144983143    
 -0.364724159      -6.52348921E-02  0.153076336    
 -0.375861883      -6.94031417E-02  0.161612689    
 -0.387296498      -7.36966357E-02  0.170614272    
 -0.399034351      -7.81192258E-02  0.180104271    
 -0.411081970      -8.26748982E-02  0.190107003    
 -0.423446029      -8.73677805E-02  0.200648025    
 -0.436133385      -9.22021344E-02  0.211754143    
 -0.449151009      -9.71823633E-02  0.223453507    
 -0.462506086     -0.102313012      0.235775664    
 -0.476205945     -0.107598782      0.248751640    
 -0.490258068     -0.113044523      0.262413979    
 -0.504670143     -0.118655242      0.276796877    
 -0.519450009     -0.124436140      0.291936219    
 -0.534605682     -0.130392537      0.307869673    
 -0.550145388     -0.136529967      0.324636757    
 -0.566077530     -0.142854124      0.342278987    
 -0.582410693     -0.149370879      0.360839903    
 -0.599153697     -0.156086311      0.380365252    
 -0.616315544     -0.163006678      0.400903016    
 -0.633905351     -0.170138434      0.422503591    
 -0.651932597     -0.177488282      0.445219845    
 -0.670406818     -0.185063109      0.469107270    
 -0.689337909     -0.192869976      0.494224131    
 -0.708735883     -0.200916246      0.520631552    
 -0.728610992     -0.209209487      0.548393786    
 -0.748973727     -0.217757463      0.577578127    
 -0.769834876     -0.226568267      0.608255327    
 -0.791205347     -0.235650167      0.640499592    
 -0.813096404     -0.245011747      0.674388766    
 -0.835519493     -0.254661828      0.710004687    
 -0.858486354     -0.264609545      0.747433126    
 -0.882008910     -0.274864286      0.786764145    
 -0.906099439     -0.285435766      0.828092337    
 -0.930770397     -0.296333939      0.871516883    
 -0.956034601     -0.307569116      0.917141914    
 -0.981905162     -0.319151968      0.965076745    
  -1.00839531     -0.331093460       1.01543605    
  -1.03551877     -0.343404859       1.06834030    
