  0.785399973      0.392699987     -0.785399973    
  0.765012622      0.363580108     -0.770281255    
  0.745136857      0.335576385     -0.755635738    
  0.725761235      0.308652133     -0.741444707    
  0.706874549      0.282771856     -0.727690339    
  0.688465834      0.257901102     -0.714355528    
  0.670524299      0.234006524     -0.701424003    
  0.653039396      0.211055815     -0.688880205    
  0.636000872      0.189017683     -0.676709294    
  0.619398594      0.167861789     -0.664897025    
  0.603222668      0.147558764     -0.653429866    
  0.587463439      0.128080145     -0.642294824    
  0.572111428      0.109398365     -0.631479561    
  0.557157397       9.14867222E-02 -0.620972157    
  0.542592227       7.43193477E-02 -0.610761344    
  0.528406978       5.78711778E-02 -0.600836277    
  0.514593005       4.21179458E-02 -0.591186643    
  0.501141727       2.70361379E-02 -0.581802547    
  0.488044828       1.26029896E-02 -0.572674513    
  0.475294113      -1.20355468E-03 -0.563793480    
  0.462881565      -1.44048547E-02 -0.555150867    
  0.450799316      -2.70215981E-02 -0.546738327    
  0.439039707      -3.90738212E-02 -0.538547993    
  0.427595168      -5.05809262E-02 -0.530572236    
  0.416458368      -6.15617037E-02 -0.522803843    
  0.405622065      -7.20343515E-02 -0.515235901    
  0.395079166      -8.20164904E-02 -0.507861733    
  0.384822726      -9.15251821E-02 -0.500674963    
  0.374845982     -0.100576952     -0.493669569    
  0.365142256     -0.109187804     -0.486839682    
  0.355705053     -0.117373228     -0.480179727    
  0.346527964     -0.125148222     -0.473684341    
  0.337604702     -0.132527322     -0.467348427    
  0.328929156     -0.139524579     -0.461167067    
  0.320495307     -0.146153614     -0.455135554    
  0.312297255     -0.152427614     -0.449249357    
  0.304329187     -0.158359334     -0.443504155    
  0.296585470     -0.163961127     -0.437895805    
  0.289060533     -0.169244960     -0.432420343    
  0.281748921     -0.174222410     -0.427073926    
  0.274645299     -0.178904697     -0.421852916    
  0.267744422     -0.183302671     -0.416753769    
  0.261041135     -0.187426820     -0.411773115    
  0.254530370     -0.191287324     -0.406907707    
  0.248207211     -0.194894031     -0.402154416    
  0.242066801     -0.198256463     -0.397510260    
  0.236104354     -0.201383844     -0.392972350    
  0.230315194     -0.204285100     -0.388537943    
  0.224694714     -0.206968874     -0.384204328    
  0.219238415     -0.209443524     -0.379968971    
  0.213941857     -0.211717159     -0.375829399    
  0.208800688     -0.213797599     -0.371783227    
  0.203810632     -0.215692431     -0.367828161    
  0.198967487     -0.217409000     -0.363961995    
  0.194267109     -0.218954414     -0.360182613    
  0.189705446     -0.220335543     -0.356487930    
  0.185278505     -0.221559048     -0.352875978    
  0.180982351     -0.222631380     -0.349344850    
  0.176813126     -0.223558769     -0.345892668    
  0.172767013     -0.224347249     -0.342517644    
  0.168840274     -0.225002661     -0.339218050    
  0.165029228     -0.225530669     -0.335992217    
  0.161330238     -0.225936741     -0.332838506    
  0.157739729     -0.226226196     -0.329755336    
  0.154254183     -0.226404160     -0.326741189    
  0.150870115     -0.226475596     -0.323794574    
  0.147584110     -0.226445317     -0.320914030    
  0.144392788     -0.226317987     -0.318098158    
  0.141292810     -0.226098120     -0.315345585    
  0.138280883     -0.225790083     -0.312654972    
  0.135353759     -0.225398108     -0.310025007    
  0.132508218     -0.224926308     -0.307454407    
  0.129741102     -0.224378645     -0.304941922    
  0.127049267     -0.223758981     -0.302486360    
  0.124429606     -0.223071024     -0.300086498    
  0.121879056     -0.222318411     -0.297741145    
  0.119394571     -0.221504644     -0.295449138    
  0.116973147     -0.220633119     -0.293209344    
  0.114611804     -0.219707131     -0.291020632    
  0.112307586     -0.218729869     -0.288881898    
  0.110057555     -0.217704445     -0.286792040    
  0.107858807     -0.216633871     -0.284749955    
  0.105708458     -0.215521067     -0.282754540    
  0.103603639     -0.214368880     -0.280804724    
  0.101541504     -0.213180050     -0.278899431    
   9.95192155E-02 -0.211957276     -0.277037561    
   9.75339562E-02 -0.210703149     -0.275218070    
   9.55829248E-02 -0.209420204     -0.273439854    
   9.36633274E-02 -0.208110899     -0.271701843    
   9.17723775E-02 -0.206777647     -0.270002931    
   8.99073109E-02 -0.205422774     -0.268342048    
   8.80653560E-02 -0.204048559     -0.266718060    
   8.62437561E-02 -0.202657223     -0.265129864    
   8.44397545E-02 -0.201250926     -0.263576299    
   8.26505944E-02 -0.199831784     -0.262056231    
   8.08735266E-02 -0.198401868     -0.260568470    
   7.91057944E-02 -0.196963176     -0.259111822    
   7.73446485E-02 -0.195517689     -0.257685095    
   7.55873248E-02 -0.194067344     -0.256287009    
   7.38310590E-02 -0.192614034     -0.254916310    
   7.20730871E-02 -0.191159606     -0.253571689    
   7.03106225E-02 -0.189705878     -0.252251804    
   6.85408786E-02 -0.188254640     -0.250955284    
   6.67610615E-02 -0.186807647     -0.249680713    
   6.49683475E-02 -0.185366631     -0.248426616    
   6.31599203E-02 -0.183933288     -0.247191504    
   6.13329262E-02 -0.182509303     -0.245973811    
   5.94845079E-02 -0.181096345     -0.244771928    
   5.76117858E-02 -0.179696038     -0.243584186    
   5.57118542E-02 -0.178310007     -0.242408857    
   5.37817925E-02 -0.176939860     -0.241244152    
   5.18186502E-02 -0.175587192     -0.240088224    
   4.98194508E-02 -0.174253583     -0.238939136    
   4.77811918E-02 -0.172940597     -0.237794876    
   4.57008444E-02 -0.171649799     -0.236653358    
   4.35753427E-02 -0.170382753     -0.235512406    
   4.14015949E-02 -0.169141024     -0.234369755    
   3.91764678E-02 -0.167926162     -0.233223036    
   3.68967950E-02 -0.166739717     -0.232069790    
   3.45593765E-02 -0.165583253     -0.230907440    
   3.21609676E-02 -0.164458320     -0.229733318    
   2.96982806E-02 -0.163366497     -0.228544608    
   2.71679889E-02 -0.162309349     -0.227338374    
   2.45667193E-02 -0.161288470     -0.226111561    
   2.18910500E-02 -0.160305455     -0.224860966    
   1.91375129E-02 -0.159361929     -0.223583221    
   1.63025875E-02 -0.158459514     -0.222274840    
   1.33826993E-02 -0.157599851     -0.220932141    
   1.03742220E-02 -0.156784609     -0.219551280    
   7.27347098E-03 -0.156015471     -0.218128234    
   4.07670345E-03 -0.155294165     -0.216658771    
   7.80115137E-04 -0.154622421     -0.215138495    
  -2.62016035E-03 -0.154001996     -0.213562757    
  -6.12805411E-03 -0.153434709     -0.211926714    
  -9.74756479E-03 -0.152922377     -0.210225269    
  -1.34827606E-02 -0.152466863     -0.208453104    
  -1.73377804E-02 -0.152070060     -0.206604615    
  -2.13168357E-02 -0.151733920     -0.204673946    
  -2.54242159E-02 -0.151460424     -0.202654928    
  -2.96642855E-02 -0.151251584     -0.200541124    
  -3.40414941E-02 -0.151109472     -0.198325768    
  -3.85603718E-02 -0.151036218     -0.196001753    
  -4.32255305E-02 -0.151033968     -0.193561628    
  -4.80416752E-02 -0.151104957     -0.190997586    
  -5.30135967E-02 -0.151251465     -0.188301414    
  -5.81461824E-02 -0.151475802     -0.185464501    
  -6.34444132E-02 -0.151780382     -0.182477832    
  -6.89133629E-02 -0.152167648     -0.179331914    
  -7.45582208E-02 -0.152640134     -0.176016793    
  -8.03842619E-02 -0.153200418     -0.172522038    
  -8.63968730E-02 -0.153851166     -0.168836698    
  -9.26015526E-02 -0.154595107     -0.164949253    
  -9.90039110E-02 -0.155435055     -0.160847634    
 -0.105609670     -0.156373903     -0.156519160    
 -0.112424672     -0.157414630     -0.151950523    
 -0.119454876     -0.158560291     -0.147127762    
 -0.126706362     -0.159814030     -0.142036229    
 -0.134185359     -0.161179096     -0.136660516    
 -0.141898185     -0.162658826     -0.130984470    
 -0.149851322     -0.164256647     -0.124991126    
 -0.158051386     -0.165976122     -0.118662678    
 -0.166505128     -0.167820886     -0.111980431    
 -0.175219432     -0.169794694     -0.104924768    
 -0.184201345     -0.171901405      -9.74750817E-02
 -0.193458065     -0.174145028      -8.96097496E-02
 -0.202996925     -0.176529676      -8.13060626E-02
 -0.212825418     -0.179059580      -7.25401863E-02
 -0.222951218     -0.181739107      -6.32870942E-02
 -0.233382151     -0.184572771      -5.35205156E-02
 -0.244126216     -0.187565207      -4.32128757E-02
 -0.255191565     -0.190721199      -3.23352180E-02
 -0.266586572     -0.194045693      -2.08571479E-02
 -0.278319746     -0.197543785      -8.74675717E-03
 -0.290399790     -0.201220721       4.02945373E-03
 -0.302835643     -0.205081925       1.75066497E-02
 -0.315636367     -0.209132969       3.17217484E-02
 -0.328811258     -0.213379622       4.67135049E-02
 -0.342369825     -0.217827827       6.25226051E-02
 -0.356321782     -0.222483695       7.91917592E-02
 -0.370677054     -0.227353573       9.67658088E-02
 -0.385445744     -0.232443959      0.115291819    
 -0.400638223     -0.237761602      0.134819210    
 -0.416265070     -0.243313432      0.155399829    
 -0.432337135     -0.249106601      0.177088156    
 -0.448865443     -0.255148500      0.199941337    
 -0.465861291     -0.261446744      0.224019378    
 -0.483336240     -0.268009186      0.249385267    
 -0.501302063     -0.274843931      0.276105106    
 -0.519770861     -0.281959325      0.304248333    
 -0.538754940     -0.289364010      0.333887786    
 -0.558266878     -0.297066897      0.365099967    
 -0.578319550     -0.305077136      0.397965163    
 -0.598926127     -0.313404202      0.432567626    
 -0.620100081     -0.322057873      0.468995839    
 -0.641855121     -0.331048250      0.507342637    
 -0.664205253     -0.340385705      0.547705531    
 -0.687164903     -0.350080937      0.590186834    
 -0.710748732     -0.360145032      0.634893894    
 -0.734971702     -0.370589405      0.681939483    
 -0.759849131     -0.381425828      0.731441975    
 -0.785396695     -0.392666429      0.783525527    
