 -0.137950689      0.392848015      0.587938607      0.693518698    
 -0.128261149      0.397573590      0.578216076      0.700821280    
 -0.118823238      0.401942164      0.568679571      0.707762003    
 -0.109630637      0.405967474      0.559323311      0.714373171    
 -0.100677162      0.409662813      0.550141692      0.720683455    
  -9.19567794E-02  0.413040996      0.541129351      0.726718783    
  -8.34635720E-02  0.416114420      0.532281160      0.732502162    
  -7.51917660E-02  0.418895096      0.523592174      0.738054454    
  -6.71357214E-02  0.421394616      0.515057623      0.743394256    
  -5.92899248E-02  0.423624218      0.506672978      0.748538375    
  -5.16489819E-02  0.425594717      0.498433799      0.753502011    
  -4.42076214E-02  0.427316606      0.490335852      0.758298755    
  -3.69606987E-02  0.428800017      0.482375085      0.762940884    
  -2.99031790E-02  0.430054754      0.474547565      0.767439485    
  -2.30301451E-02  0.431090266      0.466849536      0.771804571    
  -1.63367912E-02  0.431915730      0.459277332      0.776045263    
  -9.81842354E-03  0.432539940      0.451827466      0.780169666    
  -3.47045483E-03  0.432971478      0.444496542      0.784185231    
   2.71159597E-03  0.433218569      0.437281311      0.788098574    
   8.73210840E-03  0.433289170      0.430178642      0.791915774    
   1.45953577E-02  0.433191001      0.423185498      0.795642257    
   2.03055236E-02  0.432931483      0.416298926      0.799282968    
   2.58666854E-02  0.432517797      0.409516126      0.802842379    
   3.12828273E-02  0.431956887      0.402834356      0.806324422    
   3.65578458E-02  0.431255460      0.396250963      0.809732914    
   4.16955389E-02  0.430419952      0.389763415      0.813071132    
   4.66996208E-02  0.429456621      0.383369267      0.816341937    
   5.15737124E-02  0.428371489      0.377066106      0.819548130    
   5.63213527E-02  0.427170396      0.370851636      0.822692156    
   6.09459989E-02  0.425858915      0.364723623      0.825776219    
   6.54510185E-02  0.424442470      0.358679920      0.828802466    
   6.98397085E-02  0.422926277      0.352718443      0.831772506    
   7.41152763E-02  0.421315402      0.346837163      0.834688127    
   7.82808587E-02  0.419614673      0.341034114      0.837550819    
   8.23395103E-02  0.417828798      0.335307389      0.840361953    
   8.62942189E-02  0.415962309      0.329655141      0.843122840    
   9.01478976E-02  0.414019555      0.324075580      0.845834613    
   9.39033851E-02  0.412004709      0.318566978      0.848498285    
   9.75634456E-02  0.409921855      0.313127637      0.851114869    
  0.101130784      0.407774866      0.307755917      0.853685260    
  0.104608037      0.405567527      0.302450240      0.856210232    
  0.107997760      0.403303444      0.297209084      0.858690619    
  0.111302465      0.400986105      0.292030901      0.861127079    
  0.114524588      0.398618877      0.286914259      0.863520265    
  0.117666505      0.396204978      0.281857729      0.865870953    
  0.120730527      0.393747538      0.276859939      0.868179500    
  0.123718917      0.391249537      0.271919519      0.870446563    
  0.126633868      0.388713866      0.267035186      0.872672677    
  0.129477501      0.386143297      0.262205660      0.874858379    
  0.132251918      0.383540511      0.257429689      0.877004027    
  0.134959131      0.380908042      0.252706051      0.879110157    
  0.137601107      0.378248364      0.248033568      0.881177306    
  0.140179768      0.375563860      0.243411094      0.883205771    
  0.142696977      0.372856796      0.238837495      0.885196030    
  0.145154551      0.370129347      0.234311685      0.887148499    
  0.147554234      0.367383629      0.229832575      0.889063537    
  0.149897739      0.364621639      0.225399137      0.890941620    
  0.152186736      0.361845285      0.221010342      0.892783105    
  0.154422835      0.359056443      0.216665193      0.894588351    
  0.156607583      0.356256902      0.212362707      0.896357715    
  0.158742502      0.353448331      0.208101943      0.898091674    
  0.160829067      0.350632370      0.203881949      0.899790585    
  0.162868693      0.347810566      0.199701831      0.901454806    
  0.164862767      0.344984442      0.195560694      0.903084695    
  0.166812629      0.342155397      0.191457659      0.904680729    
  0.168719545      0.339324802      0.187391877      0.906243145    
  0.170584783      0.336493939      0.183362514      0.907772481    
  0.172409534      0.333664060      0.179368749      0.909268975    
  0.174194977      0.330836356      0.175409794      0.910733104    
  0.175942227      0.328011960      0.171484858      0.912165225    
  0.177652359      0.325191945      0.167593166      0.913565755    
  0.179326415      0.322377324      0.163733974      0.914935052    
  0.180965394      0.319569081      0.159906551      0.916273475    
  0.182570264      0.316768140      0.156110182      0.917581439    
  0.184141934      0.313975394      0.152344152      0.918859363    
  0.185681298      0.311191648      0.148607790      0.920107543    
  0.187189192      0.308417678      0.144900411      0.921326578    
  0.188666433      0.305654258      0.141221344      0.922516704    
  0.190113783      0.302902073      0.137569964      0.923678279    
  0.191531971      0.300161779      0.133945629      0.924811900    
  0.192921698      0.297434002      0.130347714      0.925917745    
  0.194283620      0.294719338      0.126775622      0.926996410    
  0.195618361      0.292018324      0.123228766      0.928048193    
  0.196926519      0.289331466      0.119706571      0.929073513    
  0.198208630      0.286659241      0.116208464      0.930072784    
  0.199465215      0.284002095      0.112733901      0.931046486    
  0.200696766      0.281360447      0.109282345      0.931994855    
  0.201903716      0.278734654      0.105853274      0.932918549    
  0.203086480      0.276125073      0.102446184      0.933817744    
  0.204245418      0.273532003       9.90605652E-02  0.934693038    
  0.205380887      0.270955741       9.56959501E-02  0.935544729    
  0.206493199      0.268396527       9.23518613E-02  0.936373293    
  0.207582608      0.265854597       8.90278518E-02  0.937179208    
  0.208649367      0.263330162       8.57234746E-02  0.937962711    
  0.209693670      0.260823369       8.24383050E-02  0.938724518    
  0.210715681      0.258334398       7.91719332E-02  0.939464748    
  0.211715549      0.255863369       7.59239644E-02  0.940184057    
  0.212693363      0.253410369       7.26940110E-02  0.940882742    
  0.213649184      0.250975460       6.94817156E-02  0.941561282    
  0.214583054      0.248558700       6.62867203E-02  0.942220151    
  0.215494961      0.246160120       6.31086975E-02  0.942859709    
  0.216384858      0.243779719       5.99473268E-02  0.943480432    
  0.217252687      0.241417468       5.68023063E-02  0.944082856    
  0.218098342      0.239073336       5.36733530E-02  0.944667220    
  0.218921661      0.236747250       5.05602024E-02  0.945234239    
  0.219722480      0.234439135       4.74626087E-02  0.945784152    
  0.220500574      0.232148886       4.43803445E-02  0.946317494    
  0.221255705      0.229876369       4.13131975E-02  0.946834743    
  0.221987590      0.227621436       3.82609852E-02  0.947336316    
  0.222695887      0.225383908       3.52235399E-02  0.947822750    
  0.223380253      0.223163620       3.22007202E-02  0.948294461    
  0.224040285      0.220960349       2.91924011E-02  0.948751986    
  0.224675566      0.218773872       2.61984859E-02  0.949195743    
  0.225285619      0.216603935       2.32189018E-02  0.949626267    
  0.225869924      0.214450270       2.02536024E-02  0.950044036    
  0.226427943      0.212312594       1.73025653E-02  0.950449526    
  0.226959094      0.210190594       1.43657988E-02  0.950843334    
  0.227462769      0.208083957       1.14433384E-02  0.951225936    
  0.227938280      0.205992326       8.53525009E-03  0.951597810    
  0.228384942      0.203915343       5.64163178E-03  0.951959610    
  0.228802010      0.201852620       2.76261312E-03  0.952311695    
  0.229188696      0.199803755      -1.01640588E-04  0.952654719    
  0.229544178      0.197768316      -2.95092911E-03  0.952989221    
  0.229867592      0.195745870      -5.78501448E-03  0.953315794    
  0.230158031      0.193735942      -8.60361941E-03  0.953634918    
  0.230414540      0.191738069      -1.14064254E-02  0.953947365    
  0.230636120      0.189751729      -1.41930720E-02  0.954253495    
  0.230821744      0.187776402      -1.69631541E-02  0.954554141    
  0.230970323      0.185811549      -1.97162181E-02  0.954849720    
  0.231080726      0.183856592      -2.24517621E-02  0.955141008    
  0.231151760      0.181910962      -2.51692310E-02  0.955428600    
  0.231182218      0.179974034      -2.78680194E-02  0.955713093    
  0.231170833      0.178045183      -3.05474624E-02  0.955995202    
  0.231116265      0.176123753      -3.32068354E-02  0.956275582    
  0.231017157      0.174209073      -3.58453579E-02  0.956554949    
  0.230872095      0.172300458      -3.84621732E-02  0.956833959    
  0.230679587      0.170397162      -4.10563648E-02  0.957113445    
  0.230438128      0.168498456      -4.36269455E-02  0.957394004    
  0.230146140      0.166603565      -4.61728461E-02  0.957676411    
  0.229801983      0.164711684      -4.86929230E-02  0.957961440    
  0.229403973      0.162821993      -5.11859506E-02  0.958249867    
  0.228950366      0.160933658      -5.36506139E-02  0.958542466    
  0.228439361      0.159045801      -5.60855083E-02  0.958840132    
  0.227869093      0.157157511      -5.84891364E-02  0.959143460    
  0.227237657      0.155267864      -6.08598962E-02  0.959453464    
  0.226543084      0.153375909      -6.31960854E-02  0.959770977    
  0.225783318      0.151480645      -6.54958859E-02  0.960096776    
  0.224956259      0.149581060      -6.77573681E-02  0.960431755    
  0.224059746      0.147676095      -6.99784756E-02  0.960776746    
  0.223091543      0.145764679      -7.21570328E-02  0.961132765    
  0.222049356      0.143845707      -7.42907301E-02  0.961500585    
  0.220930815      0.141918018      -7.63771087E-02  0.961881161    
  0.219733492      0.139980435      -7.84135684E-02  0.962275386    
  0.218454868      0.138031736      -8.03973526E-02  0.962684274    
  0.217092380      0.136070669      -8.23255479E-02  0.963108599    
  0.215643361      0.134095937      -8.41950625E-02  0.963549435    
  0.214105085      0.132106215      -8.60026255E-02  0.964007497    
  0.212474748      0.130100131      -8.77447873E-02  0.964483976    
  0.210749477      0.128076270      -8.94178897E-02  0.964979529    
  0.208926290      0.126033172      -9.10180807E-02  0.965495288    
  0.207002163      0.123969346      -9.25412774E-02  0.966032028    
  0.204973951      0.121883251      -9.39831734E-02  0.966590583    
  0.202838451      0.119773291      -9.53392312E-02  0.967171848    
  0.200592354      0.117637828      -9.66046527E-02  0.967776597    
  0.198232278      0.115475185      -9.77743790E-02  0.968405724    
  0.195754737      0.113283619      -9.88430753E-02  0.969059825    
  0.193156153      0.111061342      -9.98051092E-02  0.969739676    
  0.190432861      0.108806506     -0.100654550      0.970445812    
  0.187581092      0.106517218     -0.101385146      0.971178889    
  0.184597000      0.104191527     -0.101990312      0.971939325    
  0.181476608      0.101827413     -0.102463096      0.972727478    
  0.178215846       9.94227976E-02 -0.102796189      0.973543584    
  0.174810544       9.69755501E-02 -0.102981888      0.974387884    
  0.171256408       9.44834575E-02 -0.103012085      0.975260317    
  0.167549059       9.19442624E-02 -0.102878235      0.976160645    
  0.163683996       8.93556178E-02 -0.102571346      0.977088690    
  0.159656599       8.67151171E-02 -0.102081954      0.978043735    
  0.155462116       8.40202868E-02 -0.101400100      0.979025066    
  0.151095703       8.12685564E-02 -0.100515306      0.980031729    
  0.146552384       7.84572959E-02  -9.94165391E-02  0.981062293    
  0.141827047       7.55837932E-02  -9.80921984E-02  0.982115090    
  0.136914462       7.26452470E-02  -9.65300724E-02  0.983188212    
  0.131809279       6.96387738E-02  -9.47173312E-02  0.984279096    
  0.126505986       6.65614009E-02  -9.26404670E-02  0.985385001    
  0.120998949       6.34100661E-02  -9.02852789E-02  0.986502409    
  0.115282401       6.01816177E-02  -8.76368359E-02  0.987627387    
  0.109350421       5.68727963E-02  -8.46794322E-02  0.988755465    
  0.103196949       5.34802526E-02  -8.13965648E-02  0.989881217    
   9.68157724E-02   5.00005297E-02  -7.77708739E-02  0.990998626    
   9.02005285E-02   4.64300662E-02  -7.37841204E-02  0.992100775    
   8.33446980E-02   4.27651890E-02  -6.94171265E-02  0.993179798    
   7.62416050E-02   3.90021130E-02  -6.46497309E-02  0.994226575    
   6.88844025E-02   3.51369381E-02  -5.94607554E-02  0.995231032    
   6.12660870E-02   3.11656445E-02  -5.38279340E-02  0.996181548    
   5.33794798E-02   2.70840880E-02  -4.77278680E-02  0.997065246    
   4.52172309E-02   2.28879917E-02  -4.11359705E-02  0.997867405    
   3.67718115E-02   1.85729545E-02  -3.40264067E-02  0.998571515    
   2.80355103E-02   1.41344322E-02  -2.63720285E-02  0.999159038    
   1.90004297E-02   9.56774410E-03  -1.81443170E-02  0.999609053    
   9.65849031E-03   4.86806361E-03  -9.31330584E-03  0.999898136    
   1.41002238E-06   3.04142013E-05   1.52485445E-04   1.00000000    
