   1.57080019      0.785399854      0.392700136    
   1.54934084      0.783243239      0.406194091    
   1.52840614      0.781159818      0.419083774    
   1.50793803      0.779132545      0.431371033    
   1.48788536      0.777146280      0.443060637    
   1.46820366      0.775187910      0.454159230    
   1.44885468      0.773245573      0.464675725    
   1.42980468      0.771309018      0.474620551    
   1.41102445      0.769369185      0.484005421    
   1.39248884      0.767417789      0.492843211    
   1.37417579      0.765448093      0.501147687    
   1.35606670      0.763453364      0.508933306    
   1.33814526      0.761428177      0.516215146    
   1.32039785      0.759367645      0.523008764    
   1.30281258      0.757267296      0.529330134    
   1.28537977      0.755123436      0.535195470    
   1.26809096      0.752932489      0.540620923    
   1.25093949      0.750691950      0.545623124    
   1.23391974      0.748398840      0.550218344    
   1.21702743      0.746051431      0.554423094    
   1.20025897      0.743647635      0.558253646    
   1.18361163      0.741185904      0.561726093    
   1.16708374      0.738665164      0.564856589    
   1.15067387      0.736084402      0.567660749    
   1.13438129      0.733443022      0.570154071    
   1.11820579      0.730740547      0.572351873    
   1.10214758      0.727976620      0.574268997    
   1.08620679      0.725151360      0.575919926    
   1.07038462      0.722264886      0.577319026    
   1.05468142      0.719317496      0.578480005    
   1.03909862      0.716309905      0.579416394    
   1.02363718      0.713242531      0.580141187    
   1.00829840      0.710116386      0.580667138    
  0.993083596      0.706932425      0.581006467    
  0.977994025      0.703691542      0.581170917    
  0.963031054      0.700395286      0.581171989    
  0.948195875      0.697044849      0.581020713    
  0.933489740      0.693641603      0.580727458    
  0.918913782      0.690187156      0.580302596    
  0.904469013      0.686683118      0.579755723    
  0.890156507      0.683131158      0.579096317    
  0.875977039      0.679533124      0.578333199    
  0.861931503      0.675890744      0.577475071    
  0.848020494      0.672205925      0.576529801    
  0.834244549      0.668480575      0.575505376    
  0.820603967      0.664716721      0.574409008    
  0.807099164      0.660916328      0.573247910    
  0.793730438      0.657081306      0.572028697    
  0.780497551      0.653214097      0.570757627    
  0.767400682      0.649316311      0.569440663    
  0.754439473      0.645390332      0.568083525    
  0.741613686      0.641438186      0.566691518    
  0.728922844      0.637461901      0.565269768    
  0.716366649      0.633463621      0.563822925    
  0.703944087      0.629445493      0.562355459    
  0.691654623      0.625409424      0.560871542    
  0.679497480      0.621357560      0.559375167    
  0.667471588      0.617291987      0.557869911    
  0.655576050      0.613214552      0.556359291    
  0.643809676      0.609127402      0.554846346    
  0.632171273      0.605032444      0.553334236    
  0.620659649      0.600931585      0.551825523    
  0.609273434      0.596826792      0.550322890    
  0.598011255      0.592719793      0.548828483    
  0.586871743      0.588612676      0.547344804    
  0.575853288      0.584506869      0.545873463    
  0.564954340      0.580404460      0.544416487    
  0.554173291      0.576306820      0.542975307    
  0.543508589      0.572215796      0.541551709    
  0.532958567      0.568133116      0.540146768    
  0.522521436      0.564060092      0.538761854    
  0.512195408      0.559998512      0.537397802    
  0.501978815      0.555949748      0.536055684    
  0.491869926      0.551915169      0.534736276    
  0.481866807      0.547896266      0.533440173    
  0.471967697      0.543894172      0.532168031    
  0.462170780      0.539910555      0.530920208    
  0.452474147      0.535946250      0.529697120    
  0.442875892      0.532002628      0.528498888    
  0.433374405      0.528080940      0.527325809    
  0.423967540      0.524182081      0.526177704    
  0.414653659      0.520307124      0.525054812    
  0.405430764      0.516457260      0.523956835    
  0.396297127      0.512633145      0.522883594    
  0.387250811      0.508835852      0.521834850    
  0.378290027      0.505066097      0.520810187    
  0.369412988      0.501324832      0.519809246    
  0.360617846      0.497612715      0.518831432    
  0.351902813      0.493930370      0.517876148    
  0.343266100      0.490278482      0.516942918    
  0.334706008      0.486657649      0.516030788    
  0.326220751      0.483068377      0.515139222    
  0.317808598      0.479511201      0.514267266    
  0.309467852      0.475986421      0.513413966    
  0.301196903      0.472494632      0.512578547    
  0.292994052      0.469035983      0.511759758    
  0.284857720      0.465610892      0.510956824    
  0.276786238      0.462219507      0.510168374    
  0.268778116      0.458861977      0.509393275    
  0.260831773      0.455538571      0.508630455    
  0.252945751      0.452249169      0.507878542    
  0.245118514      0.448993891      0.507136047    
  0.237348646      0.445772767      0.506401777    
  0.229634762      0.442585588      0.505674303    
  0.221975490      0.439432293      0.504951954    
  0.214369461      0.436312616      0.504233360    
  0.206815407      0.433226407      0.503516793    
  0.199312121      0.430173278      0.502800822    
  0.191858277      0.427152842      0.502083480    
  0.184452802      0.424164802      0.501363158    
  0.177094534      0.421208531      0.500638127    
  0.169782400      0.418283582      0.499906480    
  0.162515357      0.415389299      0.499166280    
  0.155292451      0.412524998      0.498415649    
  0.148112699      0.409690022      0.497652531    
  0.140975267      0.406883568      0.496874869    
  0.133879319      0.404104710      0.496080637    
  0.126824096      0.401352614      0.495267659    
  0.119808890      0.398626238      0.494433731    
  0.112833083      0.395924598      0.493576616    
  0.105896071      0.393246382      0.492693931    
   9.89973694E-02  0.390590549      0.491783470    
   9.21365470E-02  0.387955755      0.490842611    
   8.53132233E-02  0.385340661      0.489869028    
   7.85271451E-02  0.382743746      0.488860160    
   7.17781186E-02  0.380163670      0.487813652    
   6.50660247E-02  0.377598643      0.486726463    
   5.83908558E-02  0.375047147      0.485596240    
   5.17526902E-02  0.372507304      0.484420210    
   4.51516993E-02  0.369977295      0.483195484    
   3.85881811E-02  0.367455214      0.481919318    
   3.20625193E-02  0.364938945      0.480588734    
   2.55752504E-02  0.362426400      0.479200900    
   1.91269759E-02  0.359915316      0.477752596    
   1.27184764E-02  0.357403368      0.476240993    
   6.35069562E-03  0.354888201      0.474662900    
   2.46088057E-05  0.352367222      0.473015100    
  -6.25853846E-03  0.349837780      0.471294433    
  -1.24974009E-02  0.347297192      0.469497561    
  -1.86904632E-02  0.344742507      0.467621177    
  -2.48360261E-02  0.342170805      0.465661824    
  -3.09321731E-02  0.339578986      0.463616133    
  -3.69768590E-02  0.336963922      0.461480588    
  -4.29677591E-02  0.334322155      0.459251463    
  -4.89023663E-02  0.331650376      0.456925243    
  -5.47779463E-02  0.328944981      0.454498321    
  -6.05915077E-02  0.326202303      0.451966822    
  -6.63398132E-02  0.323418498      0.449326992    
  -7.20193163E-02  0.320589662      0.446574837    
  -7.76262507E-02  0.317711771      0.443706602    
  -8.31565112E-02  0.314780623      0.440718174    
  -8.86056796E-02  0.311791927      0.437605470    
  -9.39689726E-02  0.308741271      0.434364378    
  -9.92412940E-02  0.305624038      0.430990726    
 -0.104417205      0.302435607      0.427480131    
 -0.109490789      0.299171209      0.423828304    
 -0.114455774      0.295825899      0.420030713    
 -0.119305469      0.292394698      0.416082889    
 -0.124032669      0.288872361      0.411980122    
 -0.128629759      0.285253793      0.407717705    
 -0.133088559      0.281533599      0.403290898    
 -0.137400359      0.277706355      0.398694545    
 -0.141555905      0.273766547      0.393923730    
 -0.145545393      0.269708604      0.388973147    
 -0.149358332      0.265526891      0.383837461    
 -0.152983606      0.261215717      0.378511161    
 -0.156409457      0.256769329      0.372988522    
 -0.159623325      0.252181977      0.367263585    
 -0.162611946      0.247447923      0.361330390    
 -0.165361270      0.242561460      0.355182528    
 -0.167856306      0.237516880      0.348813444    
 -0.170081362      0.232308567      0.342216194    
 -0.172019616      0.226930976      0.335383743    
 -0.173653483      0.221378699      0.328308433    
 -0.174964175      0.215646535      0.320982456    
 -0.175931886      0.209729463      0.313397467    
 -0.176535711      0.203622654      0.305544853    
 -0.176753491      0.197321653      0.297415227    
 -0.176561862      0.190822363      0.288998872    
 -0.175936088      0.184120983      0.280285299    
 -0.174850032      0.177214324      0.271263629    
 -0.173276141      0.170099705      0.261921972    
 -0.171185166      0.162775099      0.252247930    
 -0.168546349      0.155239135      0.242227972    
 -0.165327132      0.147491366      0.231847763    
 -0.161493078      0.139532328      0.221091986    
 -0.157007843      0.131363526      0.209944189    
 -0.151833028      0.122987770      0.198386699    
 -0.145927981      0.114409238      0.186400548    
 -0.139249802      0.105633684      0.173965380    
 -0.131753057       9.66686308E-02  0.161059380    
 -0.123389766       8.75235721E-02  0.147659048    
 -0.114109136       7.82102868E-02  0.133739159    
 -0.103857465       6.87430650E-02  0.119272761    
  -9.25779268E-02   5.91390505E-02  0.104230829    
  -8.02104324E-02   4.94185835E-02   8.85823742E-02
  -6.66913688E-02   3.96056250E-02   7.22942278E-02
  -5.19534796E-02   2.97281779E-02   5.53310215E-02
  -3.59256491E-02   1.98188052E-02   3.76550928E-02
  -1.85326505E-02   9.91520192E-03   1.92264672E-02
   3.04971007E-04   6.08279734E-05   2.82932024E-06
