   1.57079995      0.785399973      0.392699987    
   1.52288342      0.761442006      0.380720943    
   1.47603977      0.738020241      0.369010091    
   1.43024540      0.715122998      0.357561469    
   1.38547683      0.692738771      0.346369326    
   1.34171140      0.670855880      0.335427940    
   1.29892707      0.649463654      0.324731827    
   1.25710237      0.628551424      0.314275652    
   1.21621490      0.608107865      0.304053873    
   1.17624533      0.588123143      0.294061422    
   1.13717282      0.568586886      0.284293354    
   1.09897757      0.549489319      0.274744600    
   1.06164074      0.530820966      0.265410304    
   1.02514255      0.512571931      0.256285816    
  0.989465594      0.494733423      0.247366562    
  0.954591155      0.477296233      0.238647997    
  0.920501590      0.460251540      0.230125651    
  0.887180030      0.443590641      0.221795186    
  0.854609311      0.427305371      0.213652506    
  0.822773576      0.411387324      0.205693498    
  0.791655302      0.395828217      0.197913885    
  0.761239529      0.380620241      0.190309986    
  0.731510878      0.365755796      0.182877809    
  0.702454150      0.351227701      0.175613731    
  0.674054980      0.337027967      0.168513864    
  0.646298587      0.323149890      0.161574811    
  0.619068563      0.309534818      0.154767171    
  0.592556477      0.296278715      0.148139119    
  0.566646039      0.283323288      0.141661525    
  0.541324139      0.270662487      0.135331035    
  0.516578376      0.258289486      0.129144624    
  0.492395669      0.246198252      0.123098895    
  0.468764186      0.234382540      0.117191009    
  0.445671469      0.222836316      0.111417852    
  0.423106283      0.211553842      0.105776608    
  0.401057303      0.200529173      0.100264415    
  0.379513651      0.189757109       9.48784947E-02
  0.358462393      0.179231465       8.96157101E-02
  0.337894976      0.168947831       8.44739228E-02
  0.317800432      0.158900738       7.94503838E-02
  0.298168749      0.149084881       7.45424107E-02
  0.278989673      0.139495388       6.97476491E-02
  0.260253698      0.130127460       6.50636181E-02
  0.241951525      0.120976202       6.04879968E-02
  0.224073142      0.112037085       5.60184345E-02
  0.206610024      0.103305541       5.16526774E-02
  0.189553291       9.47771966E-02   4.73884679E-02
  0.172894374       8.64477605E-02   4.32237387E-02
  0.156624675       7.83130080E-02   3.91563140E-02
  0.140735984       7.03686252E-02   3.51841077E-02
  0.125220299       6.26107454E-02   3.13052014E-02
  0.110069796       5.50355278E-02   2.75176167E-02
   9.52768028E-02   4.76389639E-02   2.38193497E-02
   8.08337852E-02   4.04174887E-02   2.02085376E-02
   6.67334124E-02   3.33673395E-02   1.66834556E-02
   5.29685505E-02   2.64848638E-02   1.32422661E-02
   3.95324156E-02   1.97667964E-02   9.88321286E-03
   2.64179222E-02   1.32096037E-02   6.60459884E-03
   1.36186006E-02   6.80983672E-03   3.40472092E-03
   1.12784281E-03   5.64516522E-04   2.82013323E-04
  -1.10604055E-02  -5.52967284E-03  -2.76508229E-03
  -2.29526721E-02  -1.14757847E-02  -5.73813356E-03
  -3.45547087E-02  -1.72768608E-02  -8.63870140E-03
  -4.58724499E-02  -2.29357556E-02  -1.14681134E-02
  -5.69117740E-02  -2.84554306E-02  -1.42279221E-02
  -6.76782131E-02  -3.38385999E-02  -1.69194937E-02
  -7.81770945E-02  -3.90881039E-02  -1.95442382E-02
  -8.84137675E-02  -4.42064404E-02  -2.21034251E-02
  -9.83933657E-02  -4.91963178E-02  -2.45983377E-02
 -0.108121149      -5.40601648E-02  -2.70302799E-02
 -0.117601864      -5.88004403E-02  -2.94004977E-02
 -0.126840442      -6.34196773E-02  -3.17101181E-02
 -0.135841474      -6.79202378E-02  -3.39603946E-02
 -0.144609436      -7.23041967E-02  -3.61523926E-02
 -0.153148919      -7.65740052E-02  -3.82872820E-02
 -0.161464065      -8.07316750E-02  -4.03661095E-02
 -0.169559345      -8.47793221E-02  -4.23898883E-02
 -0.177438632      -8.87189656E-02  -4.43597361E-02
 -0.185106084      -9.25526619E-02  -4.62766103E-02
 -0.192565516      -9.62823927E-02  -4.81414273E-02
 -0.199820653      -9.99099910E-02  -4.99552302E-02
 -0.206875309     -0.103437237      -5.17188422E-02
 -0.213732883     -0.106865972      -5.34332506E-02
 -0.220396906     -0.110197932      -5.50992787E-02
 -0.226870775     -0.113434814      -5.67177460E-02
 -0.233157694     -0.116578259      -5.82894832E-02
 -0.239260942     -0.119629964      -5.98152690E-02
 -0.245183513     -0.122591287      -6.12959340E-02
 -0.250928462     -0.125463739      -6.27321750E-02
 -0.256498784     -0.128248900      -6.41247407E-02
 -0.261897087     -0.130948022      -6.54743463E-02
 -0.267126381     -0.133562654      -6.67816773E-02
 -0.272189140     -0.136094019      -6.80473745E-02
 -0.277087808     -0.138543427      -6.92720413E-02
 -0.281825125     -0.140912086      -7.04563856E-02
 -0.286403388     -0.143201232      -7.16009587E-02
 -0.290824920     -0.145411998      -7.27063268E-02
 -0.295092016     -0.147545487      -7.37731010E-02
 -0.299206793     -0.149602830      -7.48017579E-02
 -0.303171098     -0.151584983      -7.57928640E-02
 -0.306987166     -0.153493017      -7.67468736E-02
 -0.310656905     -0.155327916      -7.76643157E-02
 -0.314182341     -0.157090589      -7.85456225E-02
 -0.317564905     -0.158781931      -7.93912932E-02
 -0.320806682     -0.160402760      -8.02016780E-02
 -0.323908985     -0.161953941      -8.09772313E-02
 -0.326873451     -0.163436249      -8.17183703E-02
 -0.329701841     -0.164850369      -8.24254900E-02
 -0.332395345     -0.166197091      -8.30988288E-02
 -0.334955275     -0.167477131      -8.37388411E-02
 -0.337382913     -0.168691114      -8.43458027E-02
 -0.339679927     -0.169839501      -8.49200338E-02
 -0.341847092     -0.170923084      -8.54618475E-02
 -0.343885571     -0.171942338      -8.59714150E-02
 -0.345796406     -0.172897726      -8.64491165E-02
 -0.347580403     -0.173789740      -8.68951529E-02
 -0.349238575     -0.174618900      -8.73097256E-02
 -0.350772142     -0.175385520      -8.76930878E-02
 -0.352181375     -0.176090121      -8.80454332E-02
 -0.353466988     -0.176732913      -8.83668661E-02
 -0.354629993     -0.177314356      -8.86575952E-02
 -0.355670691     -0.177834600      -8.89177993E-02
 -0.356589526     -0.178294122      -8.91475677E-02
 -0.357387453     -0.178693086      -8.93470421E-02
 -0.358064473     -0.179031670      -8.95163119E-02
 -0.358621061     -0.179309964      -8.96554515E-02
 -0.359057397     -0.179528162      -8.97645727E-02
 -0.359373987     -0.179686353      -8.98436904E-02
 -0.359570563     -0.179784685      -8.98928642E-02
 -0.359647542     -0.179823175      -8.99121165E-02
 -0.359604776     -0.179801792      -8.99014175E-02
 -0.359442383     -0.179720610      -8.98608044E-02
 -0.359160155     -0.179579556      -8.97902548E-02
 -0.358758122     -0.179378524      -8.96897465E-02
 -0.358235836     -0.179117382      -8.95591900E-02
 -0.357593238     -0.178796053      -8.93985331E-02
 -0.356829941     -0.178414404      -8.92076939E-02
 -0.355945468     -0.177972212      -8.89865980E-02
 -0.354939610     -0.177469254      -8.87351260E-02
 -0.353811532     -0.176905304      -8.84531140E-02
 -0.352560908     -0.176279992      -8.81404430E-02
 -0.351187050     -0.175593004      -8.77969712E-02
 -0.349689215     -0.174844086      -8.74225348E-02
 -0.348066658     -0.174032822      -8.70169252E-02
 -0.346318603     -0.173158810      -8.65799040E-02
 -0.344444126     -0.172221571      -8.61112848E-02
 -0.342442244     -0.171220660      -8.56108218E-02
 -0.340312004     -0.170155540      -8.50782469E-02
 -0.338052303     -0.169025689      -8.45133141E-02
 -0.335662037     -0.167830527      -8.39157552E-02
 -0.333139896     -0.166569471      -8.32852051E-02
 -0.330484778     -0.165241897      -8.26214179E-02
 -0.327695131     -0.163847104      -8.19240063E-02
 -0.324769676     -0.162384376      -8.11926350E-02
 -0.321706831     -0.160852954      -8.04269388E-02
 -0.318505138     -0.159252137      -7.96265230E-02
 -0.315162897     -0.157581016      -7.87909627E-02
 -0.311678588     -0.155838862      -7.79198706E-02
 -0.308050245     -0.154024675      -7.70127773E-02
 -0.304276049     -0.152137622      -7.60692358E-02
 -0.300354302     -0.150176808      -7.50888065E-02
 -0.296282828     -0.148141071      -7.40709528E-02
 -0.292059630     -0.146029443      -7.30151087E-02
 -0.287682563     -0.143840909      -7.19208047E-02
 -0.283149332     -0.141574323      -7.07874969E-02
 -0.278457612     -0.139228478      -6.96145669E-02
 -0.273605138     -0.136802271      -6.84014559E-02
 -0.268589497     -0.134294450      -6.71475306E-02
 -0.263408065     -0.131703734      -6.58521652E-02
 -0.258058250     -0.129028797      -6.45146966E-02
 -0.252537310     -0.126268372      -6.31344765E-02
 -0.246842474     -0.123420946      -6.17107600E-02
 -0.240970850     -0.120485142      -6.02428503E-02
 -0.234919429     -0.117459446      -5.87299950E-02
 -0.228685200     -0.114342354      -5.71714416E-02
 -0.222265020     -0.111132264      -5.55663928E-02
 -0.215655684     -0.107827596      -5.39140515E-02
 -0.208853722     -0.104426600      -5.22135571E-02
 -0.201855719     -0.100927621      -5.04640415E-02
 -0.194658130      -9.73288342E-02  -4.86646555E-02
 -0.187257349      -9.36284214E-02  -4.68144566E-02
 -0.179649606      -8.98245648E-02  -4.49125208E-02
 -0.171831086      -8.59152973E-02  -4.29578833E-02
 -0.163797826      -8.18986520E-02  -4.09495607E-02
 -0.155545712      -7.77726099E-02  -3.88865210E-02
 -0.147070602      -7.35350773E-02  -3.67677435E-02
 -0.138368368      -6.91839755E-02  -3.45921740E-02
 -0.129434258      -6.47169203E-02  -3.23586538E-02
 -0.120263919      -6.01317585E-02  -3.00660580E-02
 -0.110852681      -5.54261655E-02  -2.77132504E-02
 -0.101195835      -5.05977459E-02  -2.52990369E-02
  -9.12884548E-02  -4.56440821E-02  -2.28221901E-02
  -8.11255425E-02  -4.05626372E-02  -2.02814564E-02
  -7.07019418E-02  -3.53508443E-02  -1.76755507E-02
  -6.00123890E-02  -3.00060716E-02  -1.50031531E-02
  -4.90514450E-02  -2.45256089E-02  -1.22629143E-02
  -3.78135778E-02  -1.89066902E-02  -9.45344288E-03
  -2.62930989E-02  -1.31464582E-02  -6.57331664E-03
  -1.44842090E-02  -7.24202162E-03  -3.62108857E-03
  -2.38106772E-03  -1.19046122E-03  -5.95297199E-04
   3.90510494E-03   1.95260788E-03   1.97823695E-03
