   0.00000000       0.00000000       0.00000000    
   9.00239032E-03   1.72458310E-02   3.48806456E-02
   1.83020011E-02   3.36531959E-02   6.88542053E-02
   2.78476588E-02   4.92427908E-02  0.101944447    
   3.75918224E-02   6.40368462E-02  0.134171903    
   4.74903509E-02   7.80588761E-02  0.165554360    
   5.75022697E-02   9.13334116E-02  0.196107432    
   6.75895810E-02  0.103885740      0.225844666    
   7.77171180E-02  0.115741745      0.254778266    
   8.78523588E-02  0.126927644      0.282919049    
   9.79653001E-02  0.137469932      0.310276836    
  0.108028397      0.147395074      0.336860895    
  0.118016325      0.156729549      0.362679631    
  0.127905935      0.165499568      0.387741208    
  0.137676224      0.173731074      0.412053645    
  0.147308022      0.181449562      0.435624659    
  0.156784102      0.188680053      0.458461940    
  0.166088998      0.195447057      0.480573356    
  0.175208911      0.201774433      0.501966774    
  0.184131548      0.207685366      0.522650182    
  0.192846164      0.213202342      0.542631805    
  0.201343328      0.218347028      0.561919987    
  0.209614947      0.223140433      0.580523431    
  0.217654124      0.227602690      0.598450840    
  0.225455076      0.231753156      0.615711451    
  0.233013064      0.235610351      0.632314444    
  0.240324304      0.239192024      0.648269415    
  0.247384712      0.242514506      0.663583279    
  0.254193306      0.245594472      0.678268433    
  0.260748833      0.248447239      0.692335069    
  0.267050564      0.251087278      0.705793142    
  0.273098439      0.253528386      0.718652844    
  0.278892934      0.255783468      0.730924666    
  0.284435064      0.257864922      0.742618918    
  0.289726198      0.259784132      0.753745973    
  0.294768244      0.261552066      0.764316320    
  0.299563348      0.263178885      0.774340510    
  0.304114044      0.264674187      0.783828974    
  0.308423042      0.266046792      0.792792141    
  0.312493324      0.267305076      0.801240623    
  0.316328228      0.268456936      0.809184492    
  0.319931060      0.269509405      0.816634119    
  0.323305368      0.270469368      0.823599875    
  0.326454908      0.271343023      0.830091655    
  0.329383403      0.272136062      0.836119652    
  0.332094699      0.272853822      0.841693819    
  0.334592760      0.273501158      0.846823871    
  0.336881638      0.274082601      0.851519585    
  0.338965297      0.274602205      0.855790496    
  0.340847760      0.275063723      0.859645963    
  0.342533141      0.275470585      0.863095343    
  0.344025552      0.275825858      0.866147876    
  0.345329016      0.276132315      0.868812561    
  0.346447647      0.276392460      0.871098280    
  0.347385436      0.276608557      0.873013854    
  0.348146498      0.276782602      0.874567747    
  0.348734707      0.276916265      0.875768483    
  0.349154145      0.277011156      0.876624525    
  0.349408686      0.277068585      0.877144039    
  0.349502265      0.277089655      0.877334952    
  0.349438727      0.277075350      0.877205372    
  0.349221945      0.277026504      0.876762748    
  0.348855585      0.276943684      0.876015127    
  0.348343551      0.276827514      0.874969780    
  0.347689420      0.276678294      0.873634160    
  0.346896857      0.276496291      0.872015595    
  0.345969617      0.276281744      0.870121181    
  0.344911128      0.276034594      0.867957950    
  0.343724996      0.275754809      0.865532756    
  0.342414677      0.275442302      0.862852454    
  0.340983659      0.275096864      0.859923601    
  0.339435399      0.274718255      0.856752992    
  0.337773144      0.274306148      0.853346825    
  0.336000293      0.273860097      0.849711478    
  0.334120154      0.273379833      0.845853269    
  0.332136035      0.272864699      0.841778159    
  0.330051124      0.272314370      0.837492406    
  0.327868581      0.271728277      0.833001912    
  0.325591594      0.271105856      0.828312516    
  0.323223263      0.270446450      0.823429883    
  0.320766717      0.269749641      0.818359613    
  0.318225026      0.269014716      0.813107610    
  0.315601200      0.268241167      0.807678938    
  0.312898248      0.267428398      0.802079320    
  0.310119092      0.266575754      0.796313822    
  0.307266653      0.265682667      0.790388048    
  0.304343909      0.264748603      0.784306943    
  0.301353723      0.263772935      0.778075576    
  0.298298895      0.262755185      0.771699011    
  0.295182377      0.261694789      0.765182257    
  0.292006791      0.260591298      0.758530080    
  0.288775027      0.259444147      0.751747370    
  0.285489738      0.258252889      0.744838834    
  0.282153696      0.257017165      0.737809122    
  0.278769583      0.255736500      0.730662882    
  0.275339961      0.254410595      0.723404646    
  0.271867543      0.253039032      0.716038942    
  0.268354952      0.251621574      0.708570123    
  0.264804602      0.250157952      0.701002479    
  0.261219174      0.248647928      0.693340540    
  0.257601112      0.247091308      0.685588300    
  0.253952891      0.245487973      0.677750051    
  0.250276953      0.243837833      0.669829845    
  0.246575743      0.242140755      0.661831856    
  0.242851630      0.240396783      0.653760016    
  0.239106953      0.238605946      0.645618439    
  0.235344023      0.236768290      0.637410879    
  0.231565177      0.234883949      0.629141212    
  0.227772608      0.232953072      0.620813251    
  0.223968551      0.230975881      0.612430751    
  0.220155224      0.228952616      0.603997409    
  0.216334745      0.226883620      0.595516980    
  0.212509274      0.224769220      0.586992979    
  0.208680838      0.222609729      0.578428984    
  0.204851523      0.220405698      0.569828570    
  0.201023296      0.218157604      0.561195016    
  0.197198153      0.215865910      0.552531898    
  0.193378031      0.213531271      0.543842673    
  0.189564824      0.211154312      0.535130560    
  0.185760379      0.208735704      0.526398897    
  0.181966543      0.206276149      0.517650962    
  0.178185076      0.203776434      0.508889914    
  0.174417734      0.201237381      0.500119090    
  0.170666218      0.198659852      0.491341472    
  0.166932151      0.196044728      0.482560217    
  0.163217217      0.193393007      0.473778486    
  0.159522966      0.190705672      0.464999229    
  0.155850947      0.187983736      0.456225514    
  0.152202696      0.185228318      0.447460294    
  0.148579627      0.182440549      0.438706547    
  0.144983202      0.179621607      0.429967225    
  0.141414776      0.176772699      0.421245158    
  0.137875706      0.173895091      0.412543297    
  0.134367317      0.170990080      0.403864533    
  0.130890831      0.168058977      0.395211577    
  0.127447486      0.165103212      0.386587322    
  0.124038465      0.162124172      0.377994537    
  0.120664932      0.159123361      0.369436026    
  0.117327951      0.156102225      0.360914558    
  0.114028610      0.153062329      0.352432877    
  0.110767938      0.150005281      0.343993694    
  0.107546918      0.146932647      0.335599840    
  0.104366511      0.143846110      0.327253938    
  0.101227604      0.140747339      0.318958819    
   9.81310830E-02  0.137638107      0.310717106    
   9.50778052E-02  0.134520128      0.302531570    
   9.20685306E-02  0.131395206      0.294404924    
   8.91040862E-02  0.128265202      0.286339909    
   8.61851424E-02  0.125131950      0.278339177    
   8.33124295E-02  0.121997371      0.270405591    
   8.04866031E-02  0.118863367      0.262541860    
   7.77082890E-02  0.115731947      0.254750669    
   7.49781057E-02  0.112605087      0.247034818    
   7.22965971E-02  0.109484822      0.239397183    
   6.96643069E-02  0.106373221      0.231840491    
   6.70817345E-02  0.103272378      0.224367604    
   6.45493865E-02  0.100184433      0.216981411    
   6.20676912E-02   9.71115455E-02  0.209684744    
   5.96370697E-02   9.40558985E-02  0.202480540    
   5.72579354E-02   9.10196975E-02  0.195371747    
   5.49306571E-02   8.80052298E-02  0.188361317    
   5.26555888E-02   8.50147605E-02  0.181452304    
   5.04330508E-02   8.20505992E-02  0.174647719    
   4.82633710E-02   7.91151077E-02  0.167950675    
   4.61468287E-02   7.62106478E-02  0.161364302    
   4.40836996E-02   7.33396262E-02  0.154891804    
   4.20742482E-02   7.05044717E-02  0.148536384    
   4.01187129E-02   6.77076578E-02  0.142301351    
   3.82173248E-02   6.49516657E-02  0.136190057    
   3.63703147E-02   6.22390471E-02  0.130205840    
   3.45778875E-02   5.95723316E-02  0.124352217    
   3.28402519E-02   5.69541045E-02  0.118632689    
   3.11576091E-02   5.43869697E-02  0.113050818    
   2.95301620E-02   5.18735871E-02  0.107610285    
   2.79581118E-02   4.94166128E-02  0.102314800    
   2.64416672E-02   4.70187627E-02   9.71681550E-02
   2.49810312E-02   4.46827561E-02   9.21742469E-02
   2.35764291E-02   4.24113572E-02   8.73370096E-02
   2.22280901E-02   4.02073525E-02   8.26604664E-02
   2.09362563E-02   3.80735621E-02   7.81487599E-02
   1.97011977E-02   3.60128358E-02   7.38060847E-02
   1.85231958E-02   3.40280645E-02   6.96367547E-02
   1.74025595E-02   3.21221352E-02   6.56451285E-02
   1.63396318E-02   3.02979965E-02   6.18357323E-02
   1.53347850E-02   2.85586063E-02   5.82131334E-02
   1.43884327E-02   2.69069672E-02   5.47820367E-02
   1.35010257E-02   2.53461003E-02   5.15472330E-02
   1.26730669E-02   2.38790531E-02   4.85136360E-02
   1.19051095E-02   2.25089081E-02   4.56862748E-02
   1.11977635E-02   2.12387759E-02   4.30702828E-02
   1.05517069E-02   2.00717878E-02   4.06709276E-02
   9.96768288E-03   1.90111045E-02   3.84935886E-02
   9.44650918E-03   1.80599131E-02   3.65437865E-02
   8.98909196E-03   1.72214210E-02   3.48271579E-02
   8.59642029E-03   1.64988637E-02   3.33495028E-02
   8.26958288E-03   1.58954952E-02   3.21167223E-02
   8.00977368E-03   1.54145919E-02   3.11348960E-02
   7.81829841E-03   1.50594469E-02   3.04102376E-02
   7.69658387E-03   1.48333721E-02   2.99491249E-02
   7.64618441E-03   1.47396866E-02   2.97580827E-02
   7.66879786E-03   1.47817321E-02   2.98438147E-02
