   0.00000000       0.00000000       0.00000000       1.00000000    
   1.73998065E-02   8.69990513E-03   4.34995256E-03  0.999801278    
   3.42601091E-02   1.71300620E-02   8.56503099E-03  0.999229431    
   5.05874380E-02   2.52937302E-02   1.26468651E-02  0.998319209    
   6.63891211E-02   3.31945755E-02   1.65972859E-02  0.997103393    
   8.16731602E-02   4.08365987E-02   2.04182975E-02  0.995612860    
   9.64481533E-02   4.82240953E-02   2.41120458E-02  0.993876636    
  0.110723175       5.53616099E-02   2.76808012E-02  0.991921961    
  0.124507695       6.22538738E-02   3.11269332E-02  0.989774406    
  0.137811512       6.89057857E-02   3.44528891E-02  0.987457812    
  0.150644675       7.53223747E-02   3.76611799E-02  0.984994590    
  0.163017422       8.15087482E-02   4.07543667E-02  0.982405603    
  0.174940109       8.74700993E-02   4.37350422E-02  0.979710281    
  0.186423182       9.32116434E-02   4.66058142E-02  0.976926804    
  0.197477132       9.87386256E-02   4.93693016E-02  0.974071980    
  0.208112434      0.104056284       5.20281270E-02  0.971161485    
  0.218339518      0.109169833       5.45849018E-02  0.968209863    
  0.228168756      0.114084460       5.70422150E-02  0.965230525    
  0.237610430      0.118805304       5.94026372E-02  0.962235928    
  0.246674687      0.123337440       6.16687052E-02  0.959237456    
  0.255371541      0.127685875       6.38429224E-02  0.956245720    
  0.263710827      0.131855533       6.59277514E-02  0.953270316    
  0.271702260      0.135851249       6.79256096E-02  0.950320184    
  0.279355288      0.139677778       6.98388740E-02  0.947403431    
  0.286679238      0.143339768       7.16698691E-02  0.944527447    
  0.293683201      0.146841764       7.34208673E-02  0.941698968    
  0.300376087      0.150188208       7.50940889E-02  0.938924134    
  0.306765467      0.153382912       7.66914338E-02  0.936208844    
  0.312860906      0.156430632       7.82152936E-02  0.933557630    
  0.318670630      0.159335494       7.96677247E-02  0.930974901    
  0.324202657      0.162101507       8.10507312E-02  0.928464592    
  0.329464763      0.164732561       8.23662579E-02  0.926030219    
  0.334464550      0.167232454       8.36162046E-02  0.923674762    
  0.339209378      0.169604868       8.48024115E-02  0.921400964    
  0.343706369      0.171853364       8.59266594E-02  0.919211030    
  0.347962439      0.173981413       8.69906843E-02  0.917106986    
  0.351984352      0.175992370       8.79961625E-02  0.915090382    
  0.355778575      0.177889496       8.89447257E-02  0.913162529    
  0.359351456      0.179675937       8.98379460E-02  0.911324441    
  0.362709075      0.181354746       9.06773508E-02  0.909576952    
  0.365857363      0.182928890       9.14644226E-02  0.907920539    
  0.368802041      0.184401229       9.22005922E-02  0.906355500    
  0.371548623      0.185774535       9.28872451E-02  0.904881954    
  0.374102503      0.187051490       9.35257226E-02  0.903499842    
  0.376468897      0.188234687       9.41173211E-02  0.902208805    
  0.378652781      0.189326629       9.46632996E-02  0.901008487    
  0.380659044      0.190329760       9.51648653E-02  0.899898231    
  0.382492363      0.191246420       9.56231952E-02  0.898877382    
  0.384157300      0.192078888       9.60394293E-02  0.897944987    
  0.385658234      0.192829356       9.64146629E-02  0.897100151    
  0.386999428      0.193499953       9.67499614E-02  0.896341741    
  0.388184994      0.194092736       9.70463604E-02  0.895668626    
  0.389218926      0.194609702       9.73048434E-02  0.895079494    
  0.390105069      0.195052773       9.75263864E-02  0.894573033    
  0.390847176      0.195423827       9.77119133E-02  0.894147813    
  0.391448826      0.195724666       9.78623331E-02  0.893802285    
  0.391913533      0.195957035       9.79785174E-02  0.893534958    
  0.392244697      0.196122631       9.80613157E-02  0.893344223    
  0.392445624      0.196223095       9.81115475E-02  0.893228412    
  0.392519474      0.196260020       9.81300101E-02  0.893185854    
  0.392469317      0.196234956       9.81174782E-02  0.893214762    
  0.392298162      0.196149394       9.80746970E-02  0.893313408    
  0.392008930      0.196004778       9.80023891E-02  0.893480062    
  0.391604424      0.195802540       9.79012698E-02  0.893712819    
  0.391087383      0.195544034       9.77720171E-02  0.894009888    
  0.390460491      0.195230588       9.76152942E-02  0.894369483    
  0.389726311      0.194863513       9.74317566E-02  0.894789696    
  0.388887376      0.194444060       9.72220302E-02  0.895268619    
  0.387946129      0.193973452       9.69867259E-02  0.895804405    
  0.386904985      0.193452880       9.67264399E-02  0.896395206    
  0.385766238      0.192883506       9.64417532E-02  0.897039115    
  0.384532154      0.192266464       9.61332321E-02  0.897734284    
  0.383204937      0.191602856       9.58014280E-02  0.898478866    
  0.381786734      0.190893754       9.54468772E-02  0.899270952    
  0.380279660      0.190140218       9.50701088E-02  0.900108695    
  0.378685772      0.189343274       9.46716368E-02  0.900990248    
  0.377007067      0.188503936       9.42519680E-02  0.901913762    
  0.375245541      0.187623173       9.38115865E-02  0.902877450    
  0.373403102      0.186701953       9.33509767E-02  0.903879464    
  0.371481627      0.185741216       9.28706080E-02  0.904918015    
  0.369482964      0.184741884       9.23709422E-02  0.905991375    
  0.367408931      0.183704868       9.18524340E-02  0.907097757    
  0.365261286      0.182631060       9.13155302E-02  0.908235431    
  0.363041818      0.181521326       9.07606632E-02  0.909402668    
  0.360752195      0.180376530       9.01882648E-02  0.910597742    
  0.358394146      0.179197505       8.95987526E-02  0.911819041    
  0.355969310      0.177985087       8.89925435E-02  0.913064897    
  0.353479326      0.176740095       8.83700475E-02  0.914333642    
  0.350925803      0.175463334       8.77316669E-02  0.915623724    
  0.348310351      0.174155608       8.70778039E-02  0.916933537    
  0.345634520      0.172817692       8.64088461E-02  0.918261528    
  0.342899859      0.171450362       8.57251808E-02  0.919606209    
  0.340107888      0.170054376       8.50271881E-02  0.920966029    
  0.337260127      0.168630496       8.43152478E-02  0.922339559    
  0.334358066      0.167179480       8.35897401E-02  0.923725307    
  0.331403196      0.165702060       8.28510299E-02  0.925121844    
  0.328396976      0.164198965       8.20994824E-02  0.926527798    
  0.325340867      0.162670925       8.13354626E-02  0.927941799    
  0.322236300      0.161118656       8.05593282E-02  0.929362535    
  0.319084734      0.159542874       7.97714368E-02  0.930788636    
  0.315887541      0.157944292       7.89721459E-02  0.932218850    
  0.312646151      0.156323612       7.81618059E-02  0.933651924    
  0.309361964      0.154681534       7.73407668E-02  0.935086668    
  0.306036383      0.153018743       7.65093714E-02  0.936521828    
  0.302670777      0.151335940       7.56679773E-02  0.937956274    
  0.299266517      0.149633825       7.48169199E-02  0.939388871    
  0.295825005      0.147913069       7.39565417E-02  0.940818489    
  0.292347580      0.146174356       7.30871931E-02  0.942244112    
  0.288835615      0.144418374       7.22092092E-02  0.943664610    
  0.285290450      0.142645806       7.13229254E-02  0.945078969    
  0.281713456      0.140857324       7.04286844E-02  0.946486235    
  0.278106004      0.139053598       6.95268214E-02  0.947885454    
  0.274469405      0.137235314       6.86176792E-02  0.949275672    
  0.270805031      0.135403126       6.77015930E-02  0.950655997    
  0.267114222      0.133557722       6.67788982E-02  0.952025533    
  0.263398319      0.131699771       6.58499300E-02  0.953383446    
  0.259658664      0.129829958       6.49150237E-02  0.954728901    
  0.255896628      0.127948940       6.39745146E-02  0.956061125    
  0.252113521      0.126057401       6.30287454E-02  0.957379401    
  0.248310715      0.124156006       6.20780475E-02  0.958682954    
  0.244489551      0.122245431       6.11227602E-02  0.959971130    
  0.240651384      0.120326355       6.01632223E-02  0.961243212    
  0.236797571      0.118399456       5.91997690E-02  0.962498605    
  0.232929453      0.116465405       5.82327433E-02  0.963736653    
  0.229048401      0.114524886       5.72624840E-02  0.964956760    
  0.225155771      0.112578578       5.62893301E-02  0.966158450    
  0.221252948      0.110627167       5.53136244E-02  0.967341125    
  0.217341289      0.108671337       5.43357097E-02  0.968504310    
  0.213422164      0.106711783       5.33559322E-02  0.969647527    
  0.209496975      0.104749188       5.23746349E-02  0.970770359    
  0.205567092      0.102784254       5.13921678E-02  0.971872389    
  0.201633915      0.100817673       5.04088774E-02  0.972953260    
  0.197698846       9.88501459E-02   4.94251102E-02  0.974012613    
  0.193763286       9.68823731E-02   4.84412238E-02  0.975050092    
  0.189828649       9.49150622E-02   4.74575683E-02  0.976065397    
  0.185896367       9.29489285E-02   4.64745015E-02  0.977058232    
  0.181967869       9.09846798E-02   4.54923771E-02  0.978028417    
  0.178044587       8.90230387E-02   4.45115566E-02  0.978975713    
  0.174127966       8.70647281E-02   4.35324013E-02  0.979899883    
  0.170219451       8.51104781E-02   4.25552763E-02  0.980800807    
  0.166320533       8.31610188E-02   4.15805466E-02  0.981678367    
  0.162432671       8.12170878E-02   4.06085812E-02  0.982532442    
  0.158557341       7.92794302E-02   3.96397524E-02  0.983362913    
  0.154696062       7.73487911E-02   3.86744328E-02  0.984169781    
  0.150850326       7.54259229E-02   3.77129987E-02  0.984952986    
  0.147021651       7.35115930E-02   3.67558300E-02  0.985712528    
  0.143211573       7.16065541E-02   3.58033106E-02  0.986448467    
  0.139421627       6.97115883E-02   3.48558277E-02  0.987160802    
  0.135653377       6.78274706E-02   3.39137651E-02  0.987849653    
  0.131908387       6.59549832E-02   3.29775177E-02  0.988515079    
  0.128188252       6.40949160E-02   3.20474841E-02  0.989157259    
  0.124494553       6.22480698E-02   3.11240610E-02  0.989776254    
  0.120828904       6.04152493E-02   3.02076507E-02  0.990372300    
  0.117192939       5.85972704E-02   2.92986613E-02  0.990945578    
  0.113588296       5.67949526E-02   2.83975024E-02  0.991496325    
  0.110016637       5.50091267E-02   2.75045894E-02  0.992024779    
  0.106479637       5.32406308E-02   2.66203415E-02  0.992531240    
  0.102978997       5.14903143E-02   2.57451814E-02  0.993015945    
   9.95164216E-02   4.97590303E-02   2.48795375E-02  0.993479192    
   9.60936397E-02   4.80476432E-02   2.40238439E-02  0.993921340    
   9.27124098E-02   4.63570282E-02   2.31785364E-02  0.994342744    
   8.93744975E-02   4.46880721E-02   2.23440584E-02  0.994743824    
   8.60816911E-02   4.30416688E-02   2.15208568E-02  0.995124876    
   8.28358009E-02   4.14187275E-02   2.07093861E-02  0.995486379    
   7.96386600E-02   3.98201607E-02   1.99101027E-02  0.995828748    
   7.64921308E-02   3.82468998E-02   1.91234723E-02  0.996152461    
   7.33980983E-02   3.66998836E-02   1.83499642E-02  0.996457934    
   7.03584626E-02   3.51800658E-02   1.75900552E-02  0.996745646    
   6.73751533E-02   3.36884111E-02   1.68442279E-02  0.997016132    
   6.44501224E-02   3.22258994E-02   1.61129721E-02  0.997269928    
   6.15853593E-02   3.07935197E-02   1.53967822E-02  0.997507513    
   5.87828718E-02   2.93922778E-02   1.46961613E-02  0.997729421    
   5.60446978E-02   2.80231927E-02   1.40116187E-02  0.997936189    
   5.33729084E-02   2.66872998E-02   1.33436723E-02  0.998128414    
   5.07696047E-02   2.53856499E-02   1.26928473E-02  0.998306632    
   4.82369177E-02   2.41193082E-02   1.20596765E-02  0.998471439    
   4.57770117E-02   2.28893571E-02   1.14447000E-02  0.998623431    
   4.33920808E-02   2.16968935E-02   1.08484682E-02  0.998763204    
   4.10843603E-02   2.05430351E-02   1.02715390E-02  0.998891294    
   3.88561226E-02   1.94289163E-02   9.71447956E-03  0.999008298    
   3.67096700E-02   1.83556918E-02   9.17786732E-03  0.999114871    
   3.46473493E-02   1.73245333E-02   8.66228715E-03  0.999211550    
   3.26715410E-02   1.63366310E-02   8.16833600E-03  0.999298930    
   3.07846721E-02   1.53931994E-02   7.69661926E-03  0.999377549    
   2.89892107E-02   1.44954706E-02   7.24775437E-03  0.999448001    
   2.72876676E-02   1.36447009E-02   6.82236906E-03  0.999510884    
   2.56825965E-02   1.28421672E-02   6.42110175E-03  0.999566734    
   2.41766013E-02   1.20891714E-02   6.04460342E-03  0.999616027    
   2.27723327E-02   1.13870390E-02   5.69353672E-03  0.999659300    
   2.14724913E-02   1.07371192E-02   5.36857639E-03  0.999697030    
   2.02798266E-02   1.01407878E-02   5.07041020E-03  0.999729693    
   1.91971418E-02   9.59944632E-03   4.79973899E-03  0.999757767    
   1.82272922E-02   9.11452249E-03   4.55727661E-03  0.999781609    
   1.73731912E-02   8.68747383E-03   4.34375182E-03  0.999801576    
   1.66378096E-02   8.31978396E-03   4.15990641E-03  0.999817967    
   1.60241742E-02   8.01296718E-03   4.00649756E-03  0.999831140    
   1.55353742E-02   7.76856812E-03   3.88429756E-03  0.999841273    
   1.51745602E-02   7.58816209E-03   3.79409408E-03  0.999848545    
   1.49449473E-02   7.47335656E-03   3.73669062E-03  0.999853075    
   1.48498127E-02   7.42579019E-03   3.71290674E-03  0.999854922    
   1.48925046E-02   7.44713703E-03   3.72357946E-03  0.999854088    
