   1.57079995      0.785399973      0.392699987    
   1.52270401      0.761352301      0.380676091    
   1.47568488      0.737842798      0.368921369    
   1.42971897      0.714859724      0.357429832    
   1.38478255      0.692391634      0.346195728    
   1.34085298      0.670426667      0.335213304    
   1.29790807      0.648954093      0.324477047    
   1.25592661      0.627963483      0.313981652    
   1.21488559      0.607443154      0.303721517    
   1.17476594      0.587383389      0.293691546    
   1.13554668      0.567773759      0.283886790    
   1.09720778      0.548604369      0.274302155    
   1.05973065      0.529865861      0.264932781    
   1.02309513      0.511548162      0.255773962    
  0.987283885      0.493642509      0.246821135    
  0.952278197      0.476139665      0.238069743    
  0.918060184      0.459030777      0.229515299    
  0.884613037      0.442307025      0.221153423    
  0.851919293      0.425960332      0.212980002    
  0.819963574      0.409982264      0.204990998    
  0.788727820      0.394364417      0.197181985    
  0.758197129      0.379098982      0.189549372    
  0.728356123      0.364178240      0.182089075    
  0.699189365      0.349595249      0.174797535    
  0.670682669      0.335341692      0.167670771    
  0.642821014      0.321411014      0.160705432    
  0.615590990      0.307795942      0.153897792    
  0.588978291      0.294489563      0.147244573    
  0.562969446      0.281484842      0.140742376    
  0.537551165      0.268775910      0.134387776    
  0.512711227      0.256355762      0.128177837    
  0.488436311      0.244218439      0.122109048    
  0.464714736      0.232357651      0.116178632    
  0.441533774      0.220767289      0.110383406    
  0.418882281      0.209441721      0.104720585    
  0.396748692      0.198374763       9.91872549E-02
  0.375122756      0.187561512       9.37807560E-02
  0.353990555      0.176995382       8.84977281E-02
  0.333344042      0.166672185       8.33361596E-02
  0.313172072      0.156586409       7.82932937E-02
  0.293464690      0.146732688       7.33663812E-02
  0.274211526      0.137106135       6.85530975E-02
  0.255402982      0.127701968       6.38509318E-02
  0.237029940      0.118515223       5.92575707E-02
  0.219082087      0.109541394       5.47706448E-02
  0.201551005      0.100775860       5.03879078E-02
  0.184427723       9.22142491E-02   4.61070575E-02
  0.167703703       8.38522390E-02   4.19260524E-02
  0.151370287       7.56856501E-02   3.78427058E-02
  0.135419220       6.77100793E-02   3.38548943E-02
  0.119842455       5.99216409E-02   2.99607124E-02
  0.104632154       5.23165502E-02   2.61581894E-02
   8.97806287E-02   4.48907018E-02   2.24453006E-02
   7.52803013E-02   3.76405679E-02   1.88201480E-02
   6.11238219E-02   3.05623859E-02   1.52810365E-02
   4.73039746E-02   2.36524120E-02   1.18261110E-02
   3.38140540E-02   1.69074349E-02   8.45360290E-03
   2.06468441E-02   1.03239231E-02   5.16182231E-03
   7.79593037E-03   3.89832258E-03   1.94903987E-03
  -4.74543171E-03  -2.37226998E-03  -1.18631311E-03
  -1.69831682E-02  -8.49122461E-03  -4.24579438E-03
  -2.89239734E-02  -1.44615872E-02  -7.23096170E-03
  -4.05735560E-02  -2.02864446E-02  -1.01434328E-02
  -5.19378558E-02  -2.59686168E-02  -1.29844826E-02
  -6.30228072E-02  -3.15111242E-02  -1.57557037E-02
  -7.38339871E-02  -3.69166397E-02  -1.84584484E-02
  -8.43767077E-02  -4.21880819E-02  -2.10941546E-02
  -9.46563780E-02  -4.73278984E-02  -2.36640908E-02
 -0.104678079      -5.23388460E-02  -2.61695348E-02
 -0.114447176      -5.72233610E-02  -2.86117941E-02
 -0.123968378      -6.19838759E-02  -3.09921484E-02
 -0.133246675      -6.66229501E-02  -3.33116874E-02
 -0.142286688      -7.11430162E-02  -3.55717093E-02
 -0.151092842      -7.55460560E-02  -3.77732553E-02
 -0.159669846      -7.98346102E-02  -3.99175175E-02
 -0.168021739      -8.40106755E-02  -4.20055501E-02
 -0.176153138      -8.80763829E-02  -4.40383442E-02
 -0.184067845      -9.20337439E-02  -4.60170470E-02
 -0.191770062      -9.58848149E-02  -4.79426272E-02
 -0.199263647      -9.96316150E-02  -4.98159677E-02
 -0.206552282     -0.103275992      -5.16381636E-02
 -0.213639885     -0.106819704      -5.34099974E-02
 -0.220529810     -0.110264614      -5.51324897E-02
 -0.227225617     -0.113612466      -5.68064675E-02
 -0.233730733     -0.116864972      -5.84327467E-02
 -0.240048349     -0.120023742      -6.00121655E-02
 -0.246181786     -0.123090550      -6.15454912E-02
 -0.252134055     -0.126066729      -6.30335808E-02
 -0.257908165     -0.128953755      -6.44771233E-02
 -0.263507247     -0.131753311      -6.58768713E-02
 -0.268933803     -0.134466544      -6.72335401E-02
 -0.274190933     -0.137095094      -6.85478300E-02
 -0.279281139     -0.139640152      -6.98203817E-02
 -0.284206748     -0.142103061      -7.10517839E-02
 -0.288970649     -0.144485012      -7.22427741E-02
 -0.293575108     -0.146787256      -7.33939037E-02
 -0.298022449     -0.149010926      -7.45057166E-02
 -0.302314967     -0.151157126      -7.55788609E-02
 -0.306454897     -0.153227031      -7.66137913E-02
 -0.310443938     -0.155221567      -7.76110962E-02
 -0.314284474     -0.157141820      -7.85712153E-02
 -0.317978293     -0.158988789      -7.94946924E-02
 -0.321527600     -0.160763368      -8.03819448E-02
 -0.324933678     -0.162466481      -8.12335089E-02
 -0.328198761     -0.164098933      -8.20497125E-02
 -0.331324071     -0.165661603      -8.28310102E-02
 -0.334311247     -0.167155296      -8.35778266E-02
 -0.337162167     -0.168580666      -8.42905939E-02
 -0.339877963     -0.169938520      -8.49694982E-02
 -0.342460006     -0.171229571      -8.56150240E-02
 -0.344909430     -0.172454506      -8.62274542E-02
 -0.347228110     -0.173613712      -8.68070871E-02
 -0.349416763     -0.174708024      -8.73542875E-02
 -0.351476550     -0.175737932      -8.78691673E-02
 -0.353408545     -0.176703900      -8.83521512E-02
 -0.355213553     -0.177606389      -8.88034403E-02
 -0.356892496     -0.178445980      -8.92232209E-02
 -0.358446807     -0.179222941      -8.96117538E-02
 -0.359876692     -0.179937854      -8.99692550E-02
 -0.361182749     -0.180590868      -9.02958140E-02
 -0.362366140     -0.181182534      -9.05916318E-02
 -0.363427162     -0.181712896      -9.08569098E-02
 -0.364366144     -0.182182521      -9.10917297E-02
 -0.365184247     -0.182591543      -9.12962407E-02
 -0.365881354     -0.182940185      -9.14705396E-02
 -0.366457999     -0.183228493      -9.16146785E-02
 -0.366914272     -0.183456704      -9.17287990E-02
 -0.367250860     -0.183624864      -9.18129086E-02
 -0.367467374     -0.183733165      -9.18670669E-02
 -0.367564321     -0.183781639      -9.18913111E-02
 -0.367541492     -0.183770224      -9.18855965E-02
 -0.367399067     -0.183699012      -9.18499753E-02
 -0.367136806     -0.183567956      -9.17844176E-02
 -0.366754800     -0.183376938      -9.16889161E-02
 -0.366252571     -0.183125824      -9.15633738E-02
 -0.365630090     -0.182814538      -9.14077461E-02
 -0.364886999     -0.182442978      -9.12219509E-02
 -0.364022732     -0.182010904      -9.10059139E-02
 -0.363037229     -0.181518093      -9.07595307E-02
 -0.361929566     -0.180964366      -9.04826224E-02
 -0.360699475     -0.180349320      -9.01750848E-02
 -0.359346241     -0.179672644      -8.98367688E-02
 -0.357869178     -0.178934112      -8.94675180E-02
 -0.356267512     -0.178133294      -8.90671387E-02
 -0.354540497     -0.177269816      -8.86353776E-02
 -0.352687240     -0.176343173      -8.81720558E-02
 -0.350706726     -0.175352946      -8.76769349E-02
 -0.348598033     -0.174298599      -8.71497467E-02
 -0.346360058     -0.173179626      -8.65902379E-02
 -0.343991756     -0.171995431      -8.59981701E-02
 -0.341491729     -0.170745447      -8.53731483E-02
 -0.338858992     -0.169429049      -8.47149566E-02
 -0.336091936     -0.168045551      -8.40231925E-02
 -0.333189338     -0.166594252      -8.32975283E-02
 -0.330149591     -0.165074378      -8.25376064E-02
 -0.326971292     -0.163485259      -8.17430392E-02
 -0.323652655     -0.161825955      -8.09133872E-02
 -0.320192307     -0.160095781      -8.00482854E-02
 -0.316588223     -0.158293709      -7.91472569E-02
 -0.312838554     -0.156418920      -7.82098472E-02
 -0.308941722     -0.154470563      -7.72356391E-02
 -0.304895490     -0.152447447      -7.62241036E-02
 -0.300697863     -0.150348604      -7.51746595E-02
 -0.296346754     -0.148173049      -7.40868375E-02
 -0.291839868     -0.145919636      -7.29601160E-02
 -0.287174881     -0.143587157      -7.17938617E-02
 -0.282349527     -0.141174510      -7.05875382E-02
 -0.277361453     -0.138680473      -6.93405047E-02
 -0.272208005     -0.136103764      -6.80521354E-02
 -0.266886622     -0.133443028      -6.67217672E-02
 -0.261394590     -0.130697072      -6.53487742E-02
 -0.255729139     -0.127864331      -6.39324039E-02
 -0.249887407     -0.124943472      -6.24719635E-02
 -0.243866369     -0.121932961      -6.09667040E-02
 -0.237663046     -0.118831329      -5.94158769E-02
 -0.231274292     -0.115636952      -5.78186847E-02
 -0.224696964     -0.112348296      -5.61743453E-02
 -0.217927575     -0.108963579      -5.44819981E-02
 -0.210962728     -0.105481185      -5.27407676E-02
 -0.203798905     -0.101899289      -5.09498231E-02
 -0.196432516      -9.82160643E-02  -4.91082221E-02
 -0.188859791      -9.44297239E-02  -4.72150445E-02
 -0.181076944      -9.05382931E-02  -4.52693254E-02
 -0.173080042      -8.65398198E-02  -4.32700962E-02
 -0.164864987      -8.24323073E-02  -4.12163176E-02
 -0.156427592      -7.82136321E-02  -3.91069725E-02
 -0.147763878      -7.38817975E-02  -3.69410291E-02
 -0.138869017      -6.94343671E-02  -3.47173214E-02
 -0.129738703      -6.48692101E-02  -3.24347280E-02
 -0.120368265      -6.01840205E-02  -3.00921202E-02
 -0.110753037      -5.53764068E-02  -2.76883114E-02
 -0.100888103      -5.04439697E-02  -2.52220761E-02
  -9.07684937E-02  -4.53841761E-02  -2.26921681E-02
  -8.03890675E-02  -4.01944704E-02  -2.00973079E-02
  -6.97445944E-02  -3.48722376E-02  -1.74361784E-02
  -5.88296503E-02  -2.94147730E-02  -1.47074396E-02
  -4.76387218E-02  -2.38193255E-02  -1.19097037E-02
  -3.61661538E-02  -1.80830490E-02  -9.04155523E-03
  -2.44061239E-02  -1.22030415E-02  -6.10154215E-03
  -1.23529425E-02  -6.17646147E-03  -3.08824098E-03
   0.00000000       0.00000000       0.00000000    
