   1.00000000    
   1.00000060    
   1.00000083    
   1.00000095    
   1.00000119    
   1.00000179    
   1.00000155    
   1.00000107    
   1.00000095    
   1.00000143    
   1.00000083    
   1.00000143    
   1.00000203    
   1.00000334    
   1.00000238    
   1.00000226    
   1.00000322    
   1.00000334    
   1.00000203    
   1.00000322    
   1.00000310    
   1.00000095    
   1.00000286    
   1.00000215    
   1.00000322    
   1.00000155    
   1.00000238    
   1.00000107    
   1.00000131    
   1.00000107    
   1.00000238    
   1.00000167    
   1.00000179    
   1.00000191    
   1.00000179    
   1.00000131    
   1.00000072    
   1.00000107    
   1.00000155    
   1.00000179    
   1.00000143    
   1.00000191    
   1.00000143    
   1.00000167    
   1.00000167    
   1.00000131    
   1.00000107    
   1.00000155    
   1.00000191    
   1.00000191    
   1.00000179    
   1.00000167    
   1.00000167    
   1.00000203    
   1.00000143    
   1.00000215    
   1.00000167    
   1.00000215    
   1.00000238    
   1.00000250    
   1.00000238    
   1.00000203    
   1.00000238    
   1.00000226    
   1.00000191    
   1.00000179    
   1.00000191    
   1.00000167    
   1.00000131    
   1.00000095    
   1.00000083    
   1.00000143    
   1.00000036    
   1.00000072    
   1.00000024    
   1.00000048    
   1.00000024    
   1.00000072    
   1.00000036    
   1.00000095    
   1.00000072    
   1.00000095    
   1.00000083    
   1.00000083    
   1.00000095    
   1.00000060    
   1.00000083    
   1.00000107    
   1.00000072    
   1.00000083    
   1.00000107    
   1.00000095    
   1.00000107    
   1.00000107    
   1.00000095    
   1.00000143    
   1.00000083    
   1.00000095    
   1.00000119    
   1.00000107    
   1.00000095    
   1.00000107    
   1.00000131    
   1.00000143    
   1.00000155    
   1.00000155    
   1.00000167    
   1.00000143    
   1.00000179    
   1.00000167    
   1.00000179    
   1.00000215    
   1.00000179    
   1.00000167    
   1.00000155    
   1.00000143    
   1.00000155    
   1.00000179    
   1.00000191    
   1.00000226    
   1.00000215    
   1.00000191    
   1.00000215    
   1.00000215    
   1.00000143    
   1.00000203    
   1.00000262    
   1.00000215    
   1.00000191    
   1.00000215    
   1.00000143    
   1.00000119    
   1.00000286    
   1.00000262    
   1.00000286    
   1.00000238    
   1.00000238    
   1.00000215    
   1.00000298    
   1.00000262    
   1.00000215    
   1.00000215    
   1.00000286    
   1.00000405    
   1.00000250    
   1.00000370    
   1.00000346    
   1.00000322    
   1.00000298    
   1.00000310    
   1.00000274    
   1.00000286    
   1.00000215    
   1.00000215    
   1.00000238    
   1.00000250    
   1.00000143    
   1.00000179    
   1.00000203    
   1.00000155    
   1.00000119    
   1.00000107    
   1.00000131    
   1.00000119    
   1.00000107    
   1.00000143    
   1.00000095    
   1.00000119    
   1.00000107    
   1.00000060    
   1.00000083    
   1.00000083    
   1.00000060    
   1.00000083    
   1.00000083    
   1.00000036    
   1.00000072    
   1.00000083    
   1.00000048    
   1.00000012    
   1.00000024    
   1.00000036    
   1.00000036    
   1.00000012    
   1.00000024    
   1.00000000    
  0.999999762    
  0.999999821    
  0.999999940    
  0.999999821    
  0.999999881    
  0.999999762    
  0.999999762    
  0.999999344    
  0.999999166    
  0.999998271    
   1.00000298    
  0.999999642    
   1.00000370    
   1.00000238    
   1.00000000    
