   0.00000000       0.00000000       0.00000000    
   9.00207553E-03   1.72452219E-02   3.48785594E-02
   1.83002278E-02   3.36501934E-02   6.88473433E-02
   2.78431140E-02   4.92355414E-02  0.101929300    
   3.75830233E-02   6.40238896E-02  0.134143203    
   4.74757366E-02   7.80385882E-02  0.165509701    
   5.74799888E-02   9.13047940E-02  0.196040615    
   6.75579756E-02  0.103847519      0.225752816    
   7.76742846E-02  0.115692981      0.254657328    
   8.77964571E-02  0.126867875      0.282765716    
   9.78942886E-02  0.137397990      0.310086787    
  0.107940324      0.147310600      0.336630851    
  0.117909148      0.156632110      0.362404972    
  0.127777770      0.165388808      0.387419671    
  0.137524858      0.173606843      0.411680132    
  0.147131369      0.181311503      0.435196102    
  0.156580389      0.188528538      0.457974851    
  0.165856108      0.195281968      0.480023980    
  0.174944893      0.201595604      0.501351535    
  0.183834493      0.207493320      0.521965623    
  0.192514330      0.212997362      0.541875362    
  0.200974375      0.218128636      0.561086297    
  0.209207714      0.222909734      0.579611838    
  0.217206463      0.227359667      0.597456217    
  0.224965557      0.231498420      0.614632368    
  0.232479855      0.235344052      0.631146491    
  0.239746153      0.238914967      0.647011280    
  0.246760845      0.242226973      0.662232935    
  0.253522575      0.245297164      0.676824749    
  0.260029554      0.248140216      0.690794528    
  0.266281694      0.250771523      0.704153776    
  0.272278428      0.253203422      0.716911972    
  0.278020501      0.255449951      0.729079723    
  0.283509046      0.257523298      0.740667105    
  0.288745195      0.259434283      0.751684844    
  0.293731213      0.261194348      0.762144089    
  0.298469096      0.262813389      0.772054374    
  0.302961528      0.264300913      0.781427145    
  0.307211250      0.265666068      0.790272892    
  0.311221391      0.266917020      0.798601627    
  0.314994991      0.268061310      0.806423604    
  0.318535745      0.269106299      0.813749969    
  0.321846902      0.270058721      0.820589423    
  0.324932367      0.270924300      0.826954305    
  0.327796102      0.271709800      0.832852900    
  0.330441743      0.272419304      0.838295639    
  0.332873523      0.273058295      0.843292952    
  0.335095257      0.273630828      0.847854912    
  0.337110966      0.274141312      0.851989865    
  0.338924885      0.274593413      0.855707645    
  0.340541005      0.274990112      0.859017730    
  0.341963440      0.275334597      0.861929774    
  0.343196452      0.275629908      0.864452422    
  0.344243914      0.275878459      0.866594374    
  0.345109880      0.276081860      0.868364930    
  0.345798850      0.276242971      0.869772792    
  0.346314102      0.276362538      0.870825410    
  0.346660316      0.276442677      0.871532798    
  0.346841246      0.276484489      0.871902764    
  0.346860588      0.276488930      0.871942163    
  0.346722424      0.276457012      0.871659994    
  0.346430659      0.276389569      0.871063948    
  0.345988989      0.276287258      0.870161355    
  0.345401168      0.276150465      0.868959665    
  0.344671130      0.275979251      0.867467701    
  0.343802273      0.275774270      0.865690827    
  0.342798591      0.275535345      0.863637984    
  0.341663480      0.275262535      0.861315548    
  0.340400338      0.274955839      0.858729541    
  0.339012861      0.274615049      0.855887771    
  0.337504804      0.274240017      0.852797151    
  0.335879385      0.273830295      0.849464595    
  0.334139735      0.273385584      0.845893741    
  0.332289696      0.272905737      0.842094541    
  0.330332249      0.272389919      0.838071048    
  0.328270912      0.271837890      0.833830595    
  0.326108873      0.271248877      0.829378963    
  0.323849350      0.270622611      0.824722111    
  0.321495503      0.269958496      0.819865048    
  0.319050699      0.269255847      0.814815104    
  0.316517711      0.268513918      0.809576869    
  0.313899875      0.267732292      0.804156125    
  0.311200052      0.266910255      0.798558056    
  0.308421671      0.266047269      0.792789519    
  0.305567414      0.265142888      0.786854506    
  0.302640289      0.264196038      0.780758977    
  0.299643487      0.263206571      0.774507999    
  0.296579629      0.262173802      0.768106520    
  0.293451577      0.261097193      0.761558652    
  0.290262491      0.259976000      0.754871726    
  0.287014991      0.258809894      0.748048961    
  0.283711851      0.257598430      0.741095245    
  0.280355930      0.256341070      0.734015584    
  0.276949972      0.255037457      0.726814628    
  0.273496777      0.253687114      0.719497621    
  0.269998878      0.252289593      0.712068856    
  0.266458929      0.250844717      0.704531789    
  0.262879759      0.249352127      0.696892560    
  0.259263724      0.247811481      0.689154387    
  0.255613506      0.246222854      0.681321502    
  0.251931608      0.244585723      0.673398793    
  0.248220593      0.242900282      0.665390015    
  0.244482994      0.241166070      0.657300234    
  0.240721136      0.239383340      0.649132609    
  0.236937493      0.237551972      0.640891194    
  0.233134374      0.235671952      0.632580340    
  0.229314193      0.233743533      0.624203622    
  0.225479200      0.231766701      0.615764916    
  0.221631810      0.229741707      0.607268691    
  0.217774108      0.227668852      0.598717570    
  0.213908359      0.225548297      0.590116024    
  0.210036784      0.223380327      0.581468165    
  0.206161380      0.221165478      0.572776020    
  0.202284366      0.218904018      0.564044714    
  0.198407784      0.216596380      0.555277526    
  0.194533706      0.214243278      0.546477437    
  0.190664068      0.211845130      0.537648201    
  0.186800823      0.209402636      0.528793216    
  0.182945892      0.206916377      0.519915521    
  0.179101139      0.204387203      0.511018753    
  0.175268337      0.201815575      0.502105951    
  0.171449244      0.199202657      0.493179590    
  0.167645827      0.196549088      0.484244674    
  0.163859561      0.193855792      0.475302994    
  0.160092101      0.191123694      0.466357261    
  0.156345278      0.188353851      0.457411885    
  0.152620599      0.185547262      0.448469460    
  0.148919478      0.182704955      0.439532459    
  0.145243555      0.179828078      0.430604547    
  0.141594261      0.176917925      0.421688080    
  0.137972891      0.173975423      0.412785947    
  0.134380952      0.171002075      0.403901428    
  0.130819872      0.167999253      0.395037800    
  0.127290636      0.164967969      0.386196554    
  0.123794772      0.161909789      0.377381593    
  0.120333269      0.158826083      0.368594885    
  0.116907470      0.155718327      0.359840304    
  0.113518387      0.152588040      0.351119757    
  0.110167243      0.149436846      0.342436552    
  0.106854938      0.146266103      0.333792776    
  0.103582472      0.143077537      0.325191379    
  0.100350916      0.139872864      0.316635430    
   9.71611291E-02  0.136653751      0.308127314    
   9.40140411E-02  0.133421928      0.299670011    
   9.09103304E-02  0.130178899      0.291265100    
   8.78510401E-02  0.126926929      0.282916784    
   8.48367512E-02  0.123667441      0.274626940    
   8.18682984E-02  0.120402500      0.266398549    
   7.89463148E-02  0.117133893      0.258233994    
   7.60715008E-02  0.113863721      0.250136375    
   7.32444599E-02  0.110593803      0.242107987    
   7.04658106E-02  0.107326232      0.234151870    
   6.77360594E-02  0.104062967      0.226270705    
   6.50557652E-02  0.100806087      0.218467414    
   6.24254085E-02   9.75577459E-02  0.210744247    
   5.98454289E-02   9.43199694E-02  0.203104615    
   5.73162474E-02   9.10950080E-02  0.195551082    
   5.48383221E-02   8.78850818E-02  0.188086212    
   5.24119735E-02   8.46922994E-02  0.180713281    
   5.00375405E-02   8.15189332E-02  0.173435152    
   4.77153584E-02   7.83673748E-02  0.166254550    
   4.54457216E-02   7.52398074E-02  0.159174845    
   4.32289019E-02   7.21386671E-02  0.152198851    
   4.10651192E-02   6.90662935E-02  0.145329535    
   3.89546156E-02   6.60250485E-02  0.138569921    
   3.68976146E-02   6.30174652E-02  0.131923527    
   3.48942578E-02   6.00458533E-02  0.125393108    
   3.29447426E-02   5.71128316E-02  0.118982151    
   3.10492255E-02   5.42208999E-02  0.112694085    
   2.92078443E-02   5.13725318E-02  0.106532134    
   2.74207350E-02   4.85704206E-02  0.100499690    
   2.56880280E-02   4.58171032E-02   9.46002379E-02
   2.40098294E-02   4.31152247E-02   8.88375714E-02
   2.23862566E-02   4.04674746E-02   8.32150280E-02
   2.08174102E-02   3.78765129E-02   7.77364224E-02
   1.93034057E-02   3.53450850E-02   7.24054649E-02
   1.78443622E-02   3.28759812E-02   6.72260448E-02
   1.64403897E-02   3.04719508E-02   6.22021370E-02
   1.50916157E-02   2.81358175E-02   5.73375747E-02
   1.37981838E-02   2.58704238E-02   5.26365638E-02
   1.25602474E-02   2.36786548E-02   4.81033735E-02
   1.13779847E-02   2.15634424E-02   4.37420718E-02
   1.02515677E-02   1.95276886E-02   3.95570993E-02
   9.18123778E-03   1.75743643E-02   3.55530009E-02
   8.16724356E-03   1.57064814E-02   3.17342728E-02
   7.20985234E-03   1.39270574E-02   2.81055830E-02
   6.30939985E-03   1.22391582E-02   2.46716421E-02
   5.46625024E-03   1.06458664E-02   2.14374177E-02
   4.68081934E-03   9.15031042E-03   1.84078682E-02
   3.95356631E-03   7.75562599E-03   1.55879939E-02
   3.28503130E-03   6.46499125E-03   1.29831787E-02
   2.67579989E-03   5.28162345E-03   1.05986679E-02
   2.12653726E-03   4.20874078E-03   8.43993016E-03
   1.63798209E-03   3.24961147E-03   6.51261304E-03
   1.21096394E-03   2.40752241E-03   4.82242135E-03
   8.46401148E-04   1.68579072E-03   3.37520451E-03
   5.45310089E-04   1.08775229E-03   2.17702845E-03
   3.08820949E-04   6.16756908E-04   1.23404141E-03
   1.38171643E-04   2.76196544E-04   5.52526093E-04
   3.47305286E-05   6.94716946E-05   1.38967458E-04
   0.00000000       0.00000000       0.00000000    
