   0.00000000       0.00000000       0.00000000       1.00000000    
   1.73987597E-02   8.69959034E-03   4.34980821E-03  0.999801636    
   3.42566967E-02   1.71284936E-02   8.56425241E-03  0.999229968    
   5.05799688E-02   2.52898913E-02   1.26449689E-02  0.998320162    
   6.63750619E-02   3.31875682E-02   1.65938046E-02  0.997105181    
   8.16514194E-02   4.08254080E-02   2.04127692E-02  0.995616138    
   9.64158922E-02   4.82079610E-02   2.41039898E-02  0.993881524    
  0.110679187       5.53396046E-02   2.76698414E-02  0.991928995    
  0.124450251       6.22251742E-02   3.11126374E-02  0.989784360    
  0.137739211       6.88697472E-02   3.44348401E-02  0.987471819    
  0.150555789       7.52780139E-02   3.76390070E-02  0.985012889    
  0.162910670       8.14553723E-02   4.07276824E-02  0.982429564    
  0.174813613       8.74069706E-02   4.37034965E-02  0.979740918    
  0.186276153       9.31380317E-02   4.65690531E-02  0.976965308    
  0.197307751       9.86539796E-02   4.93269861E-02  0.974118233    
  0.207919598      0.103959791       5.19798882E-02  0.971216857    
  0.218121901      0.109061003       5.45304604E-02  0.968275905    
  0.227925077      0.113962643       5.69812506E-02  0.965307832    
  0.237339661      0.118669890       5.93348965E-02  0.962324679    
  0.246375382      0.123187847       6.15938604E-02  0.959340036    
  0.255043060      0.127521709       6.37607053E-02  0.956362367    
  0.263351411      0.131675929       6.58378899E-02  0.953401148    
  0.271311551      0.135655925       6.78278729E-02  0.950468183    
  0.278931648      0.139466152       6.97330013E-02  0.947568357    
  0.286222249      0.143111408       7.15555996E-02  0.944711030    
  0.293191582      0.146596253       7.32979849E-02  0.941900849    
  0.299849302      0.149925187       7.49623850E-02  0.939146340    
  0.306203246      0.153102249       7.65509531E-02  0.936450899    
  0.312262774      0.156131998       7.80658051E-02  0.933821082    
  0.318035543      0.159018323       7.95089975E-02  0.931260407    
  0.323529780      0.161765561       8.08825642E-02  0.928773820    
  0.328753471      0.164377287       8.21884722E-02  0.926362813    
  0.333713949      0.166857526       8.34285691E-02  0.924031913    
  0.338418454      0.169209972       8.46047327E-02  0.921783507    
  0.342874378      0.171437889       8.57187286E-02  0.919619620    
  0.347088784      0.173545182       8.67723003E-02  0.917541981    
  0.351068079      0.175534919       8.77671465E-02  0.915552497    
  0.354819059      0.177410349       8.87049213E-02  0.913652837    
  0.358348012      0.179174796       8.95871371E-02  0.911843598    
  0.361660957      0.180831313       9.04153809E-02  0.910125375    
  0.364763856      0.182382748       9.11910832E-02  0.908498466    
  0.367662549      0.183832005       9.19157416E-02  0.906963825    
  0.370362073      0.185181931       9.25906748E-02  0.905520797    
  0.372868717      0.186434954       9.32172462E-02  0.904169858    
  0.375186712      0.187594190       9.37967449E-02  0.902910411    
  0.377321601      0.188661635       9.43304896E-02  0.901741803    
  0.379278272      0.189640030       9.48196650E-02  0.900663614    
  0.381061554      0.190531448       9.52654183E-02  0.899675429    
  0.382675529      0.191338375       9.56688747E-02  0.898776054    
  0.384124726      0.192063034       9.60311815E-02  0.897964299    
  0.385413498      0.192707390       9.63533968E-02  0.897239149    
  0.386546135      0.193273559       9.66365337E-02  0.896599412    
  0.387526423      0.193763673       9.68815982E-02  0.896043777    
  0.388357997      0.194179535       9.70895290E-02  0.895571351    
  0.389045060      0.194522992       9.72612649E-02  0.895179570    
  0.389590949      0.194796011       9.73977372E-02  0.894868314    
  0.389999032      0.195000097       9.74998027E-02  0.894634664    
  0.390273154      0.195137113       9.75683033E-02  0.894478023    
  0.390416473      0.195208713       9.76040661E-02  0.894396067    
  0.390431732      0.195216343       9.76079106E-02  0.894387364    
  0.390322417      0.195161670       9.75805670E-02  0.894449949    
  0.390091479      0.195046231       9.75228250E-02  0.894581974    
  0.389741600      0.194871336       9.74353850E-02  0.894782305    
  0.389275581      0.194638506       9.73189622E-02  0.895048440    
  0.388696879      0.194349080       9.71742421E-02  0.895378292    
  0.388007194      0.194004402       9.70018879E-02  0.895770669    
  0.387209952      0.193605706       9.68025327E-02  0.896223426    
  0.386307299      0.193154320       9.65768248E-02  0.896734476    
  0.385301381      0.192651406       9.63253677E-02  0.897302091    
  0.384194970      0.192098200       9.60487574E-02  0.897924364    
  0.382990450      0.191495940       9.57476050E-02  0.898599386    
  0.381690204      0.190845564       9.54224318E-02  0.899325609    
  0.380295396      0.190148354       9.50738415E-02  0.900100172    
  0.378809452      0.189405337       9.47023183E-02  0.900922418    
  0.377233773      0.188617542       9.43084136E-02  0.901789486    
  0.375570685      0.187786013       9.38926563E-02  0.902700245    
  0.373822302      0.186911732       9.34555233E-02  0.903652132    
  0.371990412      0.185995698       9.29975137E-02  0.904644072    
  0.370076656      0.185038969       9.25191194E-02  0.905673444    
  0.368083507      0.184042349       9.20208171E-02  0.906739235    
  0.366012484      0.183006823       9.15030316E-02  0.907838821    
  0.363865376      0.181933269       9.09662694E-02  0.908971012    
  0.361643851      0.180822581       9.04109254E-02  0.910133839    
  0.359350204      0.179675713       8.98374915E-02  0.911325455    
  0.356985599      0.178493500       8.92463550E-02  0.912544429    
  0.354552150      0.177276686       8.86379555E-02  0.913788617    
  0.352051258      0.176026195       8.80127251E-02  0.915057003    
  0.349484593      0.174742863       8.73710439E-02  0.916347504    
  0.346853375      0.173427433       8.67133364E-02  0.917658567    
  0.344160199      0.172080740       8.60399902E-02  0.918988526    
  0.341405898      0.170703530       8.53514150E-02  0.920336068    
  0.338592052      0.169296652       8.46479610E-02  0.921699345    
  0.335720301      0.167860806       8.39300528E-02  0.923077166    
  0.332792163      0.166396827       8.31980631E-02  0.924467742    
  0.329809368      0.164905444       8.24523419E-02  0.925869644    
  0.326773286      0.163387299       8.16932842E-02  0.927281737    
  0.323685050      0.161843270       8.09212625E-02  0.928701997    
  0.320546687      0.160274029       8.01366493E-02  0.930129647    
  0.317359209      0.158680215       7.93397725E-02  0.931563258    
  0.314124018      0.157062724       7.85310119E-02  0.933001280    
  0.310842842      0.155422106       7.77107030E-02  0.934442461    
  0.307516843      0.153759196       7.68792406E-02  0.935885787    
  0.304147869      0.152074575       7.60369524E-02  0.937329769    
  0.300736904      0.150369063       7.51841813E-02  0.938773274    
  0.297285378      0.148643285       7.43212998E-02  0.940215111    
  0.293794811      0.146897927       7.34486207E-02  0.941654086    
  0.290266424      0.145133734       7.25665167E-02  0.943089247    
  0.286701620      0.143351346       7.16753304E-02  0.944519281    
  0.283102036      0.141551450       7.07753971E-02  0.945943475    
  0.279468507      0.139734790       6.98670745E-02  0.947360456    
  0.275802851      0.137901977       6.89506680E-02  0.948769450    
  0.272106469      0.136053696       6.80265278E-02  0.950169444    
  0.268380165      0.134190708       6.70950115E-02  0.951559246    
  0.264625907      0.132313579       6.61564395E-02  0.952938259    
  0.260844916      0.130423009       6.52111620E-02  0.954305410    
  0.257038385      0.128519759       6.42595291E-02  0.955660045    
  0.253207773      0.126604408       6.33018687E-02  0.957001328    
  0.249354452      0.124677703       6.23385087E-02  0.958328485    
  0.245479673      0.122740276       6.13698140E-02  0.959640682    
  0.241584882      0.120792858       6.03961051E-02  0.960937262    
  0.237671420      0.118836045       5.94177172E-02  0.962217212    
  0.233740270      0.116870627       5.84350005E-02  0.963480115    
  0.229793593      0.114897206       5.74482940E-02  0.964725554    
  0.225832179      0.112916470       5.64579293E-02  0.965952575    
  0.221857294      0.110929139       5.54642454E-02  0.967160404    
  0.217870697      0.108935833       5.44676147E-02  0.968349457    
  0.213873744      0.106937304       5.34683578E-02  0.969518542    
  0.209867626      0.104934245       5.24668135E-02  0.970666647    
  0.205853939      0.102927320       5.14633469E-02  0.971793950    
  0.201833755      0.100917250       5.04583046E-02  0.972900271    
  0.197808623       9.89046618E-02   4.94520180E-02  0.973984361    
  0.193780005       9.68903303E-02   4.84448448E-02  0.975046575    
  0.189749360       9.48749408E-02   4.74371538E-02  0.976087332    
  0.185717806       9.28591713E-02   4.64292765E-02  0.977104425    
  0.181687087       9.08437744E-02   4.54215892E-02  0.978098631    
  0.177658305       8.88294429E-02   4.44144197E-02  0.979069233    
  0.173633367       8.68168995E-02   4.34081517E-02  0.980016530    
  0.169613346       8.48068595E-02   4.24031354E-02  0.980939984    
  0.165599868       8.28000754E-02   4.13997471E-02  0.981840014    
  0.161594257       8.07972476E-02   4.03983444E-02  0.982715487    
  0.157598034       7.87991211E-02   3.93992849E-02  0.983566642    
  0.153612778       7.68064484E-02   3.84029523E-02  0.984393835    
  0.149639815       7.48199448E-02   3.74097116E-02  0.985197067    
  0.145680845       7.28404075E-02   3.64199430E-02  0.985976160    
  0.141737014       7.08685294E-02   3.54340300E-02  0.986729562    
  0.137810230       6.89051524E-02   3.44523378E-02  0.987459958    
  0.133901924       6.69509768E-02   3.34752537E-02  0.988165319    
  0.130013615       6.50068074E-02   3.25031728E-02  0.988846481    
  0.126146808       6.30733892E-02   3.15364823E-02  0.989503503    
  0.122303173       6.11515641E-02   3.05755641E-02  0.990136683    
  0.118484184       5.92420883E-02   2.96208262E-02  0.990745783    
  0.114691488       5.73457666E-02   2.86726747E-02  0.991331458    
  0.110926792       5.54634184E-02   2.77314968E-02  0.991893232    
  0.107191689       5.35958186E-02   2.67977025E-02  0.992432117    
  0.103487618       5.17438278E-02   2.58717146E-02  0.992948115    
   9.98165235E-02   4.99082394E-02   2.49539334E-02  0.993441284    
   9.61800292E-02   4.80899587E-02   2.40447801E-02  0.993911505    
   9.25795436E-02   4.62897792E-02   2.31446959E-02  0.994360268    
   8.90170708E-02   4.45085503E-02   2.22540870E-02  0.994787276    
   8.54943171E-02   4.27471474E-02   2.13733967E-02  0.995192528    
   8.20128992E-02   4.10064869E-02   2.05030609E-02  0.995576799    
   7.85747692E-02   3.92873883E-02   1.96435172E-02  0.995940626    
   7.51816258E-02   3.75907831E-02   1.87952202E-02  0.996284425    
   7.18352348E-02   3.59175801E-02   1.79586131E-02  0.996608377    
   6.85373619E-02   3.42686586E-02   1.71341617E-02  0.996913135    
   6.52900562E-02   3.26449946E-02   1.63223296E-02  0.997199357    
   6.20950088E-02   3.10474727E-02   1.55235808E-02  0.997466922    
   5.89541793E-02   2.94770766E-02   1.47383884E-02  0.997717142    
   5.58695793E-02   2.79347766E-02   1.39672365E-02  0.997950017    
   5.28430901E-02   2.64215115E-02   1.32106151E-02  0.998166144    
   4.98766527E-02   2.49383114E-02   1.24690123E-02  0.998366535    
   4.69722822E-02   2.34861504E-02   1.17429364E-02  0.998551428    
   4.41321395E-02   2.20660549E-02   1.10328905E-02  0.998721361    
   4.13581096E-02   2.06790492E-02   1.03393914E-02  0.998877287    
   3.86523791E-02   1.93261728E-02   9.66295972E-03  0.999019504    
   3.60170342E-02   1.80085003E-02   9.00413003E-03  0.999148488    
   3.34542319E-02   1.67271048E-02   8.36343598E-03  0.999265611    
   3.09662074E-02   1.54830795E-02   7.74142612E-03  0.999370933    
   2.85550952E-02   1.42775364E-02   7.13865785E-03  0.999464989    
   2.62232088E-02   1.31115979E-02   6.55569509E-03  0.999548674    
   2.39728745E-02   1.19864130E-02   5.99310920E-03  0.999622941    
   2.18063425E-02   1.09031638E-02   5.45148924E-03  0.999688089    
   1.97260175E-02   9.86301899E-03   4.93141776E-03  0.999744773    
   1.77343581E-02   8.86718463E-03   4.43350663E-03  0.999793649    
   1.58337820E-02   7.91689474E-03   3.95836914E-03  0.999835610    
   1.40267955E-02   7.01339589E-03   3.50662251E-03  0.999870896    
   1.23159131E-02   6.15795981E-03   3.07890889E-03  0.999900341    
   1.07037649E-02   5.35187731E-03   2.67587299E-03  0.999924719    
   9.19297617E-03   4.59647365E-03   2.29817536E-03  0.999944508    
   7.78617989E-03   3.89308506E-03   1.94648374E-03  0.999960124    
   6.48619141E-03   3.24307987E-03   1.62148802E-03  0.999972343    
   5.29575348E-03   2.64785951E-03   1.32388179E-03  0.999981463    
   4.21770383E-03   2.10883608E-03   1.05437636E-03  0.999988198    
   3.25496588E-03   1.62746327E-03   8.13694962E-04  0.999992728    
   2.41047819E-03   1.20521768E-03   6.02577464E-04  0.999995768    
   1.68724556E-03   8.43608927E-04   4.21777688E-04  0.999997258    
   1.08836382E-03   5.44171722E-04   2.72062403E-04   1.00000072    
   6.16973091E-04   3.08473682E-04   1.54220164E-04  0.999999583    
   2.76252977E-04   1.38117102E-04   6.90475354E-05   1.00000179    
   6.94830451E-05   3.47370151E-05   1.73628305E-05   1.00000119    
   0.00000000       0.00000000       0.00000000       1.00000000    
