  -2.13759732      -1.06878543     -0.534395397    
  -2.08973885      -1.04486680     -0.522432089    
  -2.04292941      -1.02146995     -0.510734975    
  -1.99717414     -0.998581767     -0.499293536    
  -1.95242560     -0.976220787     -0.488107741    
  -1.90866256     -0.954336584     -0.477166981    
  -1.86584258     -0.932915986     -0.466461986    
  -1.82404518     -0.912014663     -0.456005991    
  -1.78309548     -0.891545057     -0.445776522    
  -1.74307823     -0.871539116     -0.435766906    
  -1.70395112     -0.851972878     -0.425983787    
  -1.66565049     -0.832822561     -0.416416585    
  -1.62824523     -0.814119995     -0.407058656    
  -1.59161091     -0.795806766     -0.397903383    
  -1.55580842     -0.777904212     -0.388950765    
  -1.52080059     -0.760394990     -0.380197495    
  -1.48653984     -0.743277848     -0.371638924    
  -1.45305526     -0.726519704     -0.363263160    
  -1.42025423     -0.710136354     -0.355066866    
  -1.38825572     -0.694126546     -0.347067237    
  -1.35691965     -0.678463757     -0.339227259    
  -1.32626688     -0.663144052     -0.331568718    
  -1.29630041     -0.648132980     -0.324068457    
  -1.26696432     -0.633491397     -0.316745043    
  -1.23829579     -0.619141281     -0.309570640    
  -1.21022332     -0.605114281     -0.302561790    
  -1.18278658     -0.591394663     -0.295698643    
  -1.15594864     -0.577987552     -0.288986504    
  -1.12970138     -0.564841449     -0.282426685    
  -1.10399723     -0.552006543     -0.275997311    
  -1.07888520     -0.539436579     -0.269723952    
  -1.05429220     -0.527146101     -0.263574064    
  -1.03026497     -0.515127182     -0.257565588    
  -1.00673306     -0.503358603     -0.251680970    
 -0.983715057     -0.491864830     -0.245925799    
 -0.961152732     -0.480588913     -0.240288839    
 -0.939208984     -0.469605774     -0.234801233    
 -0.917622805     -0.458808750     -0.229403049    
 -0.896532059     -0.448256701     -0.224127367    
 -0.875883639     -0.437943131     -0.218973890    
 -0.855696201     -0.427846789     -0.213923723    
 -0.835935295     -0.417962998     -0.208985150    
 -0.816579640     -0.408299774     -0.204149380    
 -0.797682345     -0.398836881     -0.199418932    
 -0.779159248     -0.389579266     -0.194788307    
 -0.761034727     -0.380516052     -0.190260008    
 -0.743289769     -0.371644884     -0.185822442    
 -0.725929558     -0.362959504     -0.181482077    
 -0.708936334     -0.354469836     -0.177236065    
 -0.692300677     -0.346152812     -0.173074752    
 -0.676013350     -0.338004023     -0.169001028    
 -0.660067797     -0.330037713     -0.165017292    
 -0.644459009     -0.322228163     -0.161117896    
 -0.629176855     -0.314585865     -0.157293856    
 -0.614215434     -0.307109952     -0.153552234    
 -0.599552035     -0.299776763     -0.149889246    
 -0.585209310     -0.292600513     -0.146301359    
 -0.571151733     -0.285582244     -0.142790332    
 -0.557393849     -0.278693020     -0.139349014    
 -0.543899417     -0.271953523     -0.135976955    
 -0.530702412     -0.265349448     -0.132674098    
 -0.517759204     -0.258882552     -0.129443154    
 -0.505079985     -0.252540976     -0.126268879    
 -0.492664486     -0.246333659     -0.123165384    
 -0.480496883     -0.240245134     -0.120121986    
 -0.468565345     -0.234286308     -0.117142491    
 -0.456874222     -0.228436291     -0.114219390    
 -0.445408940     -0.222708777     -0.111353070    
 -0.434182078     -0.217089549     -0.108544856    
 -0.423164487     -0.211578444     -0.105793528    
 -0.412368774     -0.206181079     -0.103090614    
 -0.401778340     -0.200891823     -0.100445420    
 -0.391384631     -0.195690662      -9.78464857E-02
 -0.381200194     -0.190602407      -9.53005403E-02
 -0.371195197     -0.185602903      -9.28014517E-02
 -0.361395538     -0.180698097      -9.03464034E-02
 -0.351764768     -0.175882712      -8.79423469E-02
 -0.342320740     -0.171158716      -8.55813399E-02
 -0.333048224     -0.166524455      -8.32595751E-02
 -0.323939323     -0.161972314      -8.09864849E-02
 -0.315004587     -0.157498315      -7.87481666E-02
 -0.306218863     -0.153107107      -7.65552148E-02
 -0.297591418     -0.148793399      -7.43990168E-02
 -0.289116293     -0.144555837      -7.22790733E-02
 -0.280782908     -0.140389800      -7.01963902E-02
 -0.272597194     -0.136302575      -6.81478083E-02
 -0.264545292     -0.132274628      -6.61373138E-02
 -0.256627142     -0.128312245      -6.41574487E-02
 -0.248848066     -0.124424696      -6.22110218E-02
 -0.241180256     -0.120588146      -6.02963902E-02
 -0.233650208     -0.116824441      -5.84128834E-02
 -0.226231411     -0.113113724      -5.65578528E-02
 -0.218915939     -0.109462604      -5.47289848E-02
 -0.211728945     -0.105864473      -5.29328994E-02
 -0.204642609     -0.102321967      -5.11613153E-02
 -0.197659597      -9.88297984E-02  -4.94139045E-02
 -0.190778568      -9.53866392E-02  -4.76953052E-02
 -0.183996886      -9.19957981E-02  -4.59969044E-02
 -0.177290708      -8.86460170E-02  -4.43246625E-02
 -0.170690477      -8.53445828E-02  -4.26719598E-02
 -0.164169729      -8.20875168E-02  -4.10434268E-02
 -0.157747000      -7.88701922E-02  -3.94334383E-02
 -0.151381224      -7.56939277E-02  -3.78472954E-02
 -0.145114794      -7.25534260E-02  -3.62757184E-02
 -0.138902664      -6.94519952E-02  -3.47243398E-02
 -0.132763386      -6.63863271E-02  -3.31918411E-02
 -0.126707554      -6.33498058E-02  -3.16785425E-02
 -0.120702058      -6.03490397E-02  -3.01735271E-02
 -0.114757486      -5.73800653E-02  -2.86900327E-02
 -0.108863249      -5.44415563E-02  -2.72191241E-02
 -0.103052460      -5.15202694E-02  -2.57614590E-02
  -9.72734541E-02  -4.86360639E-02  -2.43200194E-02
  -9.15461108E-02  -4.57737185E-02  -2.28835475E-02
  -8.58664513E-02  -4.29318994E-02  -2.14659497E-02
  -8.02225545E-02  -4.01106142E-02  -2.00572945E-02
  -7.46197179E-02  -3.73151563E-02  -1.86569169E-02
  -6.90804571E-02  -3.45316194E-02  -1.72681287E-02
  -6.35504723E-02  -3.17739099E-02  -1.58889424E-02
  -5.80469780E-02  -2.90228259E-02  -1.45137310E-02
  -5.25951385E-02  -2.62962449E-02  -1.31474603E-02
  -4.71565463E-02  -2.35716496E-02  -1.17901303E-02
  -4.17325236E-02  -2.08722223E-02  -1.04364417E-02
  -3.63601595E-02  -1.81787536E-02  -9.08937678E-03
  -3.09824944E-02  -1.54952211E-02  -7.74661684E-03
  -2.56286729E-02  -1.28136743E-02  -6.40617497E-03
  -2.02788245E-02  -1.01427240E-02  -5.07202419E-03
  -1.49594415E-02  -7.47376028E-03  -3.73820472E-03
  -9.62283835E-03  -4.81340615E-03  -2.40703416E-03
  -4.30875365E-03  -2.15437682E-03  -1.07751950E-03
   1.01460353E-03   5.07301767E-04   2.53982027E-04
   6.33001328E-03   3.16500664E-03   1.58316561E-03
   1.16560198E-02   5.82469814E-03   2.91367364E-03
   1.69780515E-02   8.48968793E-03   4.24451288E-03
   2.23212764E-02   1.11606382E-02   5.57965692E-03
   2.76658274E-02   1.38349002E-02   6.91678794E-03
   3.30262706E-02   1.65137984E-02   8.25756136E-03
   3.84118818E-02   1.92032922E-02   9.60164610E-03
   4.38001417E-02   2.19027195E-02   1.09503670E-02
   4.92294617E-02   2.46100947E-02   1.23070348E-02
   5.46707064E-02   2.73353532E-02   1.36683388E-02
   6.01437353E-02   3.00745163E-02   1.50362654E-02
   6.56472296E-02   3.28236148E-02   1.64111461E-02
   7.11851642E-02   3.55919190E-02   1.77946351E-02
   7.67562091E-02   3.83767821E-02   1.91893838E-02
   8.23669955E-02   4.11841609E-02   2.05920804E-02
   8.80228132E-02   4.40100841E-02   2.20053717E-02
   9.37196910E-02   4.68598455E-02   2.34305859E-02
   9.94655788E-02   4.97321300E-02   2.48670578E-02
  0.105257832       5.26309013E-02   2.63141263E-02
  0.111112326       5.55548407E-02   2.77787447E-02
  0.117010541       5.85065931E-02   2.92529669E-02
  0.122980274       6.14888147E-02   3.07450686E-02
  0.129004315       6.45021573E-02   3.22517417E-02
  0.135099888       6.75499439E-02   3.37743089E-02
  0.141257703       7.06275329E-02   3.53140980E-02
  0.147495002       7.37468377E-02   3.68734188E-02
  0.153793231       7.68966153E-02   3.84489708E-02
  0.160181522       8.00920874E-02   4.00457121E-02
  0.166651934       8.33239853E-02   4.16626520E-02
  0.173192561       8.65936279E-02   4.32981402E-02
  0.179832518       8.99162591E-02   4.49571349E-02
  0.186561212       9.32819322E-02   4.66419607E-02
  0.193382636       9.66913179E-02   4.83476445E-02
  0.200306043      0.100151695       5.00765108E-02
  0.207332775      0.103665724       5.18335253E-02
  0.214460164      0.107228756       5.36143780E-02
  0.221692190      0.110846095       5.54237105E-02
  0.229042113      0.114520393       5.72608560E-02
  0.236505926      0.118254952       5.91274761E-02
  0.244090289      0.122042499       6.10219091E-02
  0.251797825      0.125899583       6.29497916E-02
  0.259632528      0.129815936       6.49084672E-02
  0.267601669      0.133800507       6.69004172E-02
  0.275703281      0.137850314       6.89256489E-02
  0.283944607      0.141972303       7.09863156E-02
  0.292325675      0.146162510       7.30817541E-02
  0.300861716      0.150431857       7.52154291E-02
  0.309548765      0.154773057       7.73880184E-02
  0.318392128      0.159195393       7.95975327E-02
  0.327395082      0.163698852       8.18489343E-02
  0.336565584      0.168281794       8.41412246E-02
  0.345904291      0.172952473       8.64764079E-02
  0.355417848      0.177709922       8.88546333E-02
  0.365113556      0.182556108       9.12790522E-02
  0.374995351      0.187496677       9.37486663E-02
  0.385053962      0.192525983       9.62641537E-02
  0.395327151      0.197663575       9.88314524E-02
  0.405791730      0.202895865      0.101448596    
  0.416463971      0.208230659      0.104115903    
  0.427343458      0.213671729      0.106835946    
  0.438441485      0.219219416      0.109610461    
  0.449760437      0.224879712      0.112440348    
  0.461307853      0.230653584      0.115327120    
  0.473087668      0.236543685      0.118272424    
  0.485108644      0.242553979      0.121277280    
  0.497374594      0.248686552      0.124343820    
  0.509891927      0.254945636      0.127473265    
  0.522668004      0.261333674      0.130667254    
  0.535696924      0.267847985      0.133924499    
  0.549019635      0.274509400      0.137255147    
