   10.3490715    
   1.22236311    
  0.390485883    
  0.154665008    
  0.116471678    
   8.76625851E-02
   6.62307069E-02
   4.83715422E-02
   3.27213109E-02
   2.34734751E-02
   1.59208551E-02
   1.05144382E-02
   7.71636376E-03
   5.14203729E-03
   4.12086025E-03
   3.05002602E-03
   2.28972896E-03
   1.91031001E-03
   1.35154859E-03
   1.09294022E-03
   1.09172147E-03
   1.09047373E-03
   1.08924054E-03
   1.08804740E-03
   1.08686427E-03
   1.08565949E-03
   1.08447648E-03
   1.08330103E-03
   1.08212582E-03
   1.08094024E-03
   1.07976585E-03
   1.07859622E-03
   1.07743358E-03
   1.07627036E-03
   1.07511121E-03
   1.07395591E-03
   1.07280177E-03
   1.07164914E-03
   1.07049709E-03
   1.06935180E-03
   1.06820883E-03
   1.06706552E-03
   1.06592604E-03
   1.06479053E-03
   1.06365525E-03
   1.06252439E-03
   1.06139609E-03
   1.06027012E-03
   1.05914439E-03
   1.05802319E-03
   1.05690444E-03
   1.05578662E-03
   1.05467183E-03
   1.05356006E-03
   1.05245074E-03
   1.05134363E-03
   1.05023896E-03
   1.04913733E-03
   1.04803720E-03
   1.04693940E-03
   1.04584382E-03
   1.04474777E-03
   1.04365684E-03
   1.04256684E-03
   1.04148046E-03
   1.04039570E-03
   1.03931304E-03
   1.03823270E-03
   1.03715528E-03
   1.03608018E-03
   1.03500648E-03
   1.03393581E-03
   1.03286735E-03
   1.03180099E-03
   1.03073695E-03
   1.02967431E-03
   1.02861389E-03
   1.02755637E-03
   1.02650106E-03
   1.02544785E-03
   1.02439686E-03
   1.02334796E-03
   1.02230138E-03
   1.02125679E-03
   1.02021371E-03
   1.01917330E-03
   1.01813441E-03
   1.01709832E-03
   1.01606292E-03
   1.01503113E-03
   1.01400120E-03
   1.01297360E-03
   1.01194798E-03
   1.01092376E-03
   1.00990164E-03
   1.00888219E-03
   1.00786483E-03
   1.00684946E-03
   1.00583630E-03
   1.00482570E-03
   1.00381579E-03
   1.00280868E-03
   1.00180355E-03
   1.00080052E-03
   9.99799347E-04
   9.98800271E-04
   1.24518725E-03
   1.24363776E-03
   1.22988352E-03
   1.22837175E-03
   1.32426678E-03
   1.33211573E-03
   1.33389141E-03
   1.09774398E-03
   1.09223323E-03
   1.09342684E-03
   1.57080591E-03
   9.86966304E-04
   9.85992723E-04
   9.85021004E-04
   9.84051265E-04
   1.44753396E-03
   1.21254008E-03
   1.21401122E-03
   1.18855259E-03
   1.28476159E-03
   1.26209436E-03
   1.26050238E-03
   9.76360403E-04
   9.75407544E-04
   9.74456547E-04
   9.73507355E-04
   9.72560141E-04
   9.71616129E-04
   9.70672525E-04
   9.69730783E-04
   9.68790904E-04
   9.67852131E-04
   9.66915861E-04
   9.65982734E-04
   9.65049432E-04
   9.64118575E-04
   9.63189523E-04
   9.62262216E-04
   9.61336715E-04
   9.60412959E-04
   1.20974437E-03
   1.21120864E-03
   1.19804393E-03
   1.19215518E-03
   2.23414414E-03
   1.21069606E-03
   9.53996321E-04
   9.53085895E-04
   9.52177914E-04
   9.51271679E-04
   9.50367190E-04
   9.49464447E-04
   9.48562752E-04
   9.47662746E-04
   9.46765707E-04
   9.45869717E-04
   9.44975473E-04
   9.44083498E-04
   9.43192630E-04
   9.42303392E-04
   9.41415899E-04
   9.40530037E-04
   9.39645863E-04
   9.38763318E-04
   9.37883218E-04
   9.37003992E-04
   9.36125754E-04
   9.35249845E-04
   9.34375566E-04
   9.33502975E-04
   9.32631898E-04
   9.31762508E-04
   9.30894748E-04
   9.30028560E-04
   9.29164002E-04
   9.28300433E-04
   9.27439018E-04
   9.26579291E-04
   9.25721717E-04
   9.24865191E-04
   9.24010237E-04
   9.23156796E-04
   9.22304986E-04
   9.21454164E-04
   9.20604856E-04
   9.19758342E-04
   9.18912760E-04
   9.18068748E-04
   9.17226251E-04
   9.16386023E-04
   9.15545446E-04
   9.14707605E-04
   9.13872500E-04
   9.13038442E-04
   9.12205200E-04
   9.11373470E-04
   9.10543313E-04
   9.09714610E-04
   9.08887363E-04
   9.08061629E-04
   9.07237409E-04
   9.06414702E-04
   9.05592868E-04
   9.04773129E-04
   9.03954264E-04
   9.03136912E-04
   9.02321655E-04
   9.01507854E-04
   9.00695508E-04
   8.99884675E-04
   8.99075239E-04
   8.98267259E-04
   8.97460675E-04
   8.96655663E-04
   8.95851408E-04
   8.95049190E-04
   8.94248427E-04
   8.93449120E-04
   8.92651209E-04
   8.91854696E-04
   8.91059637E-04
   8.90266034E-04
   8.89473769E-04
   8.88682960E-04
   8.87894130E-04
   8.87106115E-04
   8.86319496E-04
   8.85534275E-04
   8.84750450E-04
   8.83968081E-04
   8.83186993E-04
   8.82407359E-04
   8.81629065E-04
   8.80852109E-04
   8.80075386E-04
   8.79301166E-04
   8.78528284E-04
   8.77756800E-04
   8.76987295E-04
   8.76218488E-04
   8.75451078E-04
   8.74685007E-04
   8.73920275E-04
   8.73156823E-04
   8.72394710E-04
   8.71633994E-04
   8.70873977E-04
   8.70115939E-04
   8.69359763E-04
   8.68604286E-04
   8.67850205E-04
   8.67097348E-04
   8.66345828E-04
   8.65596114E-04
   8.64847214E-04
   8.64099537E-04
   8.63353198E-04
   8.62606976E-04
   8.61863140E-04
   8.61120701E-04
   8.60378845E-04
   8.59638851E-04
   8.58901418E-04
   8.58164043E-04
   8.57427309E-04
   8.56692437E-04
   8.55958788E-04
   8.55226535E-04
   8.54495389E-04
   8.53765581E-04
   8.53036938E-04
   8.52309633E-04
   8.51583492E-04
   8.50858632E-04
   8.50134937E-04
   8.49413103E-04
   8.48691911E-04
   8.47971940E-04
   8.47253134E-04
   8.46535549E-04
   8.45818722E-04
   8.45103641E-04
   8.44389782E-04
   8.43677029E-04
   8.42965499E-04
   8.42255133E-04
   8.41545989E-04
   8.40838649E-04
   8.40131892E-04
   8.39426415E-04
   8.38722044E-04
   8.38018896E-04
   8.37317435E-04
   8.36616673E-04
   8.35917599E-04
   8.35219107E-04
   8.34521779E-04
   8.33825674E-04
   8.33130733E-04
   8.32436897E-04
   8.31744226E-04
   8.31052719E-04
   8.30362376E-04
   8.29673721E-04
   8.28985649E-04
   8.28298740E-04
   8.27612355E-04
   8.26927717E-04
   8.26244184E-04
   8.25561816E-04
   8.24880553E-04
   8.24200397E-04
   8.23521346E-04
   8.22843984E-04
   8.22166679E-04
   8.21491005E-04
   8.20815912E-04
   8.20142450E-04
   8.19469569E-04
   8.18798319E-04
   8.18128115E-04
   8.17459077E-04
   8.16791144E-04
   8.16123735E-04
   8.15457897E-04
   8.14792584E-04
   8.14129016E-04
   8.13466497E-04
   8.12805025E-04
   8.12145183E-04
   8.11485923E-04
   8.10827711E-04
   8.10170488E-04
   8.09514371E-04
   8.08858720E-04
   8.08204757E-04
   8.07551318E-04
   8.06899916E-04
   8.06249096E-04
   8.05599324E-04
   8.04950600E-04
   8.04302923E-04
   8.03656236E-04
   8.03010596E-04
   8.02366063E-04
   8.01722577E-04
   8.01080081E-04
   8.00438575E-04
   7.99798057E-04
   7.99158646E-04
   7.98520865E-04
   7.97883491E-04
   7.97247107E-04
   7.96611770E-04
   7.95977423E-04
   7.95344065E-04
   7.94711814E-04
   7.94080959E-04
   7.93450687E-04
   7.92821345E-04
   7.92193052E-04
   7.91565748E-04
   7.90940423E-04
   7.90315040E-04
   7.89690705E-04
   7.89067824E-04
   7.88445468E-04
   7.87824043E-04
   7.87203084E-04
   7.86584220E-04
   7.85965705E-04
   7.85348180E-04
   7.84732227E-04
   7.84116681E-04
   7.83502124E-04
   7.82888499E-04
   7.82275805E-04
   7.81663519E-04
   7.81052746E-04
   7.80442962E-04
   7.79834110E-04
   7.79226189E-04
   7.78619258E-04
   7.78013258E-04
   7.77408772E-04
   7.76804576E-04
   7.76201370E-04
   7.75599154E-04
   7.74997869E-04
   7.74398504E-04
   7.73799082E-04
   7.73200532E-04
   7.72602973E-04
   7.72005762E-04
   7.71410007E-04
   7.70815182E-04
   7.70221232E-04
   7.69628212E-04
   7.69036124E-04
   7.68444967E-04
   7.67854683E-04
   7.67265330E-04
   7.66676792E-04
   7.66089244E-04
   7.65502569E-04
   7.64916826E-04
   7.64331955E-04
   1.43484317E-03
   1.43278588E-03
   1.43073453E-03
   1.42868899E-03
   2.49054166E-03
   1.85486348E-03
   7.60260737E-04
   7.59682967E-04
   7.59106071E-04
   7.58530048E-04
   7.57954898E-04
   7.57380563E-04
   7.56807160E-04
   7.56234629E-04
   7.55662972E-04
   7.55092129E-04
   1.33935281E-03
   7.53952598E-04
   7.53384375E-04
   7.52816966E-04
   7.52250489E-04
   7.51684827E-04
   1.90690637E-03
   1.90327351E-03
   1.89965463E-03
   1.89604936E-03
   4.89510782E-03
   4.91912849E-03
   1.66148040E-03
   1.67258794E-03
   1.66979269E-03
   8.07023433E-04
   7.99441652E-04
   7.98802765E-04
   2.82067177E-03
   2.82863947E-03
   2.36011972E-03
   2.78237252E-03
   2.77464162E-03
   2.76003964E-03
   2.75243237E-03
   3.61824827E-03
   2.73065153E-03
   7.39451498E-04
   7.38905452E-04
   7.38359697E-04
   7.37814698E-04
   7.37270573E-04
   7.36727729E-04
   7.36185117E-04
   7.35643320E-04
   7.35102280E-04
   7.34561647E-04
   7.34022295E-04
   7.33484223E-04
   7.32946384E-04
   7.32409419E-04
   7.31873210E-04
   7.31337757E-04
   7.30804109E-04
   7.30270229E-04
   7.29737105E-04
   7.29204796E-04
   7.28673243E-04
   7.28141516E-04
   7.27611477E-04
   7.27082253E-04
   7.26553786E-04
   7.26026134E-04
   7.25499180E-04
   7.24973041E-04
   7.24447658E-04
   7.23923033E-04
   7.23399105E-04
   7.22876051E-04
   7.22353696E-04
   7.21831573E-04
   7.21310731E-04
   7.20790646E-04
   7.20271259E-04
   7.19753152E-04
   7.19235279E-04
   7.18718220E-04
   7.18201802E-04
   7.17686198E-04
   7.17171351E-04
   7.16657145E-04
   7.16143753E-04
   7.15631060E-04
   7.15119124E-04
   7.14607886E-04
   7.14097405E-04
   7.13587156E-04
   7.13078131E-04
   7.12569861E-04
   7.12062232E-04
   7.11555418E-04
   7.11049244E-04
   7.10543827E-04
   7.10039109E-04
   7.09535147E-04
   7.09031883E-04
   7.08529318E-04
   7.08027510E-04
   7.07526400E-04
   7.07025989E-04
   7.06527731E-04
   7.06028251E-04
   7.05529877E-04
   7.05032318E-04
   7.04535400E-04
   7.04039237E-04
   7.03543657E-04
   7.03048892E-04
   7.02554826E-04
   7.02061399E-04
   7.01568672E-04
   7.01076642E-04
   7.00585777E-04
   7.00095086E-04
   6.99604687E-04
   6.99115393E-04
   6.98626798E-04
   6.98138843E-04
   6.97651645E-04
   6.97164622E-04
   6.96678762E-04
   6.96193601E-04
   6.95709081E-04
   6.95225259E-04
   6.94742077E-04
   6.94259594E-04
   6.93777751E-04
   6.93296606E-04
   6.92816044E-04
   6.92336238E-04
   6.91857538E-04
   6.91379537E-04
   6.90900779E-04
   6.90423592E-04
   6.89946639E-04
   6.89470791E-04
   6.88995584E-04
   6.88521017E-04
   6.88047148E-04
   6.87573862E-04
   6.87101274E-04
   6.86629326E-04
   6.86158019E-04
   6.85686420E-04
   6.85216393E-04
   6.84747007E-04
   6.84278843E-04
   6.83810737E-04
   6.83343329E-04
   6.82876504E-04
   6.82410318E-04
   6.81945239E-04
   6.81480393E-04
   6.81016129E-04
   6.80552504E-04
   6.80089986E-04
   6.79627643E-04
   6.79165940E-04
   6.78704761E-04
   6.78244280E-04
   6.77784439E-04
   6.77325705E-04
   6.76867028E-04
   6.76408585E-04
   6.75951247E-04
   6.75494492E-04
   6.75038376E-04
   6.74583367E-04
   6.74128474E-04
   6.73674163E-04
   6.73220493E-04
   6.72767404E-04
   6.72314956E-04
   6.71863090E-04
   6.71411806E-04
   6.70961163E-04
   6.70511101E-04
   6.70061621E-04
   6.69612782E-04
   6.69164583E-04
   6.68716908E-04
   6.68269931E-04
   6.67823479E-04
   6.67377666E-04
   6.66932436E-04
   6.66487322E-04
   6.66043255E-04
   6.65599830E-04
   6.65156927E-04
   6.64714607E-04
   6.64272928E-04
   6.63831772E-04
   6.63391256E-04
   6.62950857E-04
   6.62511506E-04
   6.62072736E-04
   6.61634549E-04
   6.61197351E-04
   6.60760328E-04
   6.60323945E-04
   6.59888028E-04
   6.59452751E-04
   6.59017998E-04
   6.58583886E-04
   9.47566703E-04
   6.57716824E-04
   6.57283934E-04
   6.56852033E-04
   6.56420714E-04
   6.55989978E-04
   6.55560696E-04
   6.55131065E-04
   6.54702017E-04
   6.54273492E-04
   6.53845607E-04
   6.53418247E-04
   6.52991410E-04
   6.52565155E-04
   6.52139424E-04
   6.51714276E-04
   6.51289651E-04
   6.50865666E-04
   6.50442147E-04
   6.50019210E-04
   6.49596797E-04
   6.49174966E-04
   6.48753659E-04
   6.48332876E-04
   6.47913141E-04
   6.47493463E-04
   6.47074310E-04
   6.46655331E-04
   6.46237226E-04
   6.45819760E-04
   6.45402761E-04
   6.44986343E-04
   6.44570449E-04
   6.44155079E-04
   1.37750478E-03
   1.37940363E-03
   1.37403572E-03
   1.37592503E-03
   1.37052767E-03
   3.87184671E-03
   3.85688455E-03
   3.83486762E-03
   1.80901866E-03
   7.52969831E-03
   9.07188398E-04
   9.15270066E-04
   7.66559388E-04
   7.65972014E-04
   7.58155889E-04
   7.64805474E-04
   1.19586207E-03
   1.19729317E-03
   1.19872764E-03
   1.20016537E-03
   2.41164607E-03
   2.40583695E-03
   1.61629205E-03
   6.34344819E-04
   6.33942545E-04
   6.33541611E-04
   6.33140386E-04
   6.32739626E-04
   6.32339448E-04
   6.31939678E-04
   6.31540432E-04
   6.31141709E-04
   6.30743045E-04
   6.30345370E-04
   6.29948161E-04
   6.29551476E-04
   6.29155256E-04
   6.28759561E-04
   6.28364331E-04
   6.27969624E-04
   6.27575384E-04
   6.27181202E-04
   6.26788009E-04
   6.26395282E-04
   6.26003020E-04
   6.25611225E-04
   8.60361208E-04
   8.59621272E-04
   8.58882675E-04
   8.65363225E-04
   8.71826313E-04
   7.05317361E-04
   6.22882158E-04
   3.45207844E-03
   1.73342624E-03
   1.73643371E-03
   1.73945155E-03
   1.73518306E-03
   4.03930806E-03
   4.02302481E-03
   2.03600852E-03
   2.04015826E-03
   2.04432476E-03
   2.42787809E-03
   1.54798036E-03
   6.17877347E-04
   6.17495738E-04
   6.17114594E-04
   6.16733858E-04
   6.16353587E-04
   6.15973782E-04
   6.15594559E-04
   6.15215686E-04
   6.14837336E-04
   1.81761314E-03
   1.81431230E-03
   1.81102357E-03
   1.83189078E-03
   1.83524960E-03
   6.12577249E-04
   6.12202159E-04
   6.11827418E-04
   6.11453201E-04
   6.11079449E-04
   6.10706164E-04
   6.10333285E-04
   6.09960873E-04
   6.09588984E-04
   6.09217503E-04
   6.08846429E-04
   6.08475879E-04
   6.08105736E-04
   6.07736059E-04
   1.05638267E-03
   6.86801097E-04
   6.80310302E-04
   6.06261368E-04
   6.05893962E-04
   1.77622086E-03
   6.48999645E-04
   6.41633291E-04
   6.41221763E-04
   6.40810700E-04
   2.23785173E-03
   9.53770767E-04
   6.02971180E-04
   6.02607732E-04
   6.02244691E-04
   6.01882115E-04
   9.25831962E-04
   9.24975087E-04
   9.24119959E-04
   9.23266402E-04
   9.22414300E-04
   9.21563886E-04
   9.20714985E-04
   2.47831759E-03
   2.48733675E-03
   2.49353121E-03
   2.00500851E-03
   1.16558978E-03
   1.16694917E-03
   1.16831181E-03
   1.16967747E-03
   1.17104640E-03
   2.39717006E-03
   2.39143055E-03
   1.18859857E-03
   6.93776645E-04
   6.93295442E-04
   5.94013312E-04
   5.93660574E-04
   5.93308243E-04
   5.92956261E-04
   5.92604803E-04
   5.92253753E-04
   5.91903110E-04
   5.91552816E-04
   2.33956450E-03
   2.33409740E-03
   2.32865568E-03
   3.23079596E-03
   2.05476186E-03
   5.89460018E-04
   5.89112693E-04
   5.88765717E-04
   5.88419149E-04
   5.88072988E-04
   5.87727292E-04
   5.87381946E-04
   1.83261326E-03
   1.62913557E-03
   5.86347654E-04
   5.86004346E-04
   5.85661037E-04
   5.85318136E-04
   5.84975642E-04
   5.84633555E-04
   7.34365138E-04
   7.39720184E-04
   7.39173207E-04
   5.83269168E-04
   5.82929060E-04
   5.82589419E-04
   5.82250126E-04
   1.49539008E-03
   1.37831946E-03
   1.38022052E-03
   1.38212682E-03
   1.38403836E-03
   1.38595526E-03
   1.05032104E-03
   1.04921847E-03
   1.04811811E-03
   1.04702020E-03
   1.04592449E-03
   1.04483112E-03
   1.04373996E-03
   8.85366870E-04
   8.86151101E-04
   8.86936672E-04
   9.77228628E-04
   7.09843938E-04
   5.75878192E-04
   5.75546641E-04
   5.75215498E-04
   5.74884703E-04
   5.74554317E-04
   5.74224337E-04
   5.73894707E-04
   5.73565427E-04
   5.73236553E-04
   6.19622646E-04
   1.12518971E-03
   1.12392439E-03
   1.12266187E-03
   1.09618227E-03
   5.71270997E-04
   5.87644521E-04
   5.87989925E-04
   5.88312047E-04
   5.82586916E-04
   5.82926499E-04
   5.83266374E-04
   5.83606656E-04
   6.41671417E-04
   5.80133346E-04
   5.79796906E-04
   5.79460815E-04
   5.74927020E-04
   9.64243838E-04
   9.65174113E-04
   7.14960683E-04
   7.15472095E-04
   1.11663900E-03
   1.11539289E-03
   1.11414935E-03
   1.11300661E-03
   1.11167086E-03
   2.55580805E-03
   2.56234873E-03
   2.56892294E-03
   2.21218518E-03
   2.20729690E-03
   2.20243027E-03
   2.19758484E-03
   3.12074693E-03
   2.19789357E-03
   2.20272969E-03
   2.21473095E-03
   2.21248157E-03
   4.60301246E-03
   2.86676246E-03
   2.85855588E-03
   1.79696491E-03
   1.80019706E-03
   1.80344074E-03
   1.80669606E-03
   2.33251322E-03
   1.46359159E-03
   1.46145094E-03
   1.04738749E-03
   1.04848505E-03
   1.04958506E-03
   1.02932414E-03
   1.03751256E-03
   2.48118816E-03
   2.47503957E-03
   2.47597205E-03
   2.12989515E-03
   2.13443651E-03
   2.13899720E-03
   2.57344567E-03
   2.58007669E-03
   2.59409007E-03
   2.60082819E-03
   7.36706518E-03
   1.78153964E-03
   1.78471638E-03
   2.19234359E-03
   2.19715526E-03
   2.19465513E-03
   2.99129426E-03
   2.98235961E-03
   7.80614093E-04
   7.81223702E-04
   7.74701592E-04
   3.68513144E-03
   3.69873666E-03
   3.71980737E-03
   5.63306687E-03
   1.58843386E-03
   1.58591277E-03
   1.58339960E-03
   1.49617891E-03
   4.82997252E-03
   4.84600104E-03
   3.40027502E-03
   3.38873267E-03
   1.57264515E-03
   1.46554981E-03
   1.46769930E-03
   1.47718028E-03
   2.01517227E-03
   1.60379708E-03
   1.60122698E-03
   5.43623813E-04
   2.02637981E-03
   7.07293570E-04
   7.07794039E-04
   7.00984034E-04
   1.69249985E-03
   1.68963766E-03
   8.81420390E-04
   7.65402918E-04
   7.65988952E-04
   7.73885928E-04
   7.74485059E-04
   7.67763704E-04
   3.06357048E-03
   7.14619062E-04
   7.14108581E-04
   7.13598856E-04
   7.16421288E-04
   2.03275541E-03
   2.03689164E-03
   5.37774467E-04
   5.37485350E-04
   5.37196524E-04
   5.36908046E-04
   5.36620209E-04
   5.36332314E-04
   5.36044710E-04
   5.35757397E-04
   5.35470492E-04
   5.35183819E-04
   5.34897496E-04
   5.34611056E-04
   5.34325314E-04
   5.34039922E-04
   5.33754821E-04
   5.33470360E-04
   5.33185783E-04
   5.32901613E-04
   5.32617676E-04
   5.32334147E-04
   5.32050850E-04
   5.31767844E-04
   5.31485130E-04
   5.31202764E-04
   5.30920632E-04
   5.30638848E-04
   5.30357356E-04
   5.30076097E-04
   5.29795245E-04
   5.29514626E-04
   5.29233599E-04
   5.28953562E-04
   5.28674165E-04
   5.28394768E-04
   5.28115663E-04
   5.27836848E-04
   5.27558324E-04
   5.27280034E-04
   5.27002441E-04
   5.26724849E-04
   5.26447431E-04
   5.26170421E-04
   5.25893643E-04
   5.25617157E-04
   5.25340962E-04
   1.23728719E-03
   1.23575737E-03
   5.24514820E-04
   5.24239731E-04
   5.23964991E-04
   5.23690484E-04
   5.23416325E-04
   5.23142400E-04
   5.22868766E-04
   5.22595481E-04
   5.22322429E-04
   5.22049668E-04
   5.21777140E-04
   5.21504960E-04
   5.21233073E-04
   5.20961476E-04
   5.20690111E-04
   2.71929731E-03
   2.72670179E-03
   2.72700167E-03
   2.55370396E-03
   2.54719099E-03
   5.19067748E-04
   6.07843220E-04
   6.08212838E-04
   6.08582923E-04
   6.08953414E-04
   5.95095335E-04
   1.46469299E-03
   1.46254932E-03
   1.46041170E-03
   1.45828049E-03
   2.33598659E-03
   1.61590020E-03
   5.15853753E-04
   5.15587744E-04
   5.15321968E-04
   5.15056483E-04
   5.14791289E-04
   9.74531693E-04
   9.73582442E-04
   5.13997569E-04
   5.13733132E-04
   5.13469276E-04
   5.13205712E-04
   5.12942381E-04
   5.12679340E-04
   5.12416591E-04
   5.12154074E-04
   5.11891849E-04
   5.11629914E-04
   5.11368213E-04
   5.11106744E-04
   5.10845624E-04
   5.10584738E-04
   5.10324084E-04
   3.45746242E-03
   9.51963651E-04
   5.09544159E-04
   5.09284553E-04
   5.09024889E-04
   5.08765865E-04
   5.08507073E-04
   5.08248515E-04
   5.07990306E-04
   1.04534591E-03
   1.04425382E-03
   1.04316382E-03
   1.04914315E-03
   1.85476441E-03
   1.85820775E-03
   5.06189826E-04
   6.72451162E-04
   6.71999180E-04
   6.71547721E-04
   6.74796058E-04
   6.67269807E-04
   1.79125636E-03
   1.11909793E-03
   1.12035102E-03
   1.05527916E-03
   1.05639338E-03
   1.05750980E-03
   4.09728335E-03
   4.08053026E-03
   4.06391360E-03
   5.85351791E-03
   5.88788232E-03
   3.21808923E-03
   3.15837190E-03
   9.35395947E-04
   9.41578241E-04
   3.00174486E-03
   3.01076891E-03
   3.01984698E-03
   3.02898046E-03
   4.92476951E-03
   3.22836009E-03
   3.21795442E-03
   3.73645546E-03
   3.75044253E-03
   1.77205214E-03
   1.84681325E-03
   1.84340565E-03
   1.84706657E-03
   2.22237315E-03
   2.22731754E-03
   2.17523216E-03
   2.16567563E-03
   4.78538917E-03
   1.46194478E-03
   1.45980902E-03
   1.45767955E-03
   1.44851080E-03
   9.32588184E-04
   5.98976621E-03
   1.93745014E-03
   1.90554711E-03
   1.90918159E-03
   3.39955394E-03
   3.38801672E-03
   4.93690663E-04
