 -0.137950689      0.392848015      0.587938607      0.693518817    
 -0.137734652      0.400574535      0.576899648      0.698395371    
 -0.137218058      0.408108473      0.566459060      0.702668428    
 -0.136401743      0.415447682      0.556602001      0.706393719    
 -0.135287672      0.422590256      0.547312438      0.709622383    
 -0.133878723      0.429534376      0.538573205      0.712401390    
 -0.132178590      0.436278403      0.530366540      0.714773715    
 -0.130191654      0.442820907      0.522674084      0.716778755    
 -0.127922848      0.449160576      0.515477180      0.718452513    
 -0.125377566      0.455296248      0.508757055      0.719827950    
 -0.122561589      0.461226940      0.502494931      0.720935106    
 -0.119480997      0.466951817      0.496672094      0.721801460    
 -0.116142124      0.472470194      0.491270065      0.722451985    
 -0.112551495      0.477781475      0.486270577      0.722909510    
 -0.108715765      0.482885212      0.481655717      0.723194838    
 -0.104641691      0.487781107      0.477407932      0.723326743    
 -0.100336097      0.492468983      0.473510116      0.723322451    
  -9.58058462E-02  0.496948749      0.469945550      0.723197460    
  -9.10578147E-02  0.501220405      0.466698021      0.722965896    
  -8.60988498E-02  0.505284131      0.463751733      0.722640574    
  -8.09357762E-02  0.509140193      0.461091399      0.722232997    
  -7.55753666E-02  0.512788832      0.458702236      0.721753657    
  -7.00231344E-02  0.516229928      0.456571996      0.721211135    
  -6.42869323E-02  0.519464612      0.454684734      0.720614731    
  -5.83733208E-02  0.522493422      0.453027099      0.719972014    
  -5.22876829E-02  0.525316417      0.451588005      0.719289243    
  -4.60375026E-02  0.527934968      0.450353205      0.718573093    
  -3.96290720E-02  0.530349910      0.449310720      0.717828989    
  -3.30685824E-02  0.532562077      0.448449016      0.717061818    
  -2.63621211E-02  0.534572482      0.447756976      0.716275811    
  -1.95156727E-02  0.536382139      0.447223932      0.715474784    
  -1.25351157E-02  0.537992120      0.446839571      0.714662075    
  -5.42622106E-03  0.539403498      0.446594030      0.713840544    
   1.80534180E-03  0.540617526      0.446477801      0.713012695    
   9.15401056E-03  0.541635454      0.446481764      0.712180734    
   1.66143291E-02  0.542458534      0.446597099      0.711346507    
   2.41809469E-02  0.543088138      0.446815401      0.710511565    
   3.18486132E-02  0.543525636      0.447128564      0.709677219    
   3.96121778E-02  0.543772459      0.447528780      0.708844543    
   4.74665910E-02  0.543830037      0.448008597      0.708014309    
   5.54068983E-02  0.543699920      0.448560864      0.707187235    
   6.34282455E-02  0.543383658      0.449178666      0.706363738    
   7.15258643E-02  0.542882800      0.449855417      0.705544174    
   7.96956569E-02  0.542198420      0.450585425      0.704728603    
   8.79324749E-02  0.541332722      0.451361924      0.703917146    
   9.62318182E-02  0.540287316      0.452179074      0.703109741    
  0.104589283      0.539063990      0.453031301      0.702306151    
  0.113000549      0.537664413      0.453913242      0.701506078    
  0.121461853      0.536089897      0.454820216      0.700709164    
  0.129968554      0.534342706      0.455746830      0.699914992    
  0.138516575      0.532424629      0.456688315      0.699123025    
  0.147101924      0.530337572      0.457640171      0.698332727    
  0.155720666      0.528083324      0.458598047      0.697543502    
  0.164368942      0.525663793      0.459557801      0.696754694    
  0.173042983      0.523080826      0.460515440      0.695965648    
  0.181739062      0.520336390      0.461467177      0.695175588    
  0.190453559      0.517432392      0.462409377      0.694383800    
  0.199182883      0.514370739      0.463338554      0.693589509    
  0.207923532      0.511153460      0.464251369      0.692791939    
  0.216672063      0.507782519      0.465144664      0.691990376    
  0.225425094      0.504259884      0.466015399      0.691183984    
  0.234179318      0.500587523      0.466860682      0.690371931    
  0.242931470      0.496767521      0.467677772      0.689553440    
  0.251678348      0.492801845      0.468464017      0.688727736    
  0.260416806      0.488692552      0.469216913      0.687894046    
  0.269143790      0.484441668      0.469934076      0.687051594    
  0.277856261      0.480051219      0.470613241      0.686199605    
  0.286551267      0.475523293      0.471252263      0.685337365    
  0.295225888      0.470859915      0.471849114      0.684464097    
  0.303877234      0.466063172      0.472401828      0.683579087    
  0.312502533      0.461135089      0.472908586      0.682681620    
  0.321099013      0.456077754      0.473367661      0.681770980    
  0.329663962      0.450893253      0.473777384      0.680846572    
  0.338194728      0.445583642      0.474136233      0.679907739    
  0.346688718      0.440150976      0.474442750      0.678953826    
  0.355143368      0.434597313      0.474695563      0.677984238    
  0.363556147      0.428924739      0.474893421      0.676998436    
  0.371924609      0.423135281      0.475035071      0.675995886    
  0.380246341      0.417231023      0.475119442      0.674976051    
  0.388518959      0.411213994      0.475145459      0.673938453    
  0.396740139      0.405086249      0.475112140      0.672882617    
  0.404907584      0.398849815      0.475018620      0.671808124    
  0.413019061      0.392506748      0.474864066      0.670714557    
  0.421072394      0.386059046      0.474647731      0.669601500    
  0.429065406      0.379508704      0.474368900      0.668468654    
  0.436995983      0.372857749      0.474026948      0.667315722    
  0.444862038      0.366108149      0.473621339      0.666142344    
  0.452661544      0.359261870      0.473151535      0.664948285    
  0.460392505      0.352320880      0.472617090      0.663733363    
  0.468052983      0.345287114      0.472017646      0.662497342    
  0.475641042      0.338162482      0.471352845      0.661240041    
  0.483154774      0.330948919      0.470622420      0.659961343    
  0.490592360      0.323648304      0.469826132      0.658661127    
  0.497951984      0.316262513      0.468963802      0.657339334    
  0.505231857      0.308793366      0.468035281      0.655995846    
  0.512430251      0.301242709      0.467040509      0.654630721    
  0.519545436      0.293612331      0.465979427      0.653243899    
  0.526575744      0.285904020      0.464852065      0.651835501    
  0.533519566      0.278119534      0.463658452      0.650405526    
  0.540375233      0.270260572      0.462398678      0.648954093    
  0.547141194      0.262328833      0.461072892      0.647481263    
  0.553815842      0.254325986      0.459681243      0.645987272    
  0.560397685      0.246253654      0.458223939      0.644472241    
  0.566885233      0.238113448      0.456701219      0.642936409    
  0.573276937      0.229906917      0.455113381      0.641379952    
  0.579571426      0.221635595      0.453460693      0.639803171    
  0.585767210      0.213300973      0.451743543      0.638206303    
  0.591862917      0.204904512      0.449962258      0.636589706    
  0.597857118      0.196447611      0.448117286      0.634953678    
  0.603748441      0.187931642      0.446209013      0.633298576    
  0.609535515      0.179357916      0.444237947      0.631624758    
  0.615217030      0.170727730      0.442204565      0.629932642    
  0.620791674      0.162042305      0.440109342      0.628222644    
  0.626258135      0.153302819      0.437952876      0.626495242    
  0.631615043      0.144510403      0.435735703      0.624750793    
  0.636861145      0.135666117      0.433458418      0.622989833    
  0.641995132      0.126771003      0.431121618      0.621212900    
  0.647015750      0.117826007      0.428725928      0.619420469    
  0.651921690      0.108832031      0.426272035      0.617613018    
  0.656711638       9.97899249E-02  0.423760593      0.615791142    
  0.661384344       9.07004550E-02  0.421192318      0.613955379    
  0.665938497       8.15643296E-02  0.418567896      0.612106323    
  0.670372725       7.23821893E-02  0.415888101      0.610244513    
  0.674685776       6.31546080E-02  0.413153648      0.608370543    
  0.678876281       5.38820699E-02  0.410365343      0.606485009    
  0.682942867       4.45649996E-02  0.407523930      0.604588509    
  0.686884165       3.52037326E-02  0.404630244      0.602681696    
  0.690698743       2.57985294E-02  0.401685119      0.600765169    
  0.694385111       1.63495596E-02  0.398689389      0.598839521    
  0.697941840       6.85690809E-03  0.395643920      0.596905410    
  0.701367378      -2.67942995E-03  0.392549574      0.594963431    
  0.704660118      -1.22595513E-02  0.389407277      0.593014181    
  0.707818449      -2.18836498E-02  0.386217922      0.591058314    
  0.710840642      -3.15520205E-02  0.382982463      0.589096367    
  0.713724971      -4.12650555E-02  0.379701823      0.587128997    
  0.716469526      -5.10232560E-02  0.376377016      0.585156798    
  0.719072402      -6.08272292E-02  0.373009026      0.583180308    
  0.721531630      -7.06776977E-02  0.369598866      0.581200063    
  0.723845065      -8.05754885E-02  0.366147608      0.579216659    
  0.726010442      -9.05215517E-02  0.362656295      0.577230632    
  0.728025436     -0.100516960      0.359126061      0.575242460    
  0.729887605     -0.110562898      0.355558008      0.573252618    
  0.731594324     -0.120660692      0.351953328      0.571261585    
  0.733142793     -0.130811781      0.348313212      0.569269717    
  0.734530091     -0.141017750      0.344638884      0.567277491    
  0.735753119     -0.151280299      0.340931624      0.565285206    
  0.736808598     -0.161601275      0.337192774      0.563293219    
  0.737693012     -0.171982676      0.333423704      0.561301827    
  0.738402605     -0.182426602      0.329625845      0.559311271    
  0.738933384     -0.192935318      0.325800687      0.557321727    
  0.739281118     -0.203511238      0.321949780      0.555333376    
  0.739441276     -0.214156881      0.318074733      0.553346276    
  0.739409029     -0.224874943      0.314177275      0.551360488    
  0.739179254     -0.235668242      0.310259134      0.549376011    
  0.738746405     -0.246539727      0.306322217      0.547392786    
  0.738104582     -0.257492483      0.302368462      0.545410693    
  0.737247527     -0.268529713      0.298399955      0.543429494    
  0.736168504     -0.279654771      0.294418871      0.541448951    
  0.734860241     -0.290871114      0.290427536      0.539468765    
  0.733315110     -0.302182287      0.286428362      0.537488520    
  0.731524825     -0.313591957      0.282423943      0.535507739    
  0.729480565     -0.325103879      0.278417021      0.533525825    
  0.727172911     -0.336721838      0.274410516      0.531542242    
  0.724591732     -0.348449677      0.270407498      0.529556215    
  0.721726179     -0.360291272      0.266411245      0.527567029    
  0.718564630     -0.372250527      0.262425274      0.525573790    
  0.715094686     -0.384331286      0.258453280      0.523575544    
  0.711303115     -0.396537334      0.254499227      0.521571279    
  0.707175612     -0.408872366      0.250567317      0.519559920    
  0.702697039     -0.421339899      0.246662021      0.517540216    
  0.697851062     -0.433943272      0.242788106      0.515510976    
  0.692620218     -0.446685553      0.238950655      0.513470829    
  0.686985910     -0.459569484      0.235155046      0.511418402    
  0.680928230     -0.472597390      0.231407002      0.509352267    
  0.674425840     -0.485771090      0.227712616      0.507270813    
  0.667455971     -0.499091804      0.224078327      0.505172491    
  0.659994364     -0.512560070      0.220510975      0.503055632    
  0.652015030     -0.526175499      0.217017800      0.500918567    
  0.643490314     -0.539936781      0.213606447      0.498759568    
  0.634390771     -0.553841412      0.210284978      0.496576875    
  0.624684870     -0.567885578      0.207061887      0.494368762    
  0.614339232     -0.582063854      0.203946099      0.492133439    
  0.603318274     -0.596369028      0.200946942      0.489869118    
  0.591584206     -0.610791802      0.198074207      0.487574100    
  0.579096913     -0.625320613      0.195338041      0.485246658    
  0.565814018     -0.639941156      0.192748994      0.482885122    
  0.551690578     -0.654636025      0.190317973      0.480487943    
  0.536679208     -0.669384420      0.188056156      0.478053600    
  0.520729959     -0.684161603      0.185974985      0.475580692    
  0.503790379     -0.698938370      0.184086055      0.473067909    
  0.485805422     -0.713680565      0.182401016      0.470514089    
  0.466717631     -0.728348494      0.180931479      0.467918217    
  0.446467161     -0.742896080      0.179688856      0.465279400    
  0.424991935     -0.757270336      0.178684190      0.462596953    
  0.402227938     -0.771410465      0.177927911      0.459870279    
  0.378109515     -0.785247028      0.177429646      0.457098961    
  0.352569699     -0.798700929      0.177197874      0.454282701    
  0.325540841     -0.811682522      0.177239597      0.451421320    
  0.296955228     -0.824090481      0.177559927      0.448514670    
  0.266746014     -0.835810661      0.178161636      0.445562601    
  0.234848112     -0.846714973      0.179044619      0.442564905    
