  0.785399973      0.392699987     -0.785399973    
  0.767027080      0.381446600     -0.714782238    
  0.749556243      0.368946761     -0.647771478    
  0.732940257      0.355362684     -0.584190607    
  0.717132866      0.340839952     -0.523869514    
  0.702089489      0.325510740     -0.466646731    
  0.687766135      0.309493721     -0.412367195    
  0.674120724      0.292895973     -0.360884070    
  0.661112726      0.275813788     -0.312057108    
  0.648703039      0.258332878     -0.265752047    
  0.636854887      0.240531251     -0.221841410    
  0.625532806      0.222478449     -0.180204332    
  0.614703298      0.204237133     -0.140726894    
  0.604334891      0.185863510     -0.103300333    
  0.594397366      0.167406976      -6.78195581E-02
  0.584862351      0.148912698      -3.41875814E-02
  0.575703442      0.130420581      -2.31086463E-03
  0.566895306      0.111966416       2.78989151E-02
  0.558414698       9.35819894E-02   5.65250963E-02
  0.550239146       7.52950013E-02   8.36480707E-02
  0.542347908       5.71306273E-02  0.109342493    
  0.534678817       3.90511528E-02  0.133875787    
  0.527299583       2.11939868E-02  0.156923369    
  0.520150244       3.51841003E-03  0.178745538    
  0.513177335      -1.40211098E-02  0.199571431    
  0.506440639      -3.12929712E-02  0.219123021    
  0.499888986      -4.83442917E-02  0.237622872    
  0.493509442      -6.51653633E-02  0.255122662    
  0.487290084      -8.17478746E-02  0.271671593    
  0.481219411      -9.80852321E-02  0.287316978    
  0.475286931     -0.114171341      0.302102506    
  0.469482869     -0.130001530      0.316070229    
  0.463798076     -0.145571917      0.329260319    
  0.458224118     -0.160879120      0.341710150    
  0.452752948     -0.175921544      0.353455901    
  0.447377175     -0.190697402      0.364531755    
  0.442090034     -0.205205932      0.374970108    
  0.436884940     -0.219446421      0.384801626    
  0.431756079     -0.233419135      0.394055218    
  0.426697552     -0.247124940      0.402758718    
  0.421704471     -0.260564685      0.410938829    
  0.416771680     -0.273739606      0.418620199    
  0.411878377     -0.286697388      0.425894529    
  0.407053024     -0.299348146      0.432648599    
  0.402275354     -0.311739892      0.438972026    
  0.397541702     -0.323875070      0.444885343    
  0.392848641     -0.335756093      0.450407803    
  0.388179779     -0.347426891      0.455611587    
  0.383558095     -0.358808547      0.460406989    
  0.378967881     -0.369944811      0.464864552    
  0.374406457     -0.380838603      0.469000280    
  0.369871289     -0.391493469      0.472829431    
  0.365359932     -0.401912451      0.476366222    
  0.360870481     -0.412098914      0.479624450    
  0.356400520     -0.422056377      0.482617557    
  0.351948142     -0.431788325      0.485357851    
  0.347511411     -0.441298068      0.487857401    
  0.343088716     -0.450589269      0.490127563    
  0.338678271     -0.459665179      0.492178977    
  0.334278464     -0.468529522      0.494022340    
  0.329887629     -0.477185547      0.495667428    
  0.325504452     -0.485637099      0.497123688    
  0.321127325     -0.493887097      0.498400033    
  0.316755086     -0.501939774      0.499504566    
  0.312386364     -0.509798050      0.500446856    
  0.308019876     -0.517465413      0.501233876    
  0.303654373     -0.524945259      0.501873076    
  0.299288452     -0.532240987      0.502372324    
  0.294921070     -0.539355695      0.502737761    
  0.290551186     -0.546292841      0.502976298    
  0.286177516     -0.553055584      0.503094375    
  0.281798959     -0.559647024      0.503097951    
  0.277414531     -0.566070437      0.502992868    
  0.273022950     -0.572328687      0.502784848    
  0.268623292     -0.578425050      0.502478898    
  0.264214456     -0.584362388      0.502080619    
  0.259795219     -0.590143800      0.501594543    
  0.255364627     -0.595772028      0.501025677    
  0.250921607     -0.601249993      0.500378609    
  0.246465012     -0.606580496      0.499657869    
  0.241993815     -0.611766338      0.498867631    
  0.237506822     -0.616810203      0.498012245    
  0.233002990     -0.621714652      0.497095346    
  0.228481203     -0.626482427      0.496121138    
  0.223940268     -0.631116033      0.495093286    
  0.219379038     -0.635618091      0.494015545    
  0.214796364     -0.639991045      0.492891371    
  0.210191026     -0.644237220      0.491724342    
  0.205561832     -0.648359179      0.490517914    
  0.200907513     -0.652359128      0.489275306    
  0.196226895     -0.656239569      0.487999856    
  0.191518515     -0.660002589      0.486694813    
  0.186781257     -0.663650453      0.485363185    
  0.182013661     -0.667185485      0.484008282    
  0.177214295     -0.670609713      0.482633114    
  0.172381908     -0.673925102      0.481240809    
  0.167514950     -0.677133977      0.479834318    
  0.162611917     -0.680238426      0.478416592    
  0.157671452     -0.683240235      0.476990908    
  0.152691856     -0.686141491      0.475560129    
  0.147671610     -0.688944280      0.474127352    
  0.142609060     -0.691650212      0.472695619    
  0.137502566     -0.694261432      0.471268058    
  0.132350415     -0.696779668      0.469847798    
  0.127150759     -0.699206889      0.468437970    
  0.121901967     -0.701544821      0.467041910    
  0.116602004     -0.703795254      0.465662777    
  0.111249089     -0.705959976      0.464303970    
  0.105841219     -0.708040655      0.462968975    
  0.100376412     -0.710039079      0.461661220    
   9.48525295E-02 -0.711956918      0.460384369    
   8.92674848E-02 -0.713795900      0.459142119    
   8.36192146E-02 -0.715557635      0.457938403    
   7.79053122E-02 -0.717243671      0.456777096    
   7.21235648E-02 -0.718855739      0.455662429    
   6.62716255E-02 -0.720395505      0.454598576    
   6.03470169E-02 -0.721864522      0.453589886    
   5.43472990E-02 -0.723264217      0.452641040    
   4.82698306E-02 -0.724596262      0.451756924    
   4.21120301E-02 -0.725862205      0.450942457    
   3.58711369E-02 -0.727063477      0.450202942    
   2.95443665E-02 -0.728201509      0.449543625    
   2.31289119E-02 -0.729277790      0.448970318    
   1.66216996E-02 -0.730293870      0.448489010    
   1.00197662E-02 -0.731251180      0.448105931    
   3.32002295E-03 -0.732150912      0.447827488    
  -3.48085025E-03 -0.732994556      0.447660685    
  -1.03860293E-02 -0.733783424      0.447612613    
  -1.73990801E-02 -0.734518766      0.447690845    
  -2.45234109E-02 -0.735201836      0.447903425    
  -3.17626633E-02 -0.735833943      0.448258609    
  -3.91205288E-02 -0.736416042      0.448765010    
  -4.66007888E-02 -0.736949146      0.449432194    
  -5.42075038E-02 -0.737434506      0.450269759    
  -6.19446374E-02 -0.737872958      0.451287687    
  -6.98163435E-02 -0.738265276      0.452496767    
  -7.78269842E-02 -0.738612473      0.453908443    
  -8.59809741E-02 -0.738914967      0.455534637    
  -9.42828506E-02 -0.739173293      0.457387865    
 -0.102737322     -0.739387989      0.459481239    
 -0.111349158     -0.739559114      0.461828798    
 -0.120123453     -0.739686966      0.464445204    
 -0.129065230     -0.739771307      0.467345923    
 -0.138179868     -0.739811957      0.470547289    
 -0.147472784     -0.739808202      0.474066466    
 -0.156949505     -0.739759266      0.477921456    
 -0.166615993     -0.739664137      0.482131481    
 -0.176478043     -0.739521325      0.486716628    
 -0.186541915     -0.739329159      0.491698176    
 -0.196813926     -0.739085317      0.497098356    
 -0.207300529     -0.738787293      0.502940834    
 -0.218008533     -0.738431990      0.509250343    
 -0.228944778     -0.738015771      0.516053140    
 -0.240116566     -0.737534344      0.523376703    
 -0.251531124     -0.736982882      0.531250179    
 -0.263196051     -0.736355722      0.539704144    
 -0.275119245     -0.735646546      0.548770845    
 -0.287308604     -0.734847963      0.558484197    
 -0.299772590     -0.733951747      0.568880022    
 -0.312519640     -0.732948542      0.579995930    
 -0.325558454     -0.731827915      0.591871560    
 -0.338898212     -0.730577946      0.604548752    
 -0.352548093     -0.729185641      0.618071258    
 -0.366517603     -0.727635980      0.632485211    
 -0.380816340     -0.725912631      0.647839010    
 -0.395454645     -0.723997355      0.664184034    
 -0.410442621     -0.721869767      0.681573749    
 -0.425790697     -0.719507217      0.700064421    
 -0.441509515     -0.716884553      0.719715178    
 -0.457609802     -0.713974237      0.740587950    
 -0.474103004     -0.710745573      0.762748182    
 -0.491000086     -0.707164943      0.786263883    
 -0.508312345     -0.703194976      0.811206698    
 -0.526051044     -0.698794603      0.837651372    
 -0.544227421     -0.693918705      0.865676105    
 -0.562853277     -0.688517869      0.895363450    
 -0.581939459     -0.682537794      0.926798761    
 -0.601496875     -0.675918579      0.960071445    
 -0.621536136     -0.668594837      0.995274663    
 -0.642067134     -0.660494924       1.03250539    
 -0.663099766     -0.651540697       1.07186544    
 -0.684642494     -0.641646743       1.11345994    
 -0.706702828     -0.630719662       1.15739775    
 -0.729287207     -0.618657410       1.20379221    
 -0.752399921     -0.605349481       1.25276017    
 -0.776044428     -0.590675235       1.30442405    
 -0.800220788     -0.574503541       1.35890830    
 -0.824926734     -0.556692302       1.41634166    
 -0.850156546     -0.537087202       1.47685659    
 -0.875900388     -0.515521348       1.54058826    
 -0.902144432     -0.491814256       1.60767698    
 -0.928868830     -0.465771079       1.67826343    
 -0.956047416     -0.437181920       1.75249207    
 -0.983646691     -0.405820847       1.83050847    
  -1.01162446     -0.371445477       1.91245925    
  -1.03992939     -0.333796263       1.99849498    
  -1.06849790     -0.292595565       2.08876300    
  -1.09725332     -0.247547805       2.18341208    
  -1.12610459     -0.198338538       2.28258920    
  -1.15494263     -0.144634962       2.38643861    
  -1.18168318      -8.06747973E-02   2.47647119    
