   1.57080019      0.785399973      0.392700076    
   1.55145383      0.801552653      0.398314565    
   1.53405726      0.816840529      0.404680640    
   1.51855040      0.831261635      0.411830366    
   1.50487244      0.844814837      0.419788301    
   1.49296153      0.857499480      0.428570211    
   1.48275363      0.869314730      0.438184053    
   1.47418201      0.880260587      0.448628813    
   1.46717608      0.890336752      0.459895253    
   1.46166229      0.899544001      0.471965492    
   1.45756257      0.907882869      0.484813303    
   1.45479465      0.915354550      0.498404622    
   1.45327270      0.921961367      0.512697339    
   1.45290637      0.927706122      0.527642071    
   1.45360196      0.932592869      0.543183327    
   1.45526278      0.936626315      0.559259355    
   1.45779014      0.939813375      0.575804353    
   1.46108365      0.942161798      0.592747986    
   1.46504235      0.943680763      0.610017538    
   1.46956575      0.944381773      0.627538919    
   1.47455502      0.944277167      0.645237863    
   1.47991347      0.943381071      0.663040221    
   1.48555291      0.941705287      0.680877209    
   1.49137938      0.939271629      0.698676944    
   1.49730873      0.936098158      0.716373980    
   1.50326633      0.932201087      0.733909607    
   1.50917637      0.927605331      0.751225770    
   1.51497304      0.922332525      0.768272400    
   1.52059710      0.916405737      0.785004616    
   1.52599645      0.909847856      0.801384091    
   1.53112555      0.902682483      0.817378044    
   1.53594470      0.894933581      0.832959175    
   1.54042089      0.886624634      0.848105729    
   1.54452705      0.877779663      0.862801552    
   1.54824114      0.868422031      0.877035141    
   1.55154610      0.858575046      0.890798986    
   1.55442977      0.848261595      0.904090405    
   1.55688334      0.837503791      0.916909516    
   1.55890226      0.826323390      0.929260135    
   1.56048441      0.814741075      0.941148400    
   1.56163108      0.802777648      0.952583134    
   1.56234527      0.790452719      0.963574827    
   1.56263196      0.777785003      0.974135935    
   1.56249821      0.764790773      0.984279513    
   1.56195152      0.751489758      0.994020462    
   1.56100082      0.737898469       1.00337410    
   1.55965626      0.724033177       1.01235664    
   1.55792785      0.709909081       1.02098405    
   1.55582607      0.695539355       1.02927268    
   1.55336213      0.680939674       1.03723955    
   1.55054677      0.666123450       1.04490077    
   1.54739118      0.651103735       1.05227327    
   1.54390609      0.635892510       1.05937290    
   1.54010224      0.620501637       1.06621552    
   1.53598964      0.604942322       1.07281661    
   1.53157854      0.589225292       1.07919121    
   1.52687883      0.573360682       1.08535397    
   1.52189922      0.557358146       1.09131908    
   1.51664913      0.541227520       1.09710050    
   1.51113701      0.524977505       1.10271144    
   1.50537074      0.508616745       1.10816467    
   1.49935782      0.492153525       1.11347258    
   1.49310577      0.475595772       1.11864722    
   1.48662090      0.458951235       1.12369990    
   1.47990990      0.442227215       1.12864172    
   1.47297847      0.425430745       1.13348353    
   1.46583200      0.408568740       1.13823521    
   1.45847559      0.391647726       1.14290679    
   1.45091403      0.374674082       1.14750779    
   1.44315135      0.357654095       1.15204716    
   1.43519163      0.340593606       1.15653372    
   1.42703819      0.323498309       1.16097593    
   1.41869438      0.306374133       1.16538179    
   1.41016304      0.289226383       1.16975927    
   1.40144658      0.272060245       1.17411602    
   1.39254713      0.254881054       1.17845905    
   1.38346672      0.237693787       1.18279564    
   1.37420678      0.220503509       1.18713248    
   1.36476862      0.203314900       1.19147635    
   1.35515332      0.186132729       1.19583344    
   1.34536147      0.168961659       1.20021009    
   1.33539367      0.151806176       1.20461226    
   1.32525015      0.134670839       1.20904601    
   1.31493104      0.117559902       1.21351695    
   1.30443573      0.100477755       1.21803057    
   1.29376400       8.34286883E-02   1.22259259    
   1.28291512       6.64167702E-02   1.22720802    
   1.27188814       4.94462550E-02   1.23188221    
   1.26068199       3.25212590E-02   1.23662031    
   1.24929535       1.56456959E-02   1.24142730    
   1.23772669      -1.17638730E-03   1.24630821    
   1.22597444      -1.79409180E-02   1.25126767    
   1.21403646      -3.46440524E-02   1.25631070    
   1.20191109      -5.12818135E-02   1.26144183    
   1.18959558      -6.78503960E-02   1.26666558    
   1.17708790      -8.43458921E-02   1.27198696    
   1.16438544     -0.100764476       1.27740991    
   1.15148544     -0.117102332       1.28293931    
   1.13838494     -0.133355647       1.28857958    
   1.12508106     -0.149520665       1.29433501    
   1.11157060     -0.165593714       1.30020988    
   1.09785032     -0.181570858       1.30620837    
   1.08391666     -0.197448432       1.31233513    
   1.06976604     -0.213222757       1.31859398    
   1.05539489     -0.228890032       1.32498920    
   1.04079926     -0.244446576       1.33152509    
   1.02597535     -0.259888768       1.33820546    
   1.01091909     -0.275212795       1.34503460    
  0.995626330     -0.290415108       1.35201633    
  0.980092764     -0.305491894       1.35915470    
  0.964314282     -0.320439607       1.36645341    
  0.948286235     -0.335254610       1.37391651    
  0.932004392     -0.349933267       1.38154769    
  0.915463984     -0.364472091       1.38935089    
  0.898660481     -0.378867477       1.39732933    
  0.881589234     -0.393115848       1.40548682    
  0.864245474     -0.407213718       1.41382670    
  0.846624553     -0.421157598       1.42235243    
  0.828721642     -0.434944242       1.43106735    
  0.810531914     -0.448570073       1.43997431    
  0.792050600     -0.462031960       1.44907665    
  0.773272693     -0.475326568       1.45837712    
  0.754193783     -0.488450825       1.46787834    
  0.734808803     -0.501401484       1.47758317    
  0.715113044     -0.514175713       1.48749387    
  0.695101678     -0.526770413       1.49761271    
  0.674770117     -0.539182782       1.50794196    
  0.654114008     -0.551410437       1.51848316    
  0.633128285     -0.563450456       1.52923799    
  0.611808777     -0.575300634       1.54020822    
  0.590151012     -0.586958587       1.55139482    
  0.568150520     -0.598422468       1.56279886    
  0.545803189     -0.609690011       1.57442117    
  0.523104668     -0.620759785       1.58626211    
  0.500050843     -0.631630182       1.59832203    
  0.476637810     -0.642299771       1.61060083    
  0.452861607     -0.652767718       1.62309837    
  0.428718150     -0.663033247       1.63581431    
  0.404203832     -0.673095882       1.64874768    
  0.379314780     -0.682955146       1.66189754    
  0.354047149     -0.692611456       1.67526281    
  0.328397185     -0.702064991       1.68884230    
  0.302361101     -0.711316705       1.70263422    
  0.275934935     -0.720367610       1.71663666    
  0.249114797     -0.729219258       1.73084807    
  0.221896380     -0.737873495       1.74526656    
  0.194275513     -0.746332765       1.75989020    
  0.166247532     -0.754599690       1.77471697    
  0.137807652     -0.762677431       1.78974497    
  0.108950429     -0.770569682       1.80497241    
   7.96701610E-02 -0.778280437       1.82039773    
   4.99605425E-02 -0.785814404       1.83601940    
   1.98146440E-02 -0.793176353       1.85183716    
  -1.07754152E-02 -0.800371945       1.86784995    
  -4.18181233E-02 -0.807407141       1.88405800    
  -7.33229592E-02 -0.814288497       1.90046167    
 -0.105300687     -0.821022809       1.91706300    
 -0.137763277     -0.827617407       1.93386400    
 -0.170723945     -0.834080458       1.95086789    
 -0.204197720     -0.840420187       1.96807981    
 -0.238201261     -0.846645176       1.98550522    
 -0.272753119     -0.852764785       2.00315189    
 -0.307874084     -0.858788490       2.02102900    
 -0.343587071     -0.864725888       2.03914738    
 -0.379917741     -0.870587349       2.05752039    
 -0.416894674     -0.876383007       2.07616329    
 -0.454549313     -0.882123411       2.09509468    
 -0.492916644     -0.887818933       2.11433506    
 -0.532035232     -0.893480301       2.13390875    
 -0.571947694     -0.899117470       2.15384340    
 -0.612700999     -0.904740572       2.17417002    
 -0.654346764     -0.910359144       2.19492388    
 -0.696941972     -0.915981889       2.21614552    
 -0.740548909     -0.921617031       2.23787880    
 -0.785236061     -0.927271128       2.26017475    
 -0.831078231     -0.932949424       2.28308821    
 -0.878157675     -0.938655615       2.30668211    
 -0.926563621     -0.944390714       2.33102465    
 -0.976393580     -0.950153232       2.35619092    
  -1.02775347     -0.955938339       2.38226509    
  -1.08075809     -0.961737156       2.40933752    
  -1.13553154     -0.967536092       2.43750739    
  -1.19220698     -0.973315597       2.46688151    
  -1.25092673     -0.979049742       2.49757481    
  -1.31184280     -0.984704673       2.52970982    
  -1.37511444     -0.990237594       2.56341505    
  -1.44090772     -0.995594859       2.59882402    
  -1.50939322      -1.00071096       2.63607216    
  -1.58074224      -1.00550675       2.67529416    
  -1.65512311      -1.00988781       2.71661830    
  -1.73269403      -1.01374245       2.76016068    
  -1.81359744      -1.01694059       2.80601740    
  -1.89794862      -1.01933312       2.85425425    
  -1.98582649      -1.02075052       2.90489674    
  -2.07726169      -1.02100325       2.95791626    
  -2.17222500      -1.01988316       3.01321936    
  -2.27061653      -1.01716566       3.07063580    
  -2.37225914      -1.01261365       3.12990999    
  -2.47689581      -1.00598204      -3.09248781    
  -2.58419204     -0.997024834      -3.03061676    
  -2.69375086     -0.985501528      -2.96816778    
