   0.00000000    
   2.50000004E-02
   5.00000007E-02
   7.50000030E-02
  0.100000001    
  0.125000000    
  0.150000006    
  0.174999997    
  0.200000003    
  0.224999994    
  0.250000000    
  0.275000006    
  0.300000012    
  0.324999988    
  0.349999994    
  0.375000000    
  0.400000006    
  0.425000012    
  0.449999988    
  0.474999994    
  0.500000000    
  0.524999976    
  0.550000012    
  0.574999988    
  0.600000024    
  0.625000000    
  0.649999976    
  0.675000012    
  0.699999988    
  0.725000024    
  0.750000000    
  0.774999976    
  0.800000012    
  0.824999988    
  0.850000024    
  0.875000000    
  0.899999976    
  0.925000012    
  0.949999988    
  0.975000024    
   1.00000000    
   1.02499998    
   1.04999995    
   1.07500005    
   1.10000002    
   1.12500000    
   1.14999998    
   1.17499995    
   1.20000005    
   1.22500002    
   1.25000000    
   1.27499998    
   1.29999995    
   1.32500005    
   1.35000002    
   1.37500000    
   1.39999998    
   1.42499995    
   1.45000005    
   1.47500002    
   1.50000000    
   1.52499998    
   1.54999995    
   1.57500005    
   1.60000002    
   1.62500000    
   1.64999998    
   1.67499995    
   1.70000005    
   1.72500002    
   1.75000000    
   1.77499998    
   1.79999995    
   1.82500005    
   1.85000002    
   1.87500000    
   1.89999998    
   1.92499995    
   1.95000005    
   1.97500002    
   2.00000000    
   2.02500010    
   2.04999995    
   2.07500005    
   2.09999990    
   2.12500000    
   2.15000010    
   2.17499995    
   2.20000005    
   2.22499990    
   2.25000000    
   2.27500010    
   2.29999995    
   2.32500005    
   2.34999990    
   2.37500000    
   2.40000010    
   2.42499995    
   2.45000005    
   2.47499990    
   2.50000000    
   2.52500010    
   2.54999995    
   2.57500005    
   2.59999990    
   2.62500000    
   2.65000010    
   2.67499995    
   2.70000005    
   2.72499990    
   2.75000000    
   2.77500010    
   2.79999995    
   2.82500005    
   2.84999990    
   2.87500000    
   2.90000010    
   2.92499995    
   2.95000005    
   2.97499990    
   3.00000000    
   3.02500010    
   3.04999995    
   3.07500005    
   3.09999990    
   3.12500000    
   3.15000010    
   3.17499995    
   3.20000005    
   3.22499990    
   3.25000000    
   3.27500010    
   3.29999995    
   3.32500005    
   3.34999990    
   3.37500000    
   3.40000010    
   3.42499995    
   3.45000005    
   3.47499990    
   3.50000000    
   3.52500010    
   3.54999995    
   3.57500005    
   3.59999990    
   3.62500000    
   3.65000010    
   3.67499995    
   3.70000005    
   3.72499990    
   3.75000000    
   3.77500010    
   3.79999995    
   3.82500005    
   3.84999990    
   3.87500000    
   3.90000010    
   3.92499995    
   3.95000005    
   3.97499990    
   4.00000000    
   4.02500010    
   4.05000019    
   4.07499981    
   4.09999990    
   4.12500000    
   4.15000010    
   4.17500019    
   4.19999981    
   4.22499990    
   4.25000000    
   4.27500010    
   4.30000019    
   4.32499981    
   4.34999990    
   4.37500000    
   4.40000010    
   4.42500019    
   4.44999981    
   4.47499990    
   4.50000000    
   4.52500010    
   4.55000019    
   4.57499981    
   4.59999990    
   4.62500000    
   4.65000010    
   4.67500019    
   4.69999981    
   4.72499990    
   4.75000000    
   4.77500010    
   4.80000019    
   4.82499981    
   4.84999990    
   4.87500000    
   4.90000010    
   4.92500019    
   4.94999981    
   4.97499990    
   5.00000000    
