 -0.666925907     -0.627802610       1.34868145    
 -0.639302731     -0.632741451       1.27993107    
 -0.613029003     -0.635576248       1.21477842    
 -0.588040352     -0.636569262       1.15306139    
 -0.564246178     -0.635888577       1.09457254    
 -0.541629791     -0.633738041       1.03917122    
 -0.520110130     -0.630279779      0.986671448    
 -0.499637127     -0.625662804      0.936925411    
 -0.480179787     -0.620064735      0.889806747    
 -0.461654663     -0.613567829      0.845172405    
 -0.444035530     -0.606306791      0.802886486    
 -0.427274704     -0.598374605      0.762801170    
 -0.411310196     -0.589854717      0.724800825    
 -0.396125317     -0.580872297      0.688831806    
 -0.381672382     -0.571460128      0.654711723    
 -0.367896557     -0.561704040      0.622378588    
 -0.354788303     -0.551657677      0.591729879    
 -0.342285633     -0.541373789      0.562655926    
 -0.330383778     -0.530926585      0.535112619    
 -0.319042206     -0.520333648      0.508975983    
 -0.308218002     -0.509645045      0.484186411    
 -0.297896862     -0.498892963      0.460672379    
 -0.288047791     -0.488095582      0.438351631    
 -0.278661251     -0.477323383      0.417191982    
 -0.269699097     -0.466563135      0.397098064    
 -0.261144638     -0.455845892      0.378024578    
 -0.252978802     -0.445194334      0.359910727    
 -0.245169401     -0.434620857      0.342705250    
 -0.237722397     -0.424161822      0.326380730    
 -0.230605602     -0.413804382      0.310858488    
 -0.223803520     -0.403573811      0.296107531    
 -0.217304230     -0.393479019      0.282098055    
 -0.211088657     -0.383508205      0.268768072    
 -0.205152035     -0.373712331      0.256099105    
 -0.199476480     -0.364062041      0.244053006    
 -0.194044113     -0.354582071      0.232593417    
 -0.188859701     -0.345255435      0.221690536    
 -0.183891058     -0.336101353      0.211306214    
 -0.179159641     -0.327130854      0.201420784    
 -0.174617767     -0.318330824      0.192017555    
 -0.170292854     -0.309703648      0.183051825    
 -0.166149139     -0.301257074      0.174511075    
 -0.162191391     -0.292980671      0.166370869    
 -0.158411264     -0.284888148      0.158612728    
 -0.154802799     -0.276975632      0.151216984    
 -0.151354074     -0.269232392      0.144157410    
 -0.148066282     -0.261670351      0.137423873    
 -0.144927502     -0.254282355      0.130995512    
 -0.141934156     -0.247066617      0.124859810    
 -0.139082670     -0.240011811      0.118998885    
 -0.136368275     -0.233138800      0.113403201    
 -0.133790970     -0.226423144      0.108048320    
 -0.131324530     -0.219871402      0.102927685    
 -0.128996372     -0.213484764       9.80377197E-02
 -0.126782656     -0.207260251       9.33545828E-02
 -0.124689341     -0.201184750       8.88741016E-02
 -0.122699738     -0.195270777       8.45855474E-02
 -0.120824575     -0.189497471       8.04710388E-02
 -0.119053125     -0.183883309       7.65365362E-02
 -0.117392540     -0.178400874       7.27623701E-02
 -0.115823746     -0.173078775       6.91431761E-02
 -0.114363432     -0.167870522       6.56723976E-02
 -0.112990141     -0.162831545       6.23226166E-02
 -0.111712217     -0.157906413       5.91415167E-02
 -0.110527277     -0.153114200       5.60671091E-02
 -0.109430552     -0.148452520       5.31065464E-02
 -0.108431578     -0.143918991       5.02806902E-02
 -0.107514858     -0.139499903       4.75436449E-02
 -0.106675625     -0.135205984       4.49174643E-02
 -0.105928183     -0.131030083       4.23935056E-02
 -0.105262995     -0.126962662       3.99616361E-02
 -0.104671717     -0.123015642       3.76191735E-02
 -0.104171038     -0.119165182       3.53670120E-02
 -0.103741884     -0.115433931       3.31860781E-02
 -0.103390217     -0.111799240       3.10957432E-02
 -0.103123188     -0.108270645       2.90694833E-02
 -0.102927685     -0.104837418       2.71201134E-02
 -0.102806091     -0.101504326       2.52386928E-02
 -0.102764368      -9.82618332E-02   2.34255195E-02
 -0.102792978      -9.51170921E-02   2.16713548E-02
 -0.102901459      -9.20593739E-02   1.99845433E-02
 -0.103080273      -8.90862942E-02   1.83460116E-02
 -0.103331804      -8.62050056E-02   1.67718530E-02
 -0.103659630      -8.34035873E-02   1.52480602E-02
 -0.104060173      -8.06879997E-02   1.37805939E-02
 -0.104532242      -7.80522823E-02   1.23602152E-02
 -0.105079412      -7.54916668E-02   1.09907985E-02
 -0.105698109      -7.30121136E-02   9.67204571E-03
 -0.106391907      -7.06040859E-02   8.39680433E-03
 -0.107153654      -6.82759285E-02   7.16924667E-03
 -0.107998848      -6.60133362E-02   5.98788261E-03
 -0.108907223      -6.38210773E-02   4.84645367E-03
 -0.109895468      -6.17039204E-02   3.75330448E-03
 -0.110961199      -5.96523285E-02   2.70098448E-03
 -0.112094879      -5.76603413E-02   1.69336796E-03
 -0.113307238      -5.57410717E-02   7.26878643E-04
 -0.114599466      -5.38885593E-02  -2.00867653E-04
 -0.115959644      -5.20920753E-02  -1.07914209E-03
 -0.117404461      -5.03587723E-02  -1.91986561E-03
 -0.118923187      -4.86946106E-02  -2.71499157E-03
 -0.120522976      -4.70793247E-02  -3.46869230E-03
 -0.122200251      -4.55319881E-02  -4.17709351E-03
 -0.123957396      -4.40394878E-02  -4.84049320E-03
 -0.125801563      -4.26089764E-02  -5.45978546E-03
 -0.127717853      -4.12333012E-02  -6.02900982E-03
 -0.129727125      -3.99148464E-02  -6.55412674E-03
 -0.131814480      -3.86548042E-02  -7.02917576E-03
 -0.133990049      -3.74484062E-02  -7.45177269E-03
 -0.136250257      -3.63004208E-02  -7.82430172E-03
 -0.138601661      -3.52048874E-02  -8.14139843E-03
 -0.141042471      -3.41677666E-02  -8.40365887E-03
 -0.143566132      -3.31878662E-02  -8.60452652E-03
 -0.146191120      -3.22556496E-02  -8.74757767E-03
 -0.148904920      -3.13854218E-02  -8.82446766E-03
 -0.151712298      -3.05700302E-02  -8.83638859E-03
 -0.154619217      -2.98130512E-02  -8.78065825E-03
 -0.157620311      -2.91049480E-02  -8.65101814E-03
 -0.160725117      -2.84576416E-02  -8.44299793E-03
 -0.163928270      -2.78663635E-02  -8.15719366E-03
 -0.167236328      -2.73323059E-02  -7.78347254E-03
 -0.170649886      -2.68518925E-02  -7.32719898E-03
 -0.174165964      -2.64310837E-02  -6.77496195E-03
 -0.177797079      -2.60710716E-02  -6.12467527E-03
 -0.181536078      -2.57730484E-02  -5.36978245E-03
 -0.185384750      -2.55262852E-02  -4.51028347E-03
 -0.189355016      -2.53450871E-02  -3.53217125E-03
 -0.193434358      -2.52246857E-02  -2.43514776E-03
 -0.197641850      -2.51674652E-02  -1.21027231E-03
 -0.201966166      -2.51710415E-02   1.51395798E-04
 -0.206416249      -2.52437592E-02   1.65551901E-03
 -0.210992694      -2.53760815E-02   3.30448151E-03
 -0.215694904      -2.55692005E-02   5.12123108E-03
 -0.220535710      -2.58398056E-02   7.10457563E-03
 -0.225507021      -2.61735916E-02   9.25987959E-03
 -0.230613947      -2.65717506E-02   1.16032362E-02
 -0.235864207      -2.70509720E-02   1.41486526E-02
 -0.241256669      -2.75921822E-02   1.69026852E-02
 -0.246794224      -2.82025337E-02   1.98793411E-02
 -0.252481699      -2.88915634E-02   2.30869651E-02
 -0.258316994      -2.96461582E-02   2.65449286E-02
 -0.264314115      -3.04818153E-02   3.02642584E-02
 -0.270463526      -3.13854218E-02   3.42604518E-02
 -0.276779234      -3.23700905E-02   3.85504961E-02
 -0.283259749      -3.34239006E-02   4.31492925E-02
 -0.289902985      -3.45516205E-02   4.80732322E-02
 -0.296729207      -3.57580185E-02   5.33458591E-02
 -0.303722024      -3.70359421E-02   5.89829683E-02
 -0.310900658      -3.83901596E-02   6.50086999E-02
 -0.318263173      -3.98123264E-02   7.14400411E-02
 -0.325809121      -4.13095951E-02   7.83056021E-02
 -0.333553106      -4.28748131E-02   8.56250525E-02
 -0.341487199      -4.45067883E-02   9.34299827E-02
 -0.349630386      -4.62007523E-02  0.101742148    
 -0.357974172      -4.79602814E-02  0.110594332    
 -0.366525441      -4.97710705E-02  0.120014846    
 -0.375299305      -5.16402721E-02  0.130036473    
 -0.384284556      -5.35511971E-02  0.140692592    
 -0.393503457      -5.55050373E-02  0.152021050    
 -0.402948558      -5.74886799E-02  0.164056122    
 -0.412626266      -5.95009327E-02  0.176838934    
 -0.422553122      -6.15215302E-02  0.190415531    
 -0.432723463      -6.35528564E-02  0.204821825    
 -0.443148613      -6.55686855E-02  0.220109224    
 -0.453822613      -6.75618649E-02  0.236321092    
 -0.464780897      -6.95192814E-02  0.253520906    
 -0.476005077      -7.14182854E-02  0.271751434    
 -0.487505823      -7.32398033E-02  0.291072577    
 -0.499296188      -7.49564171E-02  0.311544091    
 -0.511368513      -7.65514374E-02  0.333223641    
 -0.523763895      -7.79914856E-02  0.356192172    
 -0.536459088      -7.92527199E-02  0.380502403    
 -0.549470186      -8.02898407E-02  0.406235039    
 -0.562809706      -8.10694695E-02  0.433462054    
 -0.576470494      -8.15486908E-02  0.462256908    
 -0.590498447      -8.16857815E-02  0.492726266    
 -0.604867935      -8.14306736E-02  0.524934947    
 -0.619595051      -8.07130337E-02  0.558980107    
 -0.634698868      -7.94804096E-02  0.594958067    
 -0.650166273      -7.76600838E-02  0.632956326    
 -0.666048527      -7.51805305E-02  0.673108399    
 -0.682320595      -7.19618797E-02  0.715499520    
 -0.698995590      -6.79087639E-02  0.760239959    
 -0.716096163      -6.29091263E-02  0.807455838    
 -0.733600855      -5.68771362E-02  0.857244134    
 -0.751574039      -4.96852398E-02  0.909787357    
 -0.769968033      -4.11951542E-02  0.965158939    
 -0.788819790      -3.12793255E-02   1.02350950    
 -0.808122158      -1.97708607E-02   1.08498573    
 -0.827870369      -6.50882721E-03   1.14969850    
 -0.848100185       8.69274139E-03   1.21785998    
 -0.868782997       2.60317326E-02   1.28954887    
 -0.889916420       4.57227230E-02   1.36495590    
 -0.911500454       6.80041313E-02   1.44421697    
 -0.933504105       9.31286812E-02   1.52746558    
 -0.955963135      0.121364594       1.61494255    
 -0.978803635      0.153019428       1.70671690    
  -1.00200415      0.188401937       1.80298805    
  -1.02554560      0.227870941       1.90389860    
  -1.04933262      0.271795988       2.00957060    
  -1.07337713      0.320557356       2.12020874    
