   1.00000012    
  0.999999940    
  0.999999046    
  0.999998808    
  0.999999344    
  0.999999166    
  0.999998391    
  0.999999762    
  0.999997318    
  0.999997437    
  0.999997199    
  0.999999285    
  0.999998569    
  0.999999285    
   1.00000191    
   1.00000000    
   1.00000298    
   1.00000036    
   1.00000095    
   1.00000012    
  0.999999762    
   1.00000072    
   1.00000024    
  0.999999881    
  0.999999285    
   1.00000048    
   1.00000048    
  0.999999106    
   1.00000048    
   1.00000143    
   1.00000024    
   1.00000060    
   1.00000095    
   1.00000060    
  0.999999106    
   1.00000107    
   1.00000167    
   1.00000060    
   1.00000072    
   1.00000072    
   1.00000048    
  0.999999106    
  0.999999285    
   1.00000095    
  0.999998927    
  0.999999762    
  0.999999404    
  0.999999642    
  0.999999344    
   1.00000012    
  0.999999940    
   1.00000072    
   1.00000024    
  0.999999404    
  0.999999940    
   1.00000119    
   1.00000072    
   1.00000036    
   1.00000072    
   1.00000143    
   1.00000095    
   1.00000048    
   1.00000036    
   1.00000012    
  0.999999940    
  0.999999642    
   1.00000012    
   1.00000048    
   1.00000024    
   1.00000000    
   1.00000024    
   1.00000048    
   1.00000060    
   1.00000083    
   1.00000095    
   1.00000131    
   1.00000095    
   1.00000036    
   1.00000072    
   1.00000000    
   1.00000072    
   1.00000119    
   1.00000072    
   1.00000024    
   1.00000060    
   1.00000143    
   1.00000024    
   1.00000048    
  0.999999881    
   1.00000024    
  0.999999881    
   1.00000024    
   1.00000048    
  0.999999821    
  0.999999285    
  0.999999404    
  0.999999344    
  0.999999166    
  0.999998808    
  0.999999940    
  0.999999285    
  0.999999344    
  0.999999225    
  0.999999702    
   1.00000024    
  0.999999344    
  0.999998868    
  0.999998987    
  0.999998927    
  0.999999464    
  0.999998808    
  0.999998391    
  0.999999464    
  0.999998868    
  0.999998093    
  0.999997318    
  0.999998331    
  0.999998510    
  0.999997735    
  0.999998152    
  0.999999762    
  0.999998510    
  0.999998868    
  0.999998868    
  0.999997973    
  0.999998987    
  0.999999404    
  0.999999166    
  0.999998987    
  0.999998510    
  0.999998689    
  0.999998569    
  0.999998450    
  0.999998510    
  0.999998808    
  0.999999166    
  0.999998450    
  0.999998569    
  0.999998510    
  0.999998808    
  0.999998689    
  0.999997258    
  0.999997854    
  0.999998212    
  0.999998569    
  0.999998510    
  0.999998689    
  0.999998212    
  0.999997735    
  0.999998212    
  0.999998689    
  0.999998569    
  0.999998808    
  0.999998033    
  0.999998391    
  0.999998450    
  0.999998689    
  0.999998569    
  0.999998510    
  0.999998271    
  0.999998569    
  0.999999106    
   1.00000048    
  0.999999404    
  0.999999464    
  0.999998808    
   1.00000036    
  0.999999881    
  0.999998987    
   1.00000000    
   1.00000024    
  0.999999642    
  0.999999881    
  0.999999940    
   1.00000024    
  0.999999881    
   1.00000024    
  0.999999940    
   1.00000012    
   1.00000012    
  0.999999940    
   1.00000036    
   1.00000012    
   1.00000036    
  0.999999881    
   1.00000083    
   1.00000012    
  0.999999881    
   1.00000000    
   1.00000012    
  0.999999762    
   1.00000012    
   1.00000000    
   1.00000012    
   1.00000012    
   1.00000024    
   1.00000024    
   1.00000000    
   1.00000024    
   1.00000000    
   1.00000000    
