   1.57080019      0.785399973      0.392700076    
   1.55080152      0.801677227      0.397870183    
   1.53146076      0.817343950      0.402888119    
   1.51274228      0.832403839      0.407766789    
   1.49460876      0.846866250      0.412519068    
   1.47701454      0.860737324      0.417148501    
   1.45993054      0.874027610      0.421666533    
   1.44333029      0.886747777      0.426080883    
   1.42716527      0.898904800      0.430389047    
   1.41141760      0.910515010      0.434597075    
   1.39606166      0.921585083      0.438712180    
   1.38107193      0.932130158      0.442732722    
   1.36640716      0.942158937      0.446655005    
   1.35205531      0.951686621      0.450484782    
   1.33799541      0.960725188      0.454219073    
   1.32418609      0.969281495      0.457852334    
   1.31063676      0.977375150      0.461393952    
   1.29729366      0.985009432      0.464828312    
   1.28416324      0.992204070      0.468164206    
   1.27121270      0.998967886      0.471391618    
   1.25843298       1.00531280      0.474514723    
   1.24580669       1.01125240      0.477528125    
   1.23331571       1.01679468      0.480430424    
   1.22095227       1.02195179      0.483222485    
   1.20869851       1.02673614      0.485899359    
   1.19654548       1.03115845      0.488459438    
   1.18448186       1.03522766      0.490906417    
   1.17249215       1.03895235      0.493233442    
   1.16057384       1.04234743      0.495441258    
   1.14871609       1.04541993      0.497532129    
   1.13690877       1.04817581      0.499503791    
   1.12514544       1.05062962      0.501355469    
   1.11342323       1.05279028      0.503090501    
   1.10173440       1.05466235      0.504710853    
   1.09006763       1.05625582      0.506212056    
   1.07843208       1.05758691      0.507602930    
   1.06681991       1.05865240      0.508886218    
   1.05522096       1.05946410      0.510053992    
   1.04364097       1.06003082      0.511119485    
   1.03207600       1.06035960      0.512081146    
   1.02052093       1.06045699      0.512940884    
   1.00897825       1.06032944      0.513704062    
  0.997451842       1.05998766      0.514376342    
  0.985933006       1.05943608      0.514955044    
  0.974425793       1.05867517      0.515448511    
  0.962931216       1.05772066      0.515858293    
  0.951450884       1.05657244      0.516192019    
  0.939981818       1.05523825      0.516448021    
  0.928529263       1.05372369      0.516634881    
  0.917094827       1.05203652      0.516757309    
  0.905673921       1.05017757      0.516814232    
  0.894271195       1.04815626      0.516810358    
  0.882891357       1.04597259      0.516755641    
  0.871527314       1.04363561      0.516644359    
  0.860192537       1.04115129      0.516489744    
  0.848882675       1.03852355      0.516291618    
  0.837597907       1.03575134      0.516052067    
  0.826338589       1.03284454      0.515774906    
  0.815111160       1.02980661      0.515464544    
  0.803911388       1.02664125      0.515121639    
  0.792749763       1.02335036      0.514754832    
  0.781616926       1.01993990      0.514361024    
  0.770524442       1.01641452      0.513947904    
  0.759461522       1.01277709      0.513511717    
  0.748441458       1.00903010      0.513061762    
  0.737458348       1.00517869      0.512597084    
  0.726518989       1.00122631      0.512122393    
  0.715617716      0.997176766      0.511635900    
  0.704759419      0.993029475      0.511141181    
  0.693942666      0.988790691      0.510640085    
  0.683169901      0.984465063      0.510135055    
  0.672442377      0.980052352      0.509627581    
  0.661758840      0.975556135      0.509116173    
  0.651123047      0.970979512      0.508606195    
  0.640529573      0.966326952      0.508095384    
  0.629983902      0.961599588      0.507586837    
  0.619483352      0.956797957      0.507079601    
  0.609029830      0.951925576      0.506575346    
  0.598624468      0.946988583      0.506075323    
  0.588264108      0.941984236      0.505577862    
  0.577954769      0.936919928      0.505087972    
  0.567687988      0.931794286      0.504600346    
  0.557468891      0.926608801      0.504116952    
  0.547295988      0.921367407      0.503638327    
  0.537172675      0.916072845      0.503166318    
  0.527095318      0.910727382      0.502699435    
  0.517060459      0.905326962      0.502233148    
  0.507075191      0.899881005      0.501774430    
  0.497133523      0.894388378      0.501317441    
  0.487238586      0.888851106      0.500865340    
  0.477388352      0.883270621      0.500416160    
  0.467586488      0.877648830      0.499971420    
  0.457828373      0.871985853      0.499526918    
  0.448109865      0.866284072      0.499081314    
  0.438435912      0.860546350      0.498636872    
  0.428807408      0.854772270      0.498192698    
  0.419221044      0.848966181      0.497747242    
  0.409677148      0.843124926      0.497298181    
  0.400179923      0.837252080      0.496848255    
  0.390718132      0.831352293      0.496391565    
  0.381299376      0.825419009      0.495929360    
  0.371922433      0.819458187      0.495460868    
  0.362585723      0.813469529      0.494984210    
  0.353294671      0.807455242      0.494501978    
  0.344039708      0.801416397      0.494006038    
  0.334825546      0.795350492      0.493498534    
  0.325651973      0.789260864      0.492979079    
  0.316513479      0.783151865      0.492443681    
  0.307418376      0.777015686      0.491892993    
  0.298358709      0.770861804      0.491323769    
  0.289335161      0.764684439      0.490733713    
  0.280352801      0.758487284      0.490125418    
  0.271408051      0.752271235      0.489494205    
  0.262502223      0.746034443      0.488838971    
  0.253631741      0.739777446      0.488156319    
  0.244799301      0.733502030      0.487447351    
  0.236004993      0.727208555      0.486708671    
  0.227247044      0.720895231      0.485938638    
  0.218528867      0.714563012      0.485136151    
  0.209847361      0.708213806      0.484297723    
  0.201205090      0.701846600      0.483423471    
  0.192600697      0.695458353      0.482509434    
  0.184032992      0.689051867      0.481554210    
  0.175504282      0.682626367      0.480556309    
  0.167015120      0.676181793      0.479512721    
  0.158566788      0.669718266      0.478423268    
  0.150158316      0.663233519      0.477284312    
  0.141791806      0.656727672      0.476093531    
  0.133464411      0.650200725      0.474848419    
  0.125179023      0.643651247      0.473547161    
  0.116939999      0.637078881      0.472188592    
  0.108743861      0.630482435      0.470768869    
  0.100592241      0.623860478      0.469285697    
   9.24882889E-02  0.617213428      0.467738271    
   8.44305009E-02  0.610539258      0.466122001    
   7.64227808E-02  0.603836656      0.464435697    
   6.84653968E-02  0.597102523      0.462676227    
   6.05609529E-02  0.590338409      0.460841566    
   5.27100712E-02  0.583540082      0.458929002    
   4.49153297E-02  0.576708436      0.456936121    
   3.71789597E-02  0.569839597      0.454859227    
   2.95031089E-02  0.562931776      0.452695817    
   2.18900722E-02  0.555984557      0.450445235    
   1.43423248E-02  0.548994303      0.448102146    
   6.86256867E-03  0.541959524      0.445664972    
  -5.44878189E-04  0.534876943      0.443130612    
  -7.87695963E-03  0.527744412      0.440496236    
  -1.51316831E-02  0.520559609      0.437758207    
  -2.23040134E-02  0.513319433      0.434914321    
  -2.93903463E-02  0.506021380      0.431961477    
  -3.63859423E-02  0.498662025      0.428895980    
  -4.32870463E-02  0.491238475      0.425715148    
  -5.00893779E-02  0.483747512      0.422414958    
  -5.67856878E-02  0.476185173      0.418992698    
  -6.33720756E-02  0.468548805      0.415445298    
  -6.98429570E-02  0.460834235      0.411768258    
  -7.61898458E-02  0.453038275      0.407958835    
  -8.24070051E-02  0.445156455      0.404012620    
  -8.84872228E-02  0.437184691      0.399926782    
  -9.44228098E-02  0.429119587      0.395696938    
 -0.100205787      0.420956701      0.391318917    
 -0.105827652      0.412692010      0.386788785    
 -0.111278512      0.404321671      0.382101983    
 -0.116548397      0.395839840      0.377253890    
 -0.121627703      0.387243569      0.372239858    
 -0.126503825      0.378528208      0.367055207    
 -0.131166488      0.369690001      0.361694902    
 -0.135601163      0.360723555      0.356153280    
 -0.139795959      0.351625502      0.350424230    
 -0.143735588      0.342391431      0.344502211    
 -0.147405401      0.333017826      0.338380933    
 -0.150788993      0.323500514      0.332053185    
 -0.153868899      0.313836306      0.325511873    
 -0.156627148      0.304022163      0.318749666    
 -0.159043953      0.294054896      0.311757535    
 -0.161099091      0.283932418      0.304527521    
 -0.162770420      0.273652822      0.297049671    
 -0.164034590      0.263214737      0.289313316    
 -0.164866775      0.252618134      0.281308621    
 -0.165240884      0.241863057      0.273022950    
 -0.165129021      0.230950609      0.264443278    
 -0.164501458      0.219883591      0.255556881    
 -0.163327128      0.208665818      0.246348009    
 -0.161572695      0.197302520      0.236800492    
 -0.159202591      0.185800478      0.226898119    
 -0.156179830      0.174168631      0.216621459    
 -0.152464792      0.162417769      0.205950215    
 -0.148015678      0.150561526      0.194863170    
 -0.142788544      0.138616353      0.183336586    
 -0.136736959      0.126601458      0.171345979    
 -0.129811600      0.114539899      0.158864394    
 -0.121961206      0.102458723      0.145863324    
 -0.113131642       9.03894827E-02  0.132312700    
 -0.103266366       7.83686787E-02  0.118180476    
  -9.23065469E-02   6.64384067E-02  0.103433058    
  -8.01907331E-02   5.46469986E-02   8.80353525E-02
  -6.68556169E-02   4.30499651E-02   7.19511136E-02
  -5.22359721E-02   3.17104198E-02   5.51430397E-02
  -3.62652354E-02   2.06999052E-02   3.75734195E-02
  -1.88758392E-02   1.00993533E-02   1.92046408E-02
   0.00000000       0.00000000       0.00000000    
