  0.785399973      0.392699987     -0.785399973    
  0.768726826      0.377004921     -0.751682937    
  0.752744257      0.361186385     -0.719684660    
  0.737418532      0.345296979     -0.689315200    
  0.722717524      0.329382747     -0.660488665    
  0.708611369      0.313485533     -0.633124352    
  0.695070624      0.297642082     -0.607145071    
  0.682067871      0.281885087     -0.582478285    
  0.669576943      0.266243517     -0.559055150    
  0.657572448      0.250741899     -0.536809981    
  0.646031082      0.235402703     -0.515680671    
  0.634930193      0.220245034     -0.495608509    
  0.624248326      0.205285668     -0.476538479    
  0.613965571      0.190539300     -0.458418459    
  0.604062438      0.176017493     -0.441197664    
  0.594520628      0.161730990     -0.424829870    
  0.585323215      0.147688389     -0.409270406    
  0.576453507      0.133896947     -0.394477159    
  0.567896366      0.120362602     -0.380410761    
  0.559636772      0.107089438     -0.367032945    
  0.551660717       9.40810964E-02 -0.354308546    
  0.543955266       8.13399702E-02 -0.342203885    
  0.536507845       6.88676462E-02 -0.330687076    
  0.529306650       5.66652566E-02 -0.319728285    
  0.522340119       4.47321720E-02 -0.309298486    
  0.515597641       3.30680944E-02 -0.299371034    
  0.509069026       2.16719471E-02 -0.289920419    
  0.502744555       1.05420882E-02 -0.280922651    
  0.496615320      -3.23433022E-04 -0.272355020    
  0.490672261      -1.09274788E-02 -0.264195502    
  0.484907120      -2.12725885E-02 -0.256424040    
  0.479312032      -3.13619338E-02 -0.249021351    
  0.473879427      -4.11989093E-02 -0.241968900    
  0.468602210      -5.07866144E-02 -0.235249698    
  0.463473409      -6.01294227E-02 -0.228847221    
  0.458486497      -6.92309737E-02 -0.222745895    
  0.453635395      -7.80955255E-02 -0.216931060    
  0.448913902      -8.67269114E-02 -0.211388797    
  0.444316626      -9.51294452E-02 -0.206106141    
  0.439837635     -0.103307717     -0.201070622    
  0.435472190     -0.111265987     -0.196270183    
  0.431214869     -0.119008578     -0.191693887    
  0.427061141     -0.126540005     -0.187331110    
  0.423006356     -0.133864522     -0.183171839    
  0.419046074     -0.140986726     -0.179206520    
  0.415176004     -0.147911116     -0.175426096    
  0.411392152     -0.154641926     -0.171822160    
  0.407690495     -0.161183685     -0.168386564    
  0.404067308     -0.167540744     -0.165111676    
  0.400518954     -0.173717409     -0.161990181    
  0.397041887     -0.179717705     -0.159015208    
  0.393632680     -0.185546175     -0.156180128    
  0.390287906     -0.191206753     -0.153478920    
  0.387004793     -0.196703538     -0.150905728    
  0.383779883     -0.202040657     -0.148454785    
  0.380610317     -0.207222164     -0.146120921    
  0.377493083     -0.212251782     -0.143899068    
  0.374425590     -0.217133552     -0.141784430    
  0.371404976     -0.221870989     -0.139772654    
  0.368428648     -0.226468071     -0.137859240    
  0.365493834     -0.230928093     -0.136040181    
  0.362598240     -0.235255063     -0.134311602    
  0.359739155     -0.239451826     -0.132669792    
  0.356914401     -0.243522614     -0.131111726    
  0.354121596     -0.247470275     -0.129633188    
  0.351358414     -0.251298130     -0.128231511    
  0.348622650     -0.255009443     -0.126903847    
  0.345911860     -0.258607417     -0.125646830    
  0.343223989     -0.262094915     -0.124458238    
  0.340557098     -0.265475065     -0.123335302    
  0.337908894     -0.268750817     -0.122275464    
  0.335277319     -0.271924883     -0.121276423    
  0.332660526     -0.275000274     -0.120335944    
  0.330056250     -0.277979404     -0.119451769    
  0.327462703     -0.280865252     -0.118622117    
  0.324877948     -0.283660233     -0.117844723    
  0.322299868     -0.286366999     -0.117117986    
  0.319726676     -0.288987935     -0.116439983    
  0.317156523     -0.291525543     -0.115809016    
  0.314587414     -0.293982089     -0.115223378    
  0.312017590     -0.296360016     -0.114681594    
  0.309445053     -0.298661500     -0.114181980    
  0.306868047     -0.300888658     -0.113723330    
  0.304284751     -0.303043783     -0.113304034    
  0.301693261     -0.305128872     -0.112922832    
  0.299091756     -0.307146072     -0.112578318    
  0.296478450     -0.309097379     -0.112269312    
  0.293851465     -0.310984671     -0.111994542    
  0.291209012     -0.312809974     -0.111752741    
  0.288549215     -0.314575076     -0.111542821    
  0.285870373     -0.316281974     -0.111363590    
  0.283170402     -0.317932308     -0.111213893    
  0.280447721     -0.319527835     -0.111092731    
  0.277700335     -0.321070433     -0.110998899    
  0.274926305     -0.322561741     -0.110931374    
  0.272123933     -0.324003249     -0.110889040    
  0.269291252     -0.325396776     -0.110870868    
  0.266426265     -0.326743990     -0.110875890    
  0.263527274     -0.328046292     -0.110902868    
  0.260592163     -0.329305261     -0.110950865    
  0.257619083     -0.330522627     -0.111018740    
  0.254606009     -0.331699610     -0.111105457    
  0.251551002     -0.332837909     -0.111209884    
  0.248452067     -0.333938897     -0.111330897    
  0.245307028     -0.335004121     -0.111467391    
  0.242114082     -0.336034954     -0.111618116    
  0.238870904     -0.337032825     -0.111781970    
  0.235575542     -0.337999195     -0.111957699    
  0.232225791     -0.338935405     -0.112143993    
  0.228819534     -0.339842916     -0.112339601    
  0.225354493     -0.340723038     -0.112543136    
  0.221828431     -0.341577232     -0.112753227    
  0.218239278     -0.342406929     -0.112968341    
  0.214584500     -0.343213320     -0.113187030    
  0.210861877     -0.343997955     -0.113407642    
  0.207069069     -0.344762206     -0.113628551    
  0.203203589     -0.345507532     -0.113848068    
  0.199263081     -0.346235156     -0.114064343    
  0.195244953     -0.346946597     -0.114275418    
  0.191146746     -0.347643256     -0.114479348    
  0.186965838     -0.348326564     -0.114673935    
  0.182699591     -0.348997861     -0.114857115    
  0.178345442     -0.349658638     -0.115026489    
  0.173900515     -0.350310415     -0.115179606    
  0.169362113     -0.350954741     -0.115313850    
  0.164727494     -0.351592898     -0.115426607    
  0.159993619     -0.352226526     -0.115514912    
  0.155157760     -0.352857143     -0.115575790    
  0.150216714     -0.353486329     -0.115606047    
  0.145167559     -0.354115605     -0.115602262    
  0.140007153     -0.354746699     -0.115560874    
  0.134732336     -0.355381101     -0.115478262    
  0.129339963     -0.356020331     -0.115350232    
  0.123826571     -0.356666327     -0.115172617    
  0.118188895     -0.357320666     -0.114941120    
  0.112423547     -0.357984960     -0.114651039    
  0.106526941     -0.358661234     -0.114297323    
  0.100495525     -0.359351039     -0.113874756    
   9.43256691E-02 -0.360056102     -0.113377772    
   8.80136266E-02 -0.360778391     -0.112800598    
   8.15557018E-02 -0.361519545     -0.112136975    
   7.49478489E-02 -0.362281591     -0.111380368    
   6.81862608E-02 -0.363066226     -0.110523857    
   6.12667799E-02 -0.363875479     -0.109560095    
   5.41852862E-02 -0.364711076     -0.108481362    
   4.69377115E-02 -0.365574867     -0.107279532    
   3.95194814E-02 -0.366468817     -0.105945885    
   3.19264308E-02 -0.367394716     -0.104471311    
   2.41539143E-02 -0.368354470     -0.102846093    
   1.61973350E-02 -0.369349778     -0.101060092    
   8.05210695E-03 -0.370382518      -9.91024524E-02
  -2.86720751E-04 -0.371454388      -9.69618261E-02
  -8.82390048E-03 -0.372567058      -9.46260765E-02
  -1.75646599E-02 -0.373722076      -9.20825228E-02
  -2.65140142E-02 -0.374921083      -8.93176645E-02
  -3.56771499E-02 -0.376165360      -8.63172933E-02
  -4.50596325E-02 -0.377456367      -8.30663815E-02
  -5.46667464E-02 -0.378795147      -7.95490667E-02
  -6.45043328E-02 -0.380182773      -7.57485405E-02
  -7.45780468E-02 -0.381619990      -7.16471374E-02
  -8.48937035E-02 -0.383107513      -6.72261640E-02
  -9.54575315E-02 -0.384645551      -6.24657758E-02
 -0.106275618     -0.386234373      -5.73452301E-02
 -0.117354333     -0.387873590      -5.18424995E-02
 -0.128699899     -0.389562637      -4.59344722E-02
 -0.140319422     -0.391300619      -3.95964496E-02
 -0.152219549     -0.393086076      -3.28026637E-02
 -0.164407194     -0.394917071      -2.55258493E-02
 -0.176889598     -0.396790981      -1.77372470E-02
 -0.189673811     -0.398704767      -9.40665603E-03
 -0.202767909     -0.400654554      -5.01851435E-04
 -0.216179386     -0.402635872       9.01070889E-03
 -0.229916140     -0.404643118       1.91665851E-02
 -0.243986383     -0.406669855       3.00031360E-02
 -0.258398145     -0.408708572       4.15595584E-02
 -0.273160607     -0.410750717       5.38777150E-02
 -0.288282305     -0.412786484       6.70010895E-02
 -0.303772181     -0.414804310       8.09755921E-02
 -0.319639653     -0.416791320       9.58495438E-02
 -0.335893810     -0.418732822      0.111673452    
 -0.352545023     -0.420612335      0.128501162    
 -0.369603038     -0.422411382      0.146388650    
 -0.387077928     -0.424109101      0.165394649    
 -0.404980332     -0.425681829      0.185581043    
 -0.423320353     -0.427103758      0.207012147    
 -0.442109704     -0.428345889      0.229756832    
 -0.461358905     -0.429375768      0.253885806    
 -0.481079400     -0.430157751      0.279473543    
 -0.501282454     -0.430652022      0.306598186    
 -0.521979213     -0.430814743      0.335340649    
 -0.543181717     -0.430597425      0.365787148    
 -0.564901292     -0.429946631      0.398025870    
 -0.587149203     -0.428803563      0.432149768    
 -0.609936714     -0.427103460      0.468255192    
 -0.633274317     -0.424775243      0.506441832    
 -0.657173395     -0.421741128      0.546815395    
 -0.681643486     -0.417915642      0.589483321    
 -0.706693590     -0.413205594      0.634558022    
 -0.732332230     -0.407508820      0.682155490    
 -0.758565545     -0.400713921      0.732394755    
 -0.785399973     -0.392699987      0.785399973    
