   10.4231596    
   1.20877600    
  0.412426680    
  0.163641289    
   8.47850591E-02
   6.79307953E-02
   5.29986657E-02
   3.90718989E-02
   2.82835662E-02
   2.01997310E-02
   1.44215003E-02
   1.02476086E-02
   7.48510845E-03
   5.32619096E-03
   3.83576378E-03
   3.01699387E-03
   2.17509503E-03
   1.65903545E-03
   1.07754814E-03
   8.39309476E-04
   7.64686556E-04
   7.64129858E-04
   7.63557735E-04
   7.62976240E-04
   7.62406620E-04
   7.61825591E-04
   7.61251955E-04
   7.60673021E-04
   7.60095776E-04
   7.59524293E-04
   7.58947863E-04
   7.58376671E-04
   7.57804373E-04
   7.57231785E-04
   7.56658032E-04
   7.56085676E-04
   7.55512679E-04
   7.54940964E-04
   7.54370820E-04
   7.53801956E-04
   7.53233384E-04
   7.52666267E-04
   7.52099906E-04
   7.51532381E-04
   7.50966021E-04
   7.50401989E-04
   7.49838480E-04
   7.49276485E-04
   7.48715072E-04
   7.48154707E-04
   7.47594982E-04
   7.47036247E-04
   7.46478385E-04
   7.45921338E-04
   7.45365163E-04
   7.44809804E-04
   7.44255260E-04
   7.43701530E-04
   7.43148616E-04
   7.42596283E-04
   7.42045057E-04
   7.41494470E-04
   7.40944815E-04
   7.40395684E-04
   7.39847717E-04
   7.39300332E-04
   7.38753937E-04
   7.38207716E-04
   7.37662951E-04
   7.37119059E-04
   7.36575923E-04
   7.36033428E-04
   7.35491863E-04
   7.34951172E-04
   7.34411180E-04
   7.33872061E-04
   7.33333291E-04
   7.32795510E-04
   7.32258661E-04
   7.31722510E-04
   7.31187291E-04
   7.30652828E-04
   7.30119180E-04
   7.29586289E-04
   7.29054038E-04
   7.28522660E-04
   7.27992156E-04
   7.27462408E-04
   7.26933358E-04
   7.26405182E-04
   7.25877471E-04
   7.25350750E-04
   7.24824844E-04
   7.24299462E-04
   7.23775011E-04
   7.23251316E-04
   7.22728379E-04
   7.22206081E-04
   7.21684657E-04
   7.21164106E-04
   7.20643962E-04
   7.20124808E-04
   7.19606236E-04
   7.19088595E-04
   7.18571711E-04
   7.18055526E-04
   7.17540097E-04
   7.17025367E-04
   7.16511393E-04
   7.15998234E-04
   7.15485541E-04
   7.14973779E-04
   7.14462774E-04
   7.13952526E-04
   7.13442918E-04
   7.12934125E-04
   7.12426030E-04
   7.11918634E-04
   7.11411878E-04
   7.10905937E-04
   7.10400753E-04
   7.09896209E-04
   7.09392480E-04
   7.08889391E-04
   7.08387059E-04
   7.07885425E-04
   7.07384315E-04
   7.06884137E-04
   7.06384657E-04
   7.05885817E-04
   7.05387676E-04
   7.04890292E-04
   7.04393547E-04
   7.03897327E-04
   7.03401864E-04
   7.02907273E-04
   7.02413323E-04
   7.01920129E-04
   7.01427576E-04
   7.00935780E-04
   7.00444565E-04
   6.99954166E-04
   6.99464465E-04
   6.98975346E-04
   6.98486750E-04
   6.97999028E-04
   6.97512063E-04
   6.97025680E-04
   6.96539821E-04
   6.96054834E-04
   6.95570547E-04
   6.95086899E-04
   6.94603892E-04
   6.94121583E-04
   6.93639973E-04
   6.93159003E-04
   6.92678732E-04
   6.92199101E-04
   6.91720168E-04
   6.91241818E-04
   6.90764165E-04
   6.90287154E-04
   6.89810840E-04
   6.89335167E-04
   6.88859960E-04
   6.88385626E-04
   6.87911932E-04
   6.87438878E-04
   6.86966465E-04
   6.86494750E-04
   6.86023675E-04
   6.85553183E-04
   6.85083331E-04
   6.84614177E-04
   6.84145663E-04
   6.83677732E-04
   6.83210324E-04
   6.82743732E-04
   6.82277780E-04
   6.81812409E-04
   6.81347679E-04
   6.80883590E-04
   6.80420198E-04
   6.79957157E-04
   6.79494929E-04
   6.79033285E-04
   6.78572338E-04
   6.78112090E-04
   6.77652366E-04
   6.77193340E-04
   6.76734897E-04
   6.76277035E-04
   6.75819814E-04
   6.75363233E-04
   6.74907234E-04
   6.74451876E-04
   6.73997158E-04
   6.73543022E-04
   6.73089467E-04
   6.72636612E-04
   6.72184280E-04
   6.71732647E-04
   6.71281596E-04
   6.70831127E-04
   6.70381240E-04
   6.69931993E-04
   6.69483328E-04
   6.69035304E-04
   6.68587803E-04
   6.68140885E-04
   6.67694665E-04
   6.67248969E-04
   6.66803913E-04
   6.66359439E-04
   6.65915548E-04
   6.65472297E-04
   6.65029569E-04
   6.64587424E-04
   6.64145919E-04
   6.63704996E-04
   6.63264655E-04
   6.62824721E-04
   6.62385486E-04
   6.61946891E-04
   6.61508820E-04
   6.61071390E-04
   6.60634541E-04
   6.60198275E-04
   6.59762532E-04
   6.59327430E-04
   6.58892852E-04
   6.58458855E-04
   6.58025499E-04
   6.57592609E-04
   6.57160301E-04
   6.56728575E-04
   6.56297430E-04
   6.55866868E-04
   6.55436830E-04
   6.55007316E-04
   6.54578442E-04
   6.54150092E-04
   6.53722323E-04
   6.53295079E-04
   6.52868417E-04
   6.52442104E-04
   6.52016548E-04
   6.51591574E-04
   6.51167124E-04
   6.50743255E-04
   6.50319911E-04
   6.49897149E-04
   6.49474910E-04
   6.49053196E-04
   6.48632064E-04
   6.48211455E-04
   6.47791428E-04
   6.47371926E-04
   6.46952947E-04
   6.46534550E-04
   6.46116736E-04
   6.45699329E-04
   6.45282504E-04
   6.44866202E-04
   6.44450483E-04
   6.44035288E-04
   6.43620675E-04
   6.43206586E-04
   6.42792962E-04
   6.42379862E-04
   6.41967345E-04
   6.41555409E-04
   6.41143881E-04
   6.40732935E-04
   6.40322571E-04
   6.39912731E-04
   6.39503123E-04
   6.39094331E-04
   6.38686004E-04
   6.38278201E-04
   6.37870922E-04
   6.37464167E-04
   6.37057936E-04
   6.36652170E-04
   6.36246987E-04
   6.35842327E-04
   6.35438191E-04
   6.35034579E-04
   6.34631433E-04
   6.34228752E-04
   6.33826654E-04
   6.33425079E-04
   6.33023970E-04
   6.32623385E-04
   6.32223324E-04
   6.31823728E-04
   6.31424657E-04
   6.31026051E-04
   6.30628027E-04
   6.30230410E-04
   6.29833376E-04
   6.29436807E-04
   6.29040704E-04
   6.28645124E-04
   6.28250069E-04
   6.27855479E-04
   6.27461472E-04
   6.27067813E-04
   6.26674970E-04
   6.26282475E-04
   6.25890330E-04
   6.25498767E-04
   6.25107612E-04
   6.24716980E-04
   6.24326873E-04
   6.23937172E-04
   6.23547996E-04
   6.23159169E-04
   6.22770982E-04
   6.22383202E-04
   6.21995947E-04
   6.21609157E-04
   6.21222891E-04
   6.20837032E-04
   6.20451698E-04
   6.20066887E-04
   6.19682542E-04
   6.19298604E-04
   6.18915190E-04
   6.18532242E-04
   6.18149759E-04
   6.17767742E-04
   6.17386249E-04
   6.17005222E-04
   6.16624660E-04
   6.16244564E-04
   6.15864934E-04
   6.15485711E-04
   6.15107012E-04
   6.14728779E-04
   6.14350894E-04
   6.13973534E-04
   6.13596698E-04
   6.13220269E-04
   6.12844364E-04
   6.12468924E-04
   6.12093892E-04
   6.11719384E-04
   6.11345225E-04
   6.10971591E-04
   6.10598421E-04
   6.10225776E-04
   6.09853480E-04
   6.09481707E-04
   6.09110342E-04
   6.08739443E-04
   6.08369068E-04
   6.07999042E-04
   6.07629481E-04
   6.07260386E-04
   6.06891699E-04
   6.06523477E-04
   6.06155721E-04
   6.05788373E-04
   6.05421548E-04
   6.05055131E-04
   6.04689179E-04
   6.04323577E-04
   6.03958499E-04
   6.03593828E-04
   6.03229564E-04
   6.02865766E-04
   6.02502492E-04
   6.02139567E-04
   6.01777108E-04
   6.01415115E-04
   6.01053471E-04
   6.00692292E-04
   6.00331579E-04
   5.99971332E-04
   5.99611434E-04
   5.99252002E-04
   5.98893035E-04
   5.98534418E-04
   5.98176266E-04
   5.97818580E-04
   5.97461301E-04
   5.97104430E-04
   5.96747966E-04
   5.96391968E-04
   5.96036378E-04
   8.91590607E-04
   8.90795956E-04
   8.90002877E-04
   8.89211078E-04
   7.51108630E-04
   3.03962524E-03
   3.02475877E-03
   2.32618605E-03
   1.77110767E-03
   1.76797353E-03
   2.72261817E-03
   9.91269248E-04
   6.88390282E-04
   6.87916530E-04
   6.87443477E-04
   5.90404379E-04
   6.72568509E-04
   5.89707808E-04
   5.89360192E-04
   5.89012925E-04
   5.88665949E-04
   5.88319555E-04
   5.87973569E-04
   5.87627932E-04
   5.87282702E-04
   5.86937880E-04
   5.86593465E-04
   5.86249458E-04
   5.85905742E-04
   5.85562550E-04
   5.85219765E-04
   5.84877387E-04
   5.84535359E-04
   5.84193796E-04
   5.83852699E-04
   5.83511894E-04
   5.83171553E-04
   5.82831562E-04
   5.82491979E-04
   5.82152803E-04
   5.81813976E-04
   5.81475615E-04
   5.81137545E-04
   5.80799882E-04
   5.80462685E-04
   5.80125838E-04
   5.79789397E-04
   5.79453306E-04
   5.79117681E-04
   5.78782405E-04
   5.78447536E-04
   5.78113017E-04
   5.77778963E-04
   5.77445200E-04
   5.77111903E-04
   5.76778897E-04
   5.76446299E-04
   5.76114166E-04
   5.75782324E-04
   5.75450948E-04
   5.75119862E-04
   5.74789185E-04
   5.74458856E-04
   5.74128877E-04
   5.73799305E-04
   5.73470199E-04
   5.73141442E-04
   5.72813035E-04
   5.72485034E-04
   5.72157383E-04
   5.71830140E-04
   5.71503071E-04
   5.71176526E-04
   5.70850389E-04
   5.70524775E-04
   5.70199394E-04
   5.69874363E-04
   5.69549680E-04
   5.69225405E-04
   5.68901480E-04
   5.68577903E-04
   5.68254734E-04
   5.67931915E-04
   5.67609444E-04
   5.67287381E-04
   5.66965609E-04
   5.66644303E-04
   5.66323288E-04
   5.66002622E-04
   5.65682363E-04
   5.65362454E-04
   5.65042894E-04
   5.64723741E-04
   5.64404880E-04
   5.64086484E-04
   5.63768379E-04
   5.63450623E-04
   5.63133217E-04
   5.62816160E-04
   5.62499510E-04
   5.62183151E-04
   5.61867200E-04
   5.61551598E-04
   5.61236346E-04
   5.60921500E-04
   5.60606946E-04
   5.60292741E-04
   5.59978886E-04
   5.59665437E-04
   5.59352280E-04
   5.59039472E-04
   5.58727013E-04
   5.58414962E-04
   5.58103202E-04
   5.57791849E-04
   5.57480787E-04
   5.57170133E-04
   5.56859770E-04
   5.56549756E-04
   5.56240091E-04
   5.55930834E-04
   5.55621868E-04
   5.55313192E-04
   5.55004866E-04
   5.54696948E-04
   5.54389320E-04
   5.54082042E-04
   5.53775113E-04
   5.53468417E-04
   5.53162186E-04
   5.52856247E-04
   5.52550715E-04
   5.52245474E-04
   5.51940582E-04
   5.51636040E-04
   5.51331847E-04
   5.51027944E-04
   5.50724391E-04
   5.50421188E-04
   5.50118333E-04
   5.49815770E-04
   5.49513556E-04
   5.49211691E-04
   5.48910117E-04
   5.48608892E-04
   5.48307959E-04
   5.48007374E-04
   5.47707139E-04
   5.47407253E-04
   5.47107717E-04
   5.46808471E-04
   5.46509575E-04
   5.46210969E-04
   5.45912713E-04
   5.45614748E-04
   5.45317191E-04
   5.45019866E-04
   5.44723123E-04
   5.44426439E-04
   5.44130162E-04
   5.43834118E-04
   5.43538481E-04
   5.43243077E-04
   5.42948022E-04
   5.42653317E-04
   5.42358903E-04
   5.42064838E-04
   5.41771064E-04
   5.41477639E-04
   5.41184505E-04
   5.40891720E-04
   5.40599227E-04
   5.40307083E-04
   5.40015229E-04
   5.39723726E-04
   5.39432454E-04
   5.39141532E-04
   5.38850960E-04
   5.38560678E-04
   5.38270688E-04
   5.37981046E-04
   5.37691754E-04
   5.37402695E-04
   5.37113985E-04
   5.36825508E-04
   5.36537438E-04
   5.36249659E-04
   5.35962172E-04
   5.35674975E-04
   5.35388070E-04
   5.35101513E-04
   5.34815248E-04
   5.34529332E-04
   5.34243707E-04
   5.33958315E-04
   5.33673272E-04
   5.33388578E-04
   5.33104117E-04
   5.32820006E-04
   5.32536127E-04
   5.32252656E-04
   5.31969476E-04
   5.31686528E-04
   5.31403930E-04
   5.31121623E-04
   5.30839607E-04
   5.30557940E-04
   5.30276506E-04
   5.29995421E-04
   5.29714627E-04
   5.29434066E-04
   5.29153855E-04
   5.28873934E-04
   5.28594304E-04
   5.28315024E-04
   5.28035976E-04
   5.27757220E-04
   5.27478755E-04
   5.27200580E-04
   5.26922697E-04
   5.26645104E-04
   5.26367861E-04
   5.26090851E-04
   5.25814132E-04
   5.25537762E-04
   5.25261625E-04
   5.24985779E-04
   5.24710107E-04
   5.24434843E-04
   5.24159928E-04
   5.23885246E-04
   5.23610855E-04
   5.23336756E-04
   5.23062947E-04
   5.22789429E-04
   5.22516202E-04
   5.22243266E-04
   5.21970564E-04
   5.21698210E-04
   5.21426089E-04
   5.21154259E-04
   5.20882721E-04
   5.20611473E-04
   5.20340516E-04
   5.20069792E-04
   5.19799418E-04
   5.19529276E-04
   5.19259425E-04
   5.18989866E-04
   5.18720597E-04
   5.18451619E-04
   5.18182875E-04
   5.17914421E-04
   5.17646258E-04
   5.17378387E-04
   5.17110806E-04
   5.16843458E-04
   5.16576401E-04
   5.16309636E-04
   5.16043161E-04
   5.15776919E-04
   5.15510968E-04
   5.15245250E-04
   5.14979882E-04
   5.14714688E-04
   5.14449843E-04
   5.14185231E-04
   5.13920968E-04
   5.13656880E-04
   5.13393083E-04
   5.13129577E-04
   5.12866362E-04
   5.12603379E-04
   5.12340688E-04
   5.12078404E-04
   5.11816295E-04
   5.11554361E-04
   5.11292776E-04
   5.11031423E-04
   5.10770362E-04
   5.10509533E-04
   5.10248938E-04
   5.09988517E-04
   5.09728503E-04
   5.09468722E-04
   5.09209232E-04
   5.08950034E-04
   7.67439487E-04
   7.72323983E-04
   5.08173951E-04
   5.07915742E-04
   5.07657824E-04
   5.07400197E-04
   5.07142802E-04
   5.06885699E-04
   5.06628829E-04
   5.06372191E-04
   5.06115844E-04
   5.05859789E-04
   5.05603908E-04
   5.05348376E-04
   5.05093078E-04
   5.04838012E-04
   5.04583179E-04
   5.04328695E-04
   5.04074385E-04
   5.03820367E-04
   5.03566582E-04
   5.03313029E-04
   5.03059826E-04
   5.02806797E-04
   5.02554059E-04
   5.02301555E-04
   5.02049283E-04
   5.01797302E-04
   5.01545554E-04
   5.01294096E-04
   5.01042872E-04
   5.00791881E-04
   5.00541122E-04
   5.00290655E-04
   5.00040478E-04
   4.99790476E-04
