 -0.137950689      0.392848015      0.587938607      0.693518817    
 -0.137802094      0.400528133      0.576736033      0.698543668    
 -0.137490198      0.407928735      0.565810680      0.703240991    
 -0.137018532      0.415054739      0.555159867      0.707638204    
 -0.136391491      0.421913236      0.544777811      0.711760521    
 -0.135613278      0.428509057      0.534656584      0.715632975    
 -0.134688646      0.434849083      0.524791002      0.719276071    
 -0.133622035      0.440938979      0.515176296      0.722710967    
 -0.132418618      0.446783900      0.505801499      0.725955665    
 -0.131083667      0.452389717      0.496662796      0.729029596    
 -0.129620746      0.457762241      0.487753868      0.731946409    
 -0.128036052      0.462906480      0.479068458      0.734722435    
 -0.126333952      0.467828065      0.470595181      0.737370551    
 -0.124518916      0.472532690      0.462330043      0.739904106    
 -0.122596830      0.477024764      0.454267502      0.742334366    
 -0.120571114      0.481309623      0.446395308      0.744670987    
 -0.118447132      0.485392421      0.438714802      0.746924877    
 -0.116229147      0.489277363      0.431210995      0.749103427    
 -0.113921642      0.492969930      0.423883408      0.751216531    
 -0.111529507      0.496474206      0.416722417      0.753270924    
 -0.109055705      0.499795198      0.409723252      0.755273640    
 -0.106505319      0.502937078      0.402879894      0.757231474    
 -0.103881851      0.505904317      0.396185517      0.759148598    
 -0.101188824      0.508701086      0.389636040      0.761030674    
  -9.84308198E-02  0.511331737      0.383224547      0.762882352    
  -9.56111401E-02  0.513799369      0.376947135      0.764709115    
  -9.27323774E-02  0.516109407      0.370797247      0.766512632    
  -8.97985175E-02  0.518264294      0.364769846      0.768297076    
  -8.68131146E-02  0.520267725      0.358861536      0.770067394    
  -8.37787688E-02  0.522124112      0.353066653      0.771824360    
  -8.06985125E-02  0.523836315      0.347380519      0.773569822    
  -7.75754526E-02  0.525407791      0.341798753      0.775308251    
  -7.44128227E-02  0.526842594      0.336317539      0.777039945    
  -7.12118447E-02  0.528143346      0.330932468      0.778766811    
  -6.79759085E-02  0.529312968      0.325638205      0.780490816    
  -6.47081584E-02  0.530355990      0.320433140      0.782214224    
  -6.14090338E-02  0.531273901      0.315313697      0.783936203    
  -5.80839999E-02  0.532069743      0.310275197      0.785657644    
  -5.47320284E-02  0.532746911      0.305314720      0.787380993    
  -5.13571203E-02  0.533307970      0.300429374      0.789105833    
  -4.79605682E-02  0.533755481      0.295614928      0.790833175    
  -4.45447229E-02  0.534092367      0.290869266      0.792562485    
  -4.11112756E-02  0.534321606      0.286190033      0.794295192    
  -3.76619399E-02  0.534444332      0.281573296      0.796032846    
  -3.41986008E-02  0.534463763      0.277017415      0.797771394    
  -3.07231452E-02  0.534382224      0.272519410      0.799515307    
  -2.72365976E-02  0.534202456      0.268077016      0.801261485    
  -2.37410534E-02  0.533925593      0.263687760      0.803011954    
  -2.02378985E-02  0.533554971      0.259349674      0.804764926    
  -1.67281535E-02  0.533092797      0.255060345      0.806521297    
  -1.32135609E-02  0.532539964      0.250817478      0.808280349    
  -9.69612040E-03  0.531899214      0.246619374      0.810042441    
  -6.17517997E-03  0.531172395      0.242464736      0.811805904    
  -2.65422836E-03  0.530361295      0.238350108      0.813571453    
   8.66608927E-04  0.529468715      0.234275907      0.815338492    
   4.38608276E-03  0.528496087      0.230239213      0.817106903    
   7.90330861E-03  0.527443945      0.226239175      0.818875432    
   1.14170099E-02  0.526315331      0.222272784      0.820644259    
   1.49257332E-02  0.525111556      0.218340456      0.822413027    
   1.84288640E-02  0.523833930      0.214439198      0.824181795    
   2.19253972E-02  0.522484601      0.210570231      0.825948119    
   2.54144426E-02  0.521064758      0.206729203      0.827713192    
   2.88944449E-02  0.519576669      0.202917710      0.829475701    
   3.23651507E-02  0.518020868      0.199131355      0.831236243    
   3.58255021E-02  0.516399205      0.195372611      0.832993329    
   3.92746888E-02  0.514713466      0.191637993      0.834746718    
   4.27117608E-02  0.512964964      0.187928319      0.836496115    
   4.61355746E-02  0.511155188      0.184240788      0.838240862    
   4.95456457E-02  0.509284496      0.180576310      0.839980364    
   5.29413372E-02  0.507355034      0.176932633      0.841714263    
   5.63215837E-02  0.505368590      0.173309237      0.843442142    
   5.96860014E-02  0.503325522      0.169706061      0.845163465    
   6.30329475E-02  0.501226962      0.166122273      0.846877992    
   6.63626045E-02  0.499074668      0.162557468      0.848584950    
   6.96738511E-02  0.496870160      0.159009010      0.850283861    
   7.29660988E-02  0.494614065      0.155478224      0.851974607    
   7.62387365E-02  0.492306888      0.151964039      0.853656530    
   7.94909075E-02  0.489950240      0.148466200      0.855329216    
   8.27215761E-02  0.487546027      0.144983977      0.856992602    
   8.59304965E-02  0.485094011      0.141516581      0.858645916    
   8.91169980E-02  0.482596695      0.138064533      0.860289216    
   9.22804549E-02  0.480053693      0.134625450      0.861922264    
   9.54196528E-02  0.477466315      0.131200850      0.863543928    
   9.85343456E-02  0.474835873      0.127789423      0.865154326    
  0.101623826      0.472163528      0.124391831      0.866753399    
  0.104687504      0.469450295      0.121006586      0.868340790    
  0.107724309      0.466695160      0.117633678      0.869915903    
  0.110734127      0.463901699      0.114273421      0.871478736    
  0.113715529      0.461069614      0.110924676      0.873028755    
  0.116668709      0.458199859      0.107587971      0.874566376    
  0.119592667      0.455293506      0.104262523      0.876090527    
  0.122486688      0.452351421      0.100949660      0.877601624    
  0.125349864      0.449373633       9.76481661E-02  0.879099548    
  0.128181741      0.446361303       9.43562612E-02  0.880583763    
  0.130981684      0.443315983       9.10753086E-02  0.882054031    
  0.133748978      0.440237582       8.78061652E-02  0.883510947    
  0.136482820      0.437128156       8.45470428E-02  0.884953439    
  0.139182359      0.433986634       8.12992007E-02  0.886382222    
  0.141847238      0.430815160       7.80634508E-02  0.887796462    
  0.144476518      0.427614421       7.48356879E-02  0.889197409    
  0.147069693      0.424383730       7.16196746E-02  0.890583456    
  0.149625897      0.421124786       6.84145540E-02  0.891955614    
  0.152144432      0.417838067       6.52200356E-02  0.893313468    
  0.154624864      0.414525002       6.20379075E-02  0.894657016    
  0.157065377      0.411185652       5.88654056E-02  0.895986557    
  0.159466118      0.407820016       5.57044633E-02  0.897301376    
  0.161826342      0.404429466       5.25548831E-02  0.898602188    
  0.164144889      0.401015490       4.94144410E-02  0.899888992    
  0.166421026      0.397576094       4.62878458E-02  0.901162386    
  0.168653756      0.394114792       4.31709178E-02  0.902421832    
  0.170842469      0.390629858       4.00651507E-02  0.903667390    
  0.172986791      0.387123525       3.69719081E-02  0.904899120    
  0.175085112      0.383595794       3.38905677E-02  0.906118274    
  0.177136868      0.380047143       3.08218654E-02  0.907323301    
  0.179141000      0.376477450       2.77649332E-02  0.908515513    
  0.181097209      0.372888178       2.47205459E-02  0.909694672    
  0.183003739      0.369279444       2.16894783E-02  0.910862327    
  0.184860408      0.365651220       1.86712202E-02  0.912017405    
  0.186665952      0.362004846       1.56672671E-02  0.913159668    
  0.188418865      0.358340740       1.26768583E-02  0.914290786    
  0.190118879      0.354659081       9.70116444E-03  0.915411055    
  0.191764802      0.350959808       6.74020639E-03  0.916518688    
  0.193355635      0.347243488       3.79364775E-03  0.917616487    
  0.194890410      0.343510866       8.62644229E-04  0.918703496    
  0.196367592      0.339762568      -2.05219397E-03  0.919779837    
  0.197786689      0.335998714      -4.95015550E-03  0.920847297    
  0.199146435      0.332219124      -7.83112086E-03  0.921905220    
  0.200445339      0.328424543      -1.06939198E-02  0.922953844    
  0.201682582      0.324615121      -1.35395546E-02  0.923993945    
  0.202856958      0.320791066      -1.63664706E-02  0.925025821    
  0.203967109      0.316952914      -1.91725045E-02  0.926050425    
  0.205011904      0.313100576      -2.19588168E-02  0.927067697    
  0.205990046      0.309234023      -2.47243699E-02  0.928078413    
  0.206900492      0.305354238      -2.74678003E-02  0.929082870    
  0.207741514      0.301460713      -3.01891677E-02  0.930081904    
  0.208511949      0.297553807      -3.28866094E-02  0.931075811    
  0.209210515      0.293632954      -3.55596282E-02  0.932064712    
  0.209835589      0.289699286      -3.82069834E-02  0.933049917    
  0.210386038      0.285751760      -4.08279896E-02  0.934031725    
  0.210860237      0.281791419      -4.34214659E-02  0.935010672    
  0.211256355      0.277817577      -4.59859185E-02  0.935987234    
  0.211573049      0.273830175      -4.85202409E-02  0.936961532    
  0.211809278      0.269829482      -5.10233529E-02  0.937935710    
  0.211962610      0.265814930      -5.34936376E-02  0.938909411    
  0.212031871      0.261786699      -5.59298880E-02  0.939883292    
  0.212015182      0.257744312      -5.83298430E-02  0.940857887    
  0.211910769      0.253687650      -6.06919378E-02  0.941834152    
  0.211716846      0.249616504      -6.30151406E-02  0.942812204    
  0.211431697      0.245530441      -6.52969778E-02  0.943793118    
  0.211053386      0.241429090      -6.75355941E-02  0.944778085    
  0.210579753      0.237312093      -6.97286576E-02  0.945767283    
  0.210009232      0.233179063      -7.18744844E-02  0.946760952    
  0.209339380      0.229029387      -7.39708245E-02  0.947760344    
  0.208568364      0.224862576      -7.60143548E-02  0.948765457    
  0.207694083      0.220678076      -7.80031383E-02  0.949778020    
  0.206714094      0.216475189      -7.99345225E-02  0.950797915    
  0.205626205      0.212253571      -8.18045661E-02  0.951826155    
  0.204427972      0.208012283      -8.36105421E-02  0.952863038    
  0.203117371      0.203750402      -8.53491202E-02  0.953909397    
  0.201691717      0.199467510      -8.70167688E-02  0.954965711    
  0.200148389      0.195162535      -8.86097029E-02  0.956032991    
  0.198484957      0.190834716      -9.01240855E-02  0.957111597    
  0.196698546      0.186483383      -9.15553421E-02  0.958202302    
  0.194786578      0.182107151      -9.28990245E-02  0.959304094    
  0.192746043      0.177705348      -9.41506252E-02  0.960419118    
  0.190574184      0.173277095      -9.53045264E-02  0.961546898    
  0.188267872      0.168821320      -9.63559449E-02  0.962689221    
  0.185824171      0.164336979      -9.72985178E-02  0.963844180    
  0.183239624      0.159823194      -9.81267840E-02  0.965012908    
  0.180510908      0.155278683      -9.88337249E-02  0.966196775    
  0.177634940      0.150702804      -9.94130224E-02  0.967394352    
  0.174608022      0.146094382      -9.98573005E-02  0.968605518    
  0.171426401      0.141452551     -0.100158654      0.969831049    
  0.168086648      0.136776477     -0.100309230      0.971070051    
  0.164584413      0.132065132     -0.100300081      0.972322404    
  0.160916254      0.127317905     -0.100122482      0.973586917    
  0.157077685      0.122534059      -9.97664854E-02  0.974863529    
  0.153064311      0.117713004      -9.92218778E-02  0.976150572    
  0.148872137      0.112854511      -9.84778032E-02  0.977447271    
  0.144496277      0.107958160      -9.75228399E-02  0.978751898    
  0.139931828      0.103023820      -9.63447616E-02  0.980062664    
  0.135174334       9.80517492E-02  -9.49307382E-02  0.981377721    
  0.130218387       9.30424929E-02  -9.32673290E-02  0.982694030    
  0.125058532       8.79967213E-02  -9.13401097E-02  0.984009266    
  0.119689912       8.29154626E-02  -8.91338810E-02  0.985319436    
  0.114106372       7.78001919E-02  -8.66327062E-02  0.986621737    
  0.108302124       7.26528093E-02  -8.38198140E-02  0.987910211    
  0.102271125       6.74757287E-02  -8.06773826E-02  0.989180803    
   9.60068628E-02   6.22720495E-02  -7.71868378E-02  0.990427732    
   8.95030051E-02   5.70452996E-02  -7.33286068E-02  0.991644144    
   8.27526152E-02   5.17998934E-02  -6.90819845E-02  0.992822349    
   7.57485628E-02   4.65410016E-02  -6.44254237E-02  0.993954539    
   6.84836283E-02   4.12747785E-02  -5.93363270E-02  0.995030463    
   6.09501414E-02   3.60082723E-02  -5.37910052E-02  0.996039748    
   5.31402417E-02   3.07497047E-02  -4.77648564E-02  0.996969998    
   4.50457372E-02   2.55084950E-02  -4.12320532E-02  0.997807741    
   3.66582498E-02   2.02955529E-02  -3.41659300E-02  0.998537540    
   2.79690456E-02   1.51232639E-02  -2.65387390E-02  0.999141991    
   1.89691335E-02   1.00056445E-02  -1.83218457E-02  0.999602199    
   9.64927860E-03   4.95857559E-03  -9.48571041E-03  0.999896169    
   0.00000000       0.00000000       0.00000000       1.00000000    
