   0.00000000       0.00000000       0.00000000    
   0.00000000       0.00000000       1.49994558E-02
   0.00000000       0.00000000       2.99987420E-02
   0.00000000       0.00000000       4.49978709E-02
   0.00000000       0.00000000       5.99967130E-02
   0.00000000       0.00000000       7.49953240E-02
   0.00000000       0.00000000       8.99935886E-02
   0.00000000       0.00000000      0.104991212    
   0.00000000       0.00000000      0.119987629    
   0.00000000       0.00000000      0.134982646    
   0.00000000       0.00000000      0.149974495    
   0.00000000       0.00000000      0.164949939    
   0.00000000       0.00000000      0.179875642    
   0.00000000       0.00000000      0.194696292    
   0.00000000       0.00000000      0.209355906    
   0.00000000       0.00000000      0.223818079    
   0.00000000       0.00000000      0.238063812    
   0.00000000       0.00000000      0.252083123    
   0.00000000       0.00000000      0.265910506    
   0.00000000       0.00000000      0.279544532    
   0.00000000       0.00000000      0.292907268    
   0.00000000       0.00000000      0.306077123    
   0.00000000       0.00000000      0.318939894    
   0.00000000       0.00000000      0.331612557    
   0.00000000       0.00000000      0.344021142    
   0.00000000       0.00000000      0.356242895    
   0.00000000       0.00000000      0.368205816    
   0.00000000       0.00000000      0.379985809    
   0.00000000       0.00000000      0.391512394    
   0.00000000       0.00000000      0.402859658    
   0.00000000       0.00000000      0.413959026    
   0.00000000       0.00000000      0.424882889    
   0.00000000       0.00000000      0.435564458    
   0.00000000       0.00000000      0.446074426    
   0.00000000       0.00000000      0.456381083    
   0.00000000       0.00000000      0.466486007    
   0.00000000       0.00000000      0.476424724    
   0.00000000       0.00000000      0.486166149    
   0.00000000       0.00000000      0.495647550    
   0.00000000       0.00000000      0.504968226    
   0.00000000       0.00000000      0.514129877    
   0.00000000       0.00000000      0.523102462    
   0.00000000       0.00000000      0.531825960    
   0.00000000       0.00000000      0.540364504    
   0.00000000       0.00000000      0.548720419    
   0.00000000       0.00000000      0.556925595    
   0.00000000       0.00000000      0.564921737    
   0.00000000       0.00000000      0.572740436    
   0.00000000       0.00000000      0.580383897    
   0.00000000       0.00000000      0.587881982    
   0.00000000       0.00000000      0.595236480    
   0.00000000       0.00000000      0.602363229    
   0.00000000       0.00000000      0.609320939    
   0.00000000       0.00000000      0.616138935    
   0.00000000       0.00000000      0.622818530    
   0.00000000       0.00000000      0.629278421    
   0.00000000       0.00000000      0.635575414    
   0.00000000       0.00000000      0.641737580    
   0.00000000       0.00000000      0.647765994    
   0.00000000       0.00000000      0.653582394    
   0.00000000       0.00000000      0.659241199    
   0.00000000       0.00000000      0.664743483    
   0.00000000       0.00000000      0.670116544    
   0.00000000       0.00000000      0.675310016    
   0.00000000       0.00000000      0.680350900    
   0.00000000       0.00000000      0.685240149    
   0.00000000       0.00000000      0.690003753    
   0.00000000       0.00000000      0.694617867    
   0.00000000       0.00000000      0.699058771    
   0.00000000       0.00000000      0.703352153    
   0.00000000       0.00000000      0.707523406    
   0.00000000       0.00000000      0.711573184    
   0.00000000       0.00000000      0.715478003    
   0.00000000       0.00000000      0.719238997    
   0.00000000       0.00000000      0.722809076    
   0.00000000       0.00000000      0.726237118    
   0.00000000       0.00000000      0.729523778    
   0.00000000       0.00000000      0.732669711    
   0.00000000       0.00000000      0.735698879    
   0.00000000       0.00000000      0.738612175    
   0.00000000       0.00000000      0.741386473    
   0.00000000       0.00000000      0.744022667    
   0.00000000       0.00000000      0.746521235    
   0.00000000       0.00000000      0.748837173    
   0.00000000       0.00000000      0.751016796    
   0.00000000       0.00000000      0.753060520    
   0.00000000       0.00000000      0.754968882    
   0.00000000       0.00000000      0.756742239    
   0.00000000       0.00000000      0.758381069    
   0.00000000       0.00000000      0.759907842    
   0.00000000       0.00000000      0.761323094    
   0.00000000       0.00000000      0.762560308    
   0.00000000       0.00000000      0.763664246    
   0.00000000       0.00000000      0.764635086    
   0.00000000       0.00000000      0.765473068    
   0.00000000       0.00000000      0.766178489    
   0.00000000       0.00000000      0.766751409    
   0.00000000       0.00000000      0.767192066    
   0.00000000       0.00000000      0.767522454    
   0.00000000       0.00000000      0.767742753    
   0.00000000       0.00000000      0.767786860    
   0.00000000       0.00000000      0.767698765    
   0.00000000       0.00000000      0.767478526    
   0.00000000       0.00000000      0.767126083    
   0.00000000       0.00000000      0.766641378    
   0.00000000       0.00000000      0.766024292    
   0.00000000       0.00000000      0.765296757    
   0.00000000       0.00000000      0.764458656    
   0.00000000       0.00000000      0.763443530    
   0.00000000       0.00000000      0.762295127    
   0.00000000       0.00000000      0.761013508    
   0.00000000       0.00000000      0.759598255    
   0.00000000       0.00000000      0.758048952    
   0.00000000       0.00000000      0.756365299    
   0.00000000       0.00000000      0.754569590    
   0.00000000       0.00000000      0.752661228    
   0.00000000       0.00000000      0.750617504    
   0.00000000       0.00000000      0.748392463    
   0.00000000       0.00000000      0.746030927    
   0.00000000       0.00000000      0.743532479    
   0.00000000       0.00000000      0.740896285    
   0.00000000       0.00000000      0.738121986    
   0.00000000       0.00000000      0.735208869    
   0.00000000       0.00000000      0.732179642    
   0.00000000       0.00000000      0.729033649    
   0.00000000       0.00000000      0.725700021    
   0.00000000       0.00000000      0.722224832    
   0.00000000       0.00000000      0.718607187    
   0.00000000       0.00000000      0.714846253    
   0.00000000       0.00000000      0.710941374    
   0.00000000       0.00000000      0.706891596    
   0.00000000       0.00000000      0.702720404    
   0.00000000       0.00000000      0.698427022    
   0.00000000       0.00000000      0.693986177    
   0.00000000       0.00000000      0.689347267    
   0.00000000       0.00000000      0.684558570    
   0.00000000       0.00000000      0.679644048    
   0.00000000       0.00000000      0.674552500    
   0.00000000       0.00000000      0.669307888    
   0.00000000       0.00000000      0.663908958    
   0.00000000       0.00000000      0.658354700    
   0.00000000       0.00000000      0.652669609    
   0.00000000       0.00000000      0.646800458    
   0.00000000       0.00000000      0.640798509    
   0.00000000       0.00000000      0.634609461    
   0.00000000       0.00000000      0.628285289    
   0.00000000       0.00000000      0.621770680    
   0.00000000       0.00000000      0.615091205    
   0.00000000       0.00000000      0.608245194    
   0.00000000       0.00000000      0.601231396    
   0.00000000       0.00000000      0.594076157    
   0.00000000       0.00000000      0.586721778    
   0.00000000       0.00000000      0.579223394    
   0.00000000       0.00000000      0.571521819    
   0.00000000       0.00000000      0.563673377    
   0.00000000       0.00000000      0.555617690    
   0.00000000       0.00000000      0.547382355    
   0.00000000       0.00000000      0.538995802    
   0.00000000       0.00000000      0.530395806    
   0.00000000       0.00000000      0.521641254    
   0.00000000       0.00000000      0.512668788    
   0.00000000       0.00000000      0.503538609    
   0.00000000       0.00000000      0.494185805    
   0.00000000       0.00000000      0.484671801    
   0.00000000       0.00000000      0.474930346    
   0.00000000       0.00000000      0.464991540    
   0.00000000       0.00000000      0.454886317    
   0.00000000       0.00000000      0.444546133    
   0.00000000       0.00000000      0.434035808    
   0.00000000       0.00000000      0.423285365    
   0.00000000       0.00000000      0.412360877    
   0.00000000       0.00000000      0.401190907    
   0.00000000       0.00000000      0.389807880    
   0.00000000       0.00000000      0.378209203    
   0.00000000       0.00000000      0.366392761    
   0.00000000       0.00000000      0.354355961    
   0.00000000       0.00000000      0.342096984    
   0.00000000       0.00000000      0.329613090    
   0.00000000       0.00000000      0.316902578    
   0.00000000       0.00000000      0.304001242    
   0.00000000       0.00000000      0.290831357    
   0.00000000       0.00000000      0.277429879    
   0.00000000       0.00000000      0.263795763    
   0.00000000       0.00000000      0.249930009    
   0.00000000       0.00000000      0.235834584    
   0.00000000       0.00000000      0.221515656    
   0.00000000       0.00000000      0.206985235    
   0.00000000       0.00000000      0.192267627    
   0.00000000       0.00000000      0.177431002    
   0.00000000       0.00000000      0.162482947    
   0.00000000       0.00000000      0.147501111    
   0.00000000       0.00000000      0.132509217    
   0.00000000       0.00000000      0.117513895    
   0.00000000       0.00000000      0.102516942    
   0.00000000       0.00000000       8.75190943E-02
   0.00000000       0.00000000       7.25206882E-02
   0.00000000       0.00000000       5.75219318E-02
   0.00000000       0.00000000       4.25229631E-02
   0.00000000       0.00000000       2.75237560E-02
   0.00000000       0.00000000       1.25244195E-02
   0.00000000       3.33321909E-03   2.48970464E-05
