   0.00000000       0.00000000       0.00000000    
   1.12496142E-04   0.00000000       0.00000000    
   4.49982792E-04   0.00000000       0.00000000    
   1.01245788E-03   0.00000000       0.00000000    
   1.79991755E-03   0.00000000       0.00000000    
   2.81235785E-03   0.00000000       0.00000000    
   4.04977566E-03   0.00000000       0.00000000    
   5.51216304E-03   0.00000000       0.00000000    
   7.19950674E-03   0.00000000       0.00000000    
   9.11178347E-03   0.00000000       0.00000000    
   1.12489667E-02   0.00000000       0.00000000    
   1.36109618E-02   0.00000000       0.00000000    
   1.61972716E-02   0.00000000       0.00000000    
   1.90067552E-02   0.00000000       0.00000000    
   2.20373869E-02   0.00000000       0.00000000    
   2.52864622E-02   0.00000000       0.00000000    
   2.87508611E-02   0.00000000       0.00000000    
   3.24272513E-02   0.00000000       0.00000000    
   3.63122039E-02   0.00000000       0.00000000    
   4.04034071E-02   0.00000000       0.00000000    
   4.46967967E-02   0.00000000       0.00000000    
   4.91894707E-02   0.00000000       0.00000000    
   5.38773835E-02   0.00000000       0.00000000    
   5.87565303E-02   0.00000000       0.00000000    
   6.38240576E-02   0.00000000       0.00000000    
   6.90760389E-02   0.00000000       0.00000000    
   7.45096803E-02   0.00000000       0.00000000    
   8.01211223E-02   0.00000000       0.00000000    
   8.59076232E-02   0.00000000       0.00000000    
   9.18654129E-02   0.00000000       0.00000000    
   9.79918167E-02   0.00000000       0.00000000    
  0.104283132       0.00000000       0.00000000    
  0.110736743       0.00000000       0.00000000    
  0.117349043       0.00000000       0.00000000    
  0.124117956       0.00000000       0.00000000    
  0.131039456       0.00000000       0.00000000    
  0.138111547       0.00000000       0.00000000    
  0.145331234       0.00000000       0.00000000    
  0.152695075       0.00000000       0.00000000    
  0.160199702       0.00000000       0.00000000    
  0.167843193       0.00000000       0.00000000    
  0.175622642       0.00000000       0.00000000    
  0.183534831       0.00000000       0.00000000    
  0.191576496       0.00000000       0.00000000    
  0.199744850       0.00000000       0.00000000    
  0.208037212       0.00000000       0.00000000    
  0.216451272       0.00000000       0.00000000    
  0.224983975       0.00000000       0.00000000    
  0.233632624       0.00000000       0.00000000    
  0.242394626       0.00000000       0.00000000    
  0.251268268       0.00000000       0.00000000    
  0.260250449       0.00000000       0.00000000    
  0.269338310       0.00000000       0.00000000    
  0.278529257       0.00000000       0.00000000    
  0.287821621       0.00000000       0.00000000    
  0.297212541       0.00000000       0.00000000    
  0.306699187       0.00000000       0.00000000    
  0.316278994       0.00000000       0.00000000    
  0.325950474       0.00000000       0.00000000    
  0.335710794       0.00000000       0.00000000    
  0.345557183       0.00000000       0.00000000    
  0.355487257       0.00000000       0.00000000    
  0.365498692       0.00000000       0.00000000    
  0.375589609       0.00000000       0.00000000    
  0.385757267       0.00000000       0.00000000    
  0.395999402       0.00000000       0.00000000    
  0.406313777       0.00000000       0.00000000    
  0.416698813       0.00000000       0.00000000    
  0.427151561       0.00000000       0.00000000    
  0.437669814       0.00000000       0.00000000    
  0.448251426       0.00000000       0.00000000    
  0.458894789       0.00000000       0.00000000    
  0.469597876       0.00000000       0.00000000    
  0.480358452       0.00000000       0.00000000    
  0.491173983       0.00000000       0.00000000    
  0.502042055       0.00000000       0.00000000    
  0.512960434       0.00000000       0.00000000    
  0.523927033       0.00000000       0.00000000    
  0.534939826       0.00000000       0.00000000    
  0.545997322       0.00000000       0.00000000    
  0.557097495       0.00000000       0.00000000    
  0.568238199       0.00000000       0.00000000    
  0.579417467       0.00000000       0.00000000    
  0.590632915       0.00000000       0.00000000    
  0.601881981       0.00000000       0.00000000    
  0.613162756       0.00000000       0.00000000    
  0.624473095       0.00000000       0.00000000    
  0.635811150       0.00000000       0.00000000    
  0.647174716       0.00000000       0.00000000    
  0.658561945       0.00000000       0.00000000    
  0.669971287       0.00000000       0.00000000    
  0.681400597       0.00000000       0.00000000    
  0.692847490       0.00000000       0.00000000    
  0.704309881       0.00000000       0.00000000    
  0.715785801       0.00000000       0.00000000    
  0.727273345       0.00000000       0.00000000    
  0.738770545       0.00000000       0.00000000    
  0.750275254       0.00000000       0.00000000    
  0.761785686       0.00000000       0.00000000    
  0.773300290       0.00000000       0.00000000    
  0.784816980       0.00000000       0.00000000    
  0.796333313       0.00000000       0.00000000    
  0.807847321       0.00000000       0.00000000    
  0.819357038       0.00000000       0.00000000    
  0.830860436       0.00000000       0.00000000    
  0.842355669       0.00000000       0.00000000    
  0.853840649       0.00000000       0.00000000    
  0.865313947       0.00000000       0.00000000    
  0.876773417       0.00000000       0.00000000    
  0.888216615       0.00000000       0.00000000    
  0.899641573       0.00000000       0.00000000    
  0.911046267       0.00000000       0.00000000    
  0.922428787       0.00000000       0.00000000    
  0.933787107       0.00000000       0.00000000    
  0.945119083       0.00000000       0.00000000    
  0.956423461       0.00000000       0.00000000    
  0.967698157       0.00000000       0.00000000    
  0.978940964       0.00000000       0.00000000    
  0.990149260       0.00000000       0.00000000    
   1.00132108       0.00000000       0.00000000    
   1.01245451       0.00000000       0.00000000    
   1.02354741       0.00000000       0.00000000    
   1.03459752       0.00000000       0.00000000    
   1.04560304       0.00000000       0.00000000    
   1.05656230       0.00000000       0.00000000    
   1.06747305       0.00000000       0.00000000    
   1.07833254       0.00000000       0.00000000    
   1.08913898       0.00000000       0.00000000    
   1.09988999       0.00000000       0.00000000    
   1.11058366       0.00000000       0.00000000    
   1.12121749       0.00000000       0.00000000    
   1.13178957       0.00000000       0.00000000    
   1.14229834       0.00000000       0.00000000    
   1.15274167       0.00000000       0.00000000    
   1.16311669       0.00000000       0.00000000    
   1.17342126       0.00000000       0.00000000    
   1.18365324       0.00000000       0.00000000    
   1.19380999       0.00000000       0.00000000    
   1.20388913       0.00000000       0.00000000    
   1.21388841       0.00000000       0.00000000    
   1.22380567       0.00000000       0.00000000    
   1.23363876       0.00000000       0.00000000    
   1.24338508       0.00000000       0.00000000    
   1.25304246       0.00000000       0.00000000    
   1.26260817       0.00000000       0.00000000    
   1.27208030       0.00000000       0.00000000    
   1.28145587       0.00000000       0.00000000    
   1.29073262       0.00000000       0.00000000    
   1.29990780       0.00000000       0.00000000    
   1.30897903       0.00000000       0.00000000    
   1.31794429       0.00000000       0.00000000    
   1.32680035       0.00000000       0.00000000    
   1.33554554       0.00000000       0.00000000    
   1.34417629       0.00000000       0.00000000    
   1.35269070       0.00000000       0.00000000    
   1.36108565       0.00000000       0.00000000    
   1.36935830       0.00000000       0.00000000    
   1.37750649       0.00000000       0.00000000    
   1.38552737       0.00000000       0.00000000    
   1.39341795       0.00000000       0.00000000    
   1.40117550       0.00000000       0.00000000    
   1.40879762       0.00000000       0.00000000    
   1.41628075       0.00000000       0.00000000    
   1.42362261       0.00000000       0.00000000    
   1.43081987       0.00000000       0.00000000    
   1.43786967       0.00000000       0.00000000    
   1.44476926       0.00000000       0.00000000    
   1.45151532       0.00000000       0.00000000    
   1.45810521       0.00000000       0.00000000    
   1.46453536       0.00000000       0.00000000    
   1.47080326       0.00000000       0.00000000    
   1.47690535       0.00000000       0.00000000    
   1.48283803       0.00000000       0.00000000    
   1.48859847       0.00000000       0.00000000    
   1.49418330       0.00000000       0.00000000    
   1.49958920       0.00000000       0.00000000    
   1.50481296       0.00000000       0.00000000    
   1.50985098       0.00000000       0.00000000    
   1.51470017       0.00000000       0.00000000    
   1.51935744       0.00000000       0.00000000    
   1.52381897       0.00000000       0.00000000    
   1.52808130       0.00000000       0.00000000    
   1.53214073       0.00000000       0.00000000    
   1.53599393       0.00000000       0.00000000    
   1.53963733       0.00000000       0.00000000    
   1.54306769       0.00000000       0.00000000    
   1.54628181       0.00000000       0.00000000    
   1.54927635       0.00000000       0.00000000    
   1.55204952       0.00000000       0.00000000    
   1.55459893       0.00000000       0.00000000    
   1.55692387       0.00000000       0.00000000    
   1.55902398       0.00000000       0.00000000    
   1.56089926       0.00000000       0.00000000    
   1.56254947       0.00000000       0.00000000    
   1.56397474       0.00000000       0.00000000    
   1.56517506       0.00000000       0.00000000    
   1.56615043       0.00000000       0.00000000    
   1.56690073       0.00000000       0.00000000    
   1.56742609       0.00000000       0.00000000    
   1.56772649       0.00000000       0.00000000    
   1.56780195       0.00000000       0.00000000    
