   0.00000000       0.00000000       0.00000000       1.00000000    
   0.00000000       0.00000000       5.62480709E-05   1.00000000    
   0.00000000       0.00000000       2.24991381E-04   1.00000000    
   0.00000000       0.00000000       5.06228884E-04  0.999999881    
   0.00000000       0.00000000       8.99958657E-04  0.999999583    
   0.00000000       0.00000000       1.40617846E-03  0.999998987    
   0.00000000       0.00000000       2.02488643E-03  0.999997914    
   0.00000000       0.00000000       2.75607803E-03  0.999996185    
   0.00000000       0.00000000       3.59974545E-03  0.999993503    
   0.00000000       0.00000000       4.55587590E-03  0.999989629    
   0.00000000       0.00000000       5.62445354E-03  0.999984205    
   0.00000000       0.00000000       6.80542830E-03  0.999976873    
   0.00000000       0.00000000       8.09854735E-03  0.999967217    
   0.00000000       0.00000000       9.50323418E-03  0.999954879    
   0.00000000       0.00000000       1.10184709E-02  0.999939322    
   0.00000000       0.00000000       1.26428939E-02  0.999920130    
   0.00000000       0.00000000       1.43749341E-02  0.999896705    
   0.00000000       0.00000000       1.62129141E-02  0.999868572    
   0.00000000       0.00000000       1.81551035E-02  0.999835193    
   0.00000000       0.00000000       2.02003289E-02  0.999795973    
   0.00000000       0.00000000       2.23465376E-02  0.999750316    
   0.00000000       0.00000000       2.45922543E-02  0.999697626    
   0.00000000       0.00000000       2.69354321E-02  0.999637246    
   0.00000000       0.00000000       2.93740369E-02  0.999568582    
   0.00000000       0.00000000       3.19066122E-02  0.999490917    
   0.00000000       0.00000000       3.45311537E-02  0.999403656    
   0.00000000       0.00000000       3.72462235E-02  0.999306142    
   0.00000000       0.00000000       4.00498435E-02  0.999197721    
   0.00000000       0.00000000       4.29406017E-02  0.999077678    
   0.00000000       0.00000000       4.59165536E-02  0.998945355    
   0.00000000       0.00000000       4.89763059E-02  0.998800039    
   0.00000000       0.00000000       5.21179400E-02  0.998641014    
   0.00000000       0.00000000       5.53400852E-02  0.998467624    
   0.00000000       0.00000000       5.86408563E-02  0.998279214    
   0.00000000       0.00000000       6.20191507E-02  0.998075008    
   0.00000000       0.00000000       6.54728636E-02  0.997854412    
   0.00000000       0.00000000       6.90008998E-02  0.997616649    
   0.00000000       0.00000000       7.26016760E-02  0.997361064    
   0.00000000       0.00000000       7.62733817E-02  0.997087002    
   0.00000000       0.00000000       8.00142139E-02  0.996793807    
   0.00000000       0.00000000       8.38231072E-02  0.996480763    
   0.00000000       0.00000000       8.76985118E-02  0.996147156    
   0.00000000       0.00000000       9.16386694E-02  0.995792389    
   0.00000000       0.00000000       9.56418291E-02  0.995415866    
   0.00000000       0.00000000       9.97064784E-02  0.995016932    
   0.00000000       0.00000000      0.103831120      0.994594991    
   0.00000000       0.00000000      0.108014487      0.994149387    
   0.00000000       0.00000000      0.112254873      0.993679523    
   0.00000000       0.00000000      0.116550803      0.993184805    
   0.00000000       0.00000000      0.120900810      0.992664695    
   0.00000000       0.00000000      0.125303864      0.992118537    
   0.00000000       0.00000000      0.129758298      0.991545796    
   0.00000000       0.00000000      0.134262443      0.990945935    
   0.00000000       0.00000000      0.138814881      0.990318477    
   0.00000000       0.00000000      0.143414572      0.989662826    
   0.00000000       0.00000000      0.148059905      0.988978505    
   0.00000000       0.00000000      0.152749240      0.988265097    
   0.00000000       0.00000000      0.157481179      0.987522125    
   0.00000000       0.00000000      0.162254721      0.986749053    
   0.00000000       0.00000000      0.167068258      0.985945463    
   0.00000000       0.00000000      0.171920210      0.985110998    
   0.00000000       0.00000000      0.176809192      0.984245241    
   0.00000000       0.00000000      0.181733817      0.983347833    
   0.00000000       0.00000000      0.186692908      0.982418418    
   0.00000000       0.00000000      0.191684917      0.981456637    
   0.00000000       0.00000000      0.196708485      0.980462134    
   0.00000000       0.00000000      0.201762259      0.979434669    
   0.00000000       0.00000000      0.206845254      0.978373826    
   0.00000000       0.00000000      0.211955756      0.977279425    
   0.00000000       0.00000000      0.217092440      0.976151228    
   0.00000000       0.00000000      0.222253978      0.974988997    
   0.00000000       0.00000000      0.227439404      0.973792434    
   0.00000000       0.00000000      0.232647404      0.972561359    
   0.00000000       0.00000000      0.237876669      0.971295595    
   0.00000000       0.00000000      0.243125707      0.969995022    
   0.00000000       0.00000000      0.248393059      0.968659580    
   0.00000000       0.00000000      0.253677428      0.967289150    
   0.00000000       0.00000000      0.258977532      0.965883613    
   0.00000000       0.00000000      0.264292091      0.964442968    
   0.00000000       0.00000000      0.269620180      0.962967038    
   0.00000000       0.00000000      0.274960548      0.961455822    
   0.00000000       0.00000000      0.280311912      0.959909260    
   0.00000000       0.00000000      0.285673052      0.958327413    
   0.00000000       0.00000000      0.291042536      0.956710398    
   0.00000000       0.00000000      0.296418965      0.955058277    
   0.00000000       0.00000000      0.301801115      0.953371167    
   0.00000000       0.00000000      0.307187766      0.951649189    
   0.00000000       0.00000000      0.312577695      0.949892461    
   0.00000000       0.00000000      0.317969710      0.948101163    
   0.00000000       0.00000000      0.323362619      0.946275413    
   0.00000000       0.00000000      0.328755558      0.944415331    
   0.00000000       0.00000000      0.334147155      0.942521214    
   0.00000000       0.00000000      0.339536101      0.940593302    
   0.00000000       0.00000000      0.344921231      0.938631892    
   0.00000000       0.00000000      0.350301385      0.936637282    
   0.00000000       0.00000000      0.355675399      0.934609771    
   0.00000000       0.00000000      0.361042172      0.932549715    
   0.00000000       0.00000000      0.366400540      0.930457473    
   0.00000000       0.00000000      0.371749401      0.928333402    
   0.00000000       0.00000000      0.377087921      0.926177740    
   0.00000000       0.00000000      0.382414877      0.923991024    
   0.00000000       0.00000000      0.387728989      0.921773732    
   0.00000000       0.00000000      0.393029183      0.919526339    
   0.00000000       0.00000000      0.398314387      0.917249322    
   0.00000000       0.00000000      0.403583527      0.914943159    
   0.00000000       0.00000000      0.408835530      0.912608445    
   0.00000000       0.00000000      0.414069384      0.910245717    
   0.00000000       0.00000000      0.419284314      0.907855392    
   0.00000000       0.00000000      0.424479157      0.905438125    
   0.00000000       0.00000000      0.429652750      0.902994633    
   0.00000000       0.00000000      0.434804052      0.900525510    
   0.00000000       0.00000000      0.439932078      0.898031473    
   0.00000000       0.00000000      0.445035845      0.895513177    
   0.00000000       0.00000000      0.450114369      0.892971337    
   0.00000000       0.00000000      0.455166698      0.890406668    
   0.00000000       0.00000000      0.460192144      0.887819767    
   0.00000000       0.00000000      0.465189785      0.885211408    
   0.00000000       0.00000000      0.470158517      0.882582426    
   0.00000000       0.00000000      0.475097239      0.879933715    
   0.00000000       0.00000000      0.480005056      0.877266109    
   0.00000000       0.00000000      0.484881073      0.874580503    
   0.00000000       0.00000000      0.489724368      0.871877730    
   0.00000000       0.00000000      0.494534075      0.869158685    
   0.00000000       0.00000000      0.499309301      0.866424263    
   0.00000000       0.00000000      0.504049480      0.863675237    
   0.00000000       0.00000000      0.508753598      0.860912621    
   0.00000000       0.00000000      0.513420641      0.858137488    
   0.00000000       0.00000000      0.518049836      0.855350852    
   0.00000000       0.00000000      0.522640288      0.852553725    
   0.00000000       0.00000000      0.527191222      0.849747121    
   0.00000000       0.00000000      0.531701803      0.846932054    
   0.00000000       0.00000000      0.536171257      0.844109654    
   0.00000000       0.00000000      0.540599108      0.841280758    
   0.00000000       0.00000000      0.544984579      0.838446498    
   0.00000000       0.00000000      0.549326718      0.835608065    
   0.00000000       0.00000000      0.553624690      0.832766712    
   0.00000000       0.00000000      0.557877839      0.829923511    
   0.00000000       0.00000000      0.562085271      0.827079713    
   0.00000000       0.00000000      0.566246271      0.824236572    
   0.00000000       0.00000000      0.570360065      0.821395218    
   0.00000000       0.00000000      0.574425995      0.818556964    
   0.00000000       0.00000000      0.578443527      0.815722883    
   0.00000000       0.00000000      0.582411766      0.812894404    
   0.00000000       0.00000000      0.586330175      0.810072660    
   0.00000000       0.00000000      0.590197921      0.807259083    
   0.00000000       0.00000000      0.594014525      0.804454803    
   0.00000000       0.00000000      0.597779095      0.801661372    
   0.00000000       0.00000000      0.601491034      0.798880041    
   0.00000000       0.00000000      0.605149627      0.796112239    
   0.00000000       0.00000000      0.608754277      0.793359339    
   0.00000000       0.00000000      0.612304449      0.790622592    
   0.00000000       0.00000000      0.615799367      0.787903488    
   0.00000000       0.00000000      0.619238615      0.785203397    
   0.00000000       0.00000000      0.622621298      0.782523811    
   0.00000000       0.00000000      0.625946999      0.779866099    
   0.00000000       0.00000000      0.629214942      0.777231872    
   0.00000000       0.00000000      0.632424474      0.774622560    
   0.00000000       0.00000000      0.635575116      0.772039533    
   0.00000000       0.00000000      0.638666153      0.769484460    
   0.00000000       0.00000000      0.641697049      0.766958714    
   0.00000000       0.00000000      0.644667089      0.764463961    
   0.00000000       0.00000000      0.647575796      0.762001574    
   0.00000000       0.00000000      0.650422335      0.759573281    
   0.00000000       0.00000000      0.653206289      0.757180512    
   0.00000000       0.00000000      0.655926883      0.754824936    
   0.00000000       0.00000000      0.658583462      0.752508223    
   0.00000000       0.00000000      0.661175549      0.750231802    
   0.00000000       0.00000000      0.663702309      0.747997403    
   0.00000000       0.00000000      0.666163325      0.745806515    
   0.00000000       0.00000000      0.668557703      0.743660867    
   0.00000000       0.00000000      0.670885026      0.741562009    
   0.00000000       0.00000000      0.673144400      0.739511728    
   0.00000000       0.00000000      0.675335109      0.737511694    
   0.00000000       0.00000000      0.677456498      0.735563517    
   0.00000000       0.00000000      0.679507852      0.733668923    
   0.00000000       0.00000000      0.681488454      0.731829584    
   0.00000000       0.00000000      0.683397532      0.730047166    
   0.00000000       0.00000000      0.685234368      0.728323340    
   0.00000000       0.00000000      0.686998248      0.726659775    
   0.00000000       0.00000000      0.688688517      0.725058019    
   0.00000000       0.00000000      0.690304220      0.723519921    
   0.00000000       0.00000000      0.691844583      0.722047150    
   0.00000000       0.00000000      0.693308711      0.720641375    
   0.00000000       0.00000000      0.694695830      0.719304323    
   0.00000000       0.00000000      0.696005046      0.718037546    
   0.00000000       0.00000000      0.697235584      0.716842711    
   0.00000000       0.00000000      0.698386669      0.715721309    
   0.00000000       0.00000000      0.699457526      0.714674830    
   0.00000000       0.00000000      0.700447798      0.713704348    
   0.00000000       0.00000000      0.701357007      0.712810934    
   0.00000000       0.00000000      0.702185154      0.711995184    
   0.00000000       0.00000000      0.702932417      0.711257458    
   0.00000000       0.00000000      0.703598976      0.710598111    
   0.00000000       0.00000000      0.704185069      0.710017323    
   0.00000000       0.00000000      0.704690874      0.709515333    
   0.00000000       0.00000000      0.705116570      0.709092259    
   0.00000000       0.00000000      0.705462277      0.708748341    
   0.00000000       0.00000000      0.705728114      0.708483636    
   0.00000000       0.00000000      0.705914199      0.708298206    
   0.00000000       0.00000000      0.706020594      0.708192170    
   0.00000000       0.00000000      0.706047297      0.708165586    
