   0.00000000       0.00000000      0.999965727    
   0.00000000       0.00000000      0.999953747    
   0.00000000       0.00000000      0.999945223    
   0.00000000       0.00000000      0.999926031    
   0.00000000       0.00000000      0.999907434    
   0.00000000       0.00000000      0.999885798    
   0.00000000       0.00000000      0.999854028    
   0.00000000       0.00000000      0.999779999    
   0.00000000       0.00000000      0.999667704    
   0.00000000       0.00000000      0.999414921    
   0.00000000       0.00000000      0.998664856    
   0.00000000       0.00000000      0.996104896    
   0.00000000       0.00000000      0.989759922    
   0.00000000       0.00000000      0.979463279    
   0.00000000       0.00000000      0.966529071    
   0.00000000       0.00000000      0.952223003    
   0.00000000       0.00000000      0.937179744    
   0.00000000       0.00000000      0.921825588    
   0.00000000       0.00000000      0.906358182    
   0.00000000       0.00000000      0.890849054    
   0.00000000       0.00000000      0.875419378    
   0.00000000       0.00000000      0.860053301    
   0.00000000       0.00000000      0.844844162    
   0.00000000       0.00000000      0.829730451    
   0.00000000       0.00000000      0.814783573    
   0.00000000       0.00000000      0.799967825    
   0.00000000       0.00000000      0.785332918    
   0.00000000       0.00000000      0.770829141    
   0.00000000       0.00000000      0.756484270    
   0.00000000       0.00000000      0.742298365    
   0.00000000       0.00000000      0.728257477    
   0.00000000       0.00000000      0.714393437    
   0.00000000       0.00000000      0.700664520    
   0.00000000       0.00000000      0.687084615    
   0.00000000       0.00000000      0.673661649    
   0.00000000       0.00000000      0.660365820    
   0.00000000       0.00000000      0.647240877    
   0.00000000       0.00000000      0.634235144    
   0.00000000       0.00000000      0.621380389    
   0.00000000       0.00000000      0.608654797    
   0.00000000       0.00000000      0.596074283    
   0.00000000       0.00000000      0.583624840    
   0.00000000       0.00000000      0.571266830    
   0.00000000       0.00000000      0.559071720    
   0.00000000       0.00000000      0.547011673    
   0.00000000       0.00000000      0.535051048    
   0.00000000       0.00000000      0.523197651    
   0.00000000       0.00000000      0.511503220    
   0.00000000       0.00000000      0.499872357    
   0.00000000       0.00000000      0.488384575    
   0.00000000       0.00000000      0.476996094    
   0.00000000       0.00000000      0.465710968    
   0.00000000       0.00000000      0.454533100    
   0.00000000       0.00000000      0.443462521    
   0.00000000       0.00000000      0.432471424    
   0.00000000       0.00000000      0.421599537    
   0.00000000       0.00000000      0.410811096    
   0.00000000       0.00000000      0.400110096    
   0.00000000       0.00000000      0.389512390    
   0.00000000       0.00000000      0.378998131    
   0.00000000       0.00000000      0.368543476    
   0.00000000       0.00000000      0.358204037    
   0.00000000       0.00000000      0.347928196    
   0.00000000       0.00000000      0.337743759    
   0.00000000       0.00000000      0.327622890    
   0.00000000       0.00000000      0.317573547    
   0.00000000       0.00000000      0.307595730    
   0.00000000       0.00000000      0.297701359    
   0.00000000       0.00000000      0.287854671    
   0.00000000       0.00000000      0.278083473    
   0.00000000       0.00000000      0.268367916    
   0.00000000       0.00000000      0.258711964    
   0.00000000       0.00000000      0.249135494    
   0.00000000       0.00000000      0.239582852    
   0.00000000       0.00000000      0.230109692    
   0.00000000       0.00000000      0.220676258    
   0.00000000       0.00000000      0.211286545    
   0.00000000       0.00000000      0.201944515    
   0.00000000       0.00000000      0.192673996    
   0.00000000       0.00000000      0.183411434    
   0.00000000       0.00000000      0.174212456    
   0.00000000       0.00000000      0.165041283    
   0.00000000       0.00000000      0.155909851    
   0.00000000       0.00000000      0.146818161    
   0.00000000       0.00000000      0.137754276    
   0.00000000       0.00000000      0.128726169    
   0.00000000       0.00000000      0.119717918    
   0.00000000       0.00000000      0.110749401    
   0.00000000       0.00000000      0.101784863    
   0.00000000       0.00000000       9.28640366E-02
   0.00000000       0.00000000       8.39630738E-02
   0.00000000       0.00000000       7.50740394E-02
   0.00000000       0.00000000       6.62008896E-02
   0.00000000       0.00000000       5.73396683E-02
   0.00000000       0.00000000       4.85022850E-02
   0.00000000       0.00000000       3.96649055E-02
   0.00000000       0.00000000       3.08473911E-02
   0.00000000       0.00000000       2.20259037E-02
   0.00000000       0.00000000       1.32163363E-02
   0.00000000       0.00000000       4.41074371E-03
   0.00000000       0.00000000      -4.40279627E-03
   0.00000000       0.00000000      -1.32163363E-02
   0.00000000       0.00000000      -2.20259037E-02
   0.00000000       0.00000000      -3.08434162E-02
   0.00000000       0.00000000      -3.96649055E-02
   0.00000000       0.00000000      -4.85022850E-02
   0.00000000       0.00000000      -5.73476143E-02
   0.00000000       0.00000000      -6.61929473E-02
   0.00000000       0.00000000      -7.50780106E-02
   0.00000000       0.00000000      -8.39591026E-02
   0.00000000       0.00000000      -9.28600654E-02
   0.00000000       0.00000000     -0.101792812    
   0.00000000       0.00000000     -0.110749401    
   0.00000000       0.00000000     -0.119713940    
   0.00000000       0.00000000     -0.128726169    
   0.00000000       0.00000000     -0.137750313    
   0.00000000       0.00000000     -0.146822140    
   0.00000000       0.00000000     -0.155913830    
   0.00000000       0.00000000     -0.165033340    
   0.00000000       0.00000000     -0.174212456    
   0.00000000       0.00000000     -0.183411434    
   0.00000000       0.00000000     -0.192658111    
   0.00000000       0.00000000     -0.201948479    
   0.00000000       0.00000000     -0.211290523    
   0.00000000       0.00000000     -0.220672294    
   0.00000000       0.00000000     -0.230097771    
   0.00000000       0.00000000     -0.239586830    
   0.00000000       0.00000000     -0.249131516    
   0.00000000       0.00000000     -0.258715957    
   0.00000000       0.00000000     -0.268367916    
   0.00000000       0.00000000     -0.278079510    
   0.00000000       0.00000000     -0.287854671    
   0.00000000       0.00000000     -0.297697395    
   0.00000000       0.00000000     -0.307599694    
   0.00000000       0.00000000     -0.317569584    
   0.00000000       0.00000000     -0.327622890    
   0.00000000       0.00000000     -0.337739795    
   0.00000000       0.00000000     -0.347928196    
   0.00000000       0.00000000     -0.358208030    
   0.00000000       0.00000000     -0.368543476    
   0.00000000       0.00000000     -0.378994137    
   0.00000000       0.00000000     -0.389508396    
   0.00000000       0.00000000     -0.400114059    
   0.00000000       0.00000000     -0.410807133    
   0.00000000       0.00000000     -0.421595573    
   0.00000000       0.00000000     -0.432479382    
   0.00000000       0.00000000     -0.443450600    
   0.00000000       0.00000000     -0.454541057    
   0.00000000       0.00000000     -0.465703011    
   0.00000000       0.00000000     -0.477004051    
   0.00000000       0.00000000     -0.488376617    
   0.00000000       0.00000000     -0.499876350    
   0.00000000       0.00000000     -0.511483371    
   0.00000000       0.00000000     -0.523209572    
   0.00000000       0.00000000     -0.535051048    
   0.00000000       0.00000000     -0.547007740    
   0.00000000       0.00000000     -0.559083641    
   0.00000000       0.00000000     -0.571274757    
   0.00000000       0.00000000     -0.583616912    
   0.00000000       0.00000000     -0.596066296    
   0.00000000       0.00000000     -0.608658791    
   0.00000000       0.00000000     -0.621374428    
   0.00000000       0.00000000     -0.634245098    
   0.00000000       0.00000000     -0.647242844    
   0.00000000       0.00000000     -0.660371780    
   0.00000000       0.00000000     -0.673659623    
   0.00000000       0.00000000     -0.687080622    
   0.00000000       0.00000000     -0.700666487    
   0.00000000       0.00000000     -0.714379549    
   0.00000000       0.00000000     -0.728277385    
   0.00000000       0.00000000     -0.742302358    
   0.00000000       0.00000000     -0.756476343    
   0.00000000       0.00000000     -0.770831108    
   0.00000000       0.00000000     -0.785317004    
   0.00000000       0.00000000     -0.799989700    
   0.00000000       0.00000000     -0.814769685    
   0.00000000       0.00000000     -0.829746306    
   0.00000000       0.00000000     -0.844826281    
   0.00000000       0.00000000     -0.860073149    
   0.00000000       0.00000000     -0.875421345    
   0.00000000       0.00000000     -0.890845060    
   0.00000000       0.00000000     -0.906364143    
   0.00000000       0.00000000     -0.921821594    
   0.00000000       0.00000000     -0.937192619    
   0.00000000       0.00000000     -0.952206075    
   0.00000000       0.00000000     -0.966542959    
   0.00000000       0.00000000     -0.979454339    
   0.00000000       0.00000000     -0.989770889    
   0.00000000       0.00000000     -0.996111870    
   0.00000000       0.00000000     -0.998663902    
   0.00000000       0.00000000     -0.999417961    
   0.00000000       0.00000000     -0.999668777    
   0.00000000       0.00000000     -0.999786437    
   0.00000000       0.00000000     -0.999849558    
   0.00000000       0.00000000     -0.999889791    
   0.00000000       0.00000000     -0.999914110    
   0.00000000       0.00000000     -0.999931991    
   0.00000000       0.00000000     -0.999945641    
   0.00000000       0.00000000     -0.999954641    
   0.00000000       0.00000000     -0.999961793    
