   0.00000000    
   1.49999997E-02
   2.99999993E-02
   4.50000018E-02
   5.99999987E-02
   7.50000030E-02
   9.00000036E-02
  0.104999997    
  0.119999997    
  0.135000005    
  0.150000006    
  0.165000007    
  0.180000007    
  0.194999993    
  0.209999993    
  0.224999994    
  0.239999995    
  0.254999995    
  0.270000011    
  0.284999996    
  0.300000012    
  0.314999998    
  0.330000013    
  0.344999999    
  0.360000014    
  0.375000000    
  0.389999986    
  0.405000001    
  0.419999987    
  0.435000002    
  0.449999988    
  0.465000004    
  0.479999989    
  0.495000005    
  0.509999990    
  0.524999976    
  0.540000021    
  0.555000007    
  0.569999993    
  0.584999979    
  0.600000024    
  0.615000010    
  0.629999995    
  0.644999981    
  0.660000026    
  0.675000012    
  0.689999998    
  0.704999983    
  0.720000029    
  0.735000014    
  0.750000000    
  0.764999986    
  0.779999971    
  0.795000017    
  0.810000002    
  0.824999988    
  0.839999974    
  0.855000019    
  0.870000005    
  0.884999990    
  0.899999976    
  0.915000021    
  0.930000007    
  0.944999993    
  0.959999979    
  0.975000024    
  0.990000010    
   1.00500000    
   1.01999998    
   1.03499997    
   1.04999995    
   1.06500006    
   1.08000004    
   1.09500003    
   1.11000001    
   1.12500000    
   1.13999999    
   1.15499997    
   1.16999996    
   1.18499994    
   1.20000005    
   1.21500003    
   1.23000002    
   1.24500000    
   1.25999999    
   1.27499998    
   1.28999996    
   1.30499995    
   1.32000005    
   1.33500004    
   1.35000002    
   1.36500001    
   1.38000000    
   1.39499998    
   1.40999997    
   1.42499995    
   1.44000006    
   1.45500004    
   1.47000003    
   1.48500001    
   1.50000000    
   1.51499999    
   1.52999997    
   1.54499996    
   1.55999994    
   1.57500005    
   1.59000003    
   1.60500002    
   1.62000000    
   1.63499999    
   1.64999998    
   1.66499996    
   1.67999995    
   1.69500005    
   1.71000004    
   1.72500002    
   1.74000001    
   1.75500000    
   1.76999998    
   1.78499997    
   1.79999995    
   1.81500006    
   1.83000004    
   1.84500003    
   1.86000001    
   1.87500000    
   1.88999999    
   1.90499997    
   1.91999996    
   1.93499994    
   1.95000005    
   1.96500003    
   1.98000002    
   1.99500000    
   2.00999999    
   2.02500010    
   2.03999996    
   2.05500007    
   2.06999993    
   2.08500004    
   2.09999990    
   2.11500001    
   2.13000011    
   2.14499998    
   2.16000009    
   2.17499995    
   2.19000006    
   2.20499992    
   2.22000003    
   2.23499990    
   2.25000000    
   2.26500010    
   2.27999997    
   2.29500008    
   2.30999994    
   2.32500005    
   2.33999991    
   2.35500002    
   2.36999989    
   2.38499999    
   2.40000010    
   2.41499996    
   2.43000007    
   2.44499993    
   2.46000004    
   2.47499990    
   2.49000001    
   2.50500011    
   2.51999998    
   2.53500009    
   2.54999995    
   2.56500006    
   2.57999992    
   2.59500003    
   2.60999990    
   2.62500000    
   2.64000010    
   2.65499997    
   2.67000008    
   2.68499994    
   2.70000005    
   2.71499991    
   2.73000002    
   2.74499989    
   2.75999999    
   2.77500010    
   2.78999996    
   2.80500007    
   2.81999993    
   2.83500004    
   2.84999990    
   2.86500001    
   2.88000011    
   2.89499998    
   2.91000009    
   2.92499995    
   2.94000006    
   2.95499992    
   2.97000003    
   2.98499990    
   3.00000000    
