   0.00000000       0.00000000       0.00000000       1.00000000    
   0.00000000       0.00000000       5.62609930E-05  0.999999642    
   0.00000000       0.00000000       2.25088646E-04  0.999999940    
   0.00000000       0.00000000       5.06303390E-04  0.999999762    
   0.00000000       0.00000000       8.99995212E-04  0.999999464    
   0.00000000       0.00000000       1.40622270E-03  0.999998868    
   0.00000000       0.00000000       2.02507200E-03  0.999997914    
   0.00000000       0.00000000       2.75622774E-03  0.999996006    
   0.00000000       0.00000000       3.59973265E-03  0.999993503    
   0.00000000       0.00000000       4.55609290E-03  0.999989271    
   0.00000000       0.00000000       5.62467705E-03  0.999983907    
   0.00000000       0.00000000       6.80561969E-03  0.999976695    
   0.00000000       0.00000000       8.09882116E-03  0.999967098    
   0.00000000       0.00000000       9.50370356E-03  0.999954462    
   0.00000000       0.00000000       1.10192765E-02  0.999938905    
   0.00000000       0.00000000       1.26442872E-02  0.999919593    
   0.00000000       0.00000000       1.43771926E-02  0.999896109    
   0.00000000       0.00000000       1.62164010E-02  0.999868214    
   0.00000000       0.00000000       1.81601327E-02  0.999834538    
   0.00000000       0.00000000       2.02065632E-02  0.999795377    
   0.00000000       0.00000000       2.23537199E-02  0.999749601    
   0.00000000       0.00000000       2.46003438E-02  0.999696970    
   0.00000000       0.00000000       2.69443262E-02  0.999636531    
   0.00000000       0.00000000       2.93840840E-02  0.999567688    
   0.00000000       0.00000000       3.19177322E-02  0.999489903    
   0.00000000       0.00000000       3.45437303E-02  0.999402642    
   0.00000000       0.00000000       3.72603200E-02  0.999305010    
   0.00000000       0.00000000       4.00656164E-02  0.999196410    
   0.00000000       0.00000000       4.29580547E-02  0.999076307    
   0.00000000       0.00000000       4.59359288E-02  0.998943806    
   0.00000000       0.00000000       4.89976965E-02  0.998798192    
   0.00000000       0.00000000       5.21416813E-02  0.998639107    
   0.00000000       0.00000000       5.53660691E-02  0.998465478    
   0.00000000       0.00000000       5.86692952E-02  0.998276889    
   0.00000000       0.00000000       6.20498247E-02  0.998072386    
   0.00000000       0.00000000       6.55060783E-02  0.997851491    
   0.00000000       0.00000000       6.90363422E-02  0.997613490    
   0.00000000       0.00000000       7.26391301E-02  0.997357488    
   0.00000000       0.00000000       7.63127655E-02  0.997083187    
   0.00000000       0.00000000       8.00557584E-02  0.996789634    
   0.00000000       0.00000000       8.38666782E-02  0.996476352    
   0.00000000       0.00000000       8.77438039E-02  0.996142447    
   0.00000000       0.00000000       9.16856602E-02  0.995787382    
   0.00000000       0.00000000       9.56908315E-02  0.995410264    
   0.00000000       0.00000000       9.97577682E-02  0.995010853    
   0.00000000       0.00000000      0.103884861      0.994588494    
   0.00000000       0.00000000      0.108070709      0.994142413    
   0.00000000       0.00000000      0.112313643      0.993672013    
   0.00000000       0.00000000      0.116612382      0.993176520    
   0.00000000       0.00000000      0.120965481      0.992655933    
   0.00000000       0.00000000      0.125371426      0.992109001    
   0.00000000       0.00000000      0.129828647      0.991535425    
   0.00000000       0.00000000      0.134335876      0.990935028    
   0.00000000       0.00000000      0.138891563      0.990306854    
   0.00000000       0.00000000      0.143494323      0.989650309    
   0.00000000       0.00000000      0.148142651      0.988965094    
   0.00000000       0.00000000      0.152835086      0.988250732    
   0.00000000       0.00000000      0.157570347      0.987506986    
   0.00000000       0.00000000      0.162347198      0.986732960    
   0.00000000       0.00000000      0.167163908      0.985928416    
   0.00000000       0.00000000      0.172019243      0.985092640    
   0.00000000       0.00000000      0.176911920      0.984225750    
   0.00000000       0.00000000      0.181840315      0.983327270    
   0.00000000       0.00000000      0.186803177      0.982396662    
   0.00000000       0.00000000      0.191799030      0.981433511    
   0.00000000       0.00000000      0.196826637      0.980437517    
   0.00000000       0.00000000      0.201884627      0.979408681    
   0.00000000       0.00000000      0.206971630      0.978346229    
   0.00000000       0.00000000      0.212086335      0.977250338    
   0.00000000       0.00000000      0.217227429      0.976120412    
   0.00000000       0.00000000      0.222393557      0.974956572    
   0.00000000       0.00000000      0.227583244      0.973758161    
   0.00000000       0.00000000      0.232795417      0.972525299    
   0.00000000       0.00000000      0.238028735      0.971257746    
   0.00000000       0.00000000      0.243281677      0.969955325    
   0.00000000       0.00000000      0.248553142      0.968617976    
   0.00000000       0.00000000      0.253841788      0.967245519    
   0.00000000       0.00000000      0.259146363      0.965837896    
   0.00000000       0.00000000      0.264465421      0.964394927    
   0.00000000       0.00000000      0.269797951      0.962916732    
   0.00000000       0.00000000      0.275142461      0.961403310    
   0.00000000       0.00000000      0.280497879      0.959854662    
   0.00000000       0.00000000      0.285862714      0.958270490    
   0.00000000       0.00000000      0.291236073      0.956651092    
   0.00000000       0.00000000      0.296616405      0.954996705    
   0.00000000       0.00000000      0.302002728      0.953307033    
   0.00000000       0.00000000      0.307393640      0.951582551    
   0.00000000       0.00000000      0.312787801      0.949823201    
   0.00000000       0.00000000      0.318184316      0.948029041    
   0.00000000       0.00000000      0.323581904      0.946200371    
   0.00000000       0.00000000      0.328979224      0.944337308    
   0.00000000       0.00000000      0.334375173      0.942440331    
   0.00000000       0.00000000      0.339768767      0.940509319    
   0.00000000       0.00000000      0.345158458      0.938544750    
   0.00000000       0.00000000      0.350543320      0.936546803    
   0.00000000       0.00000000      0.355922341      0.934516013    
   0.00000000       0.00000000      0.361294121      0.932452381    
   0.00000000       0.00000000      0.366657495      0.930356562    
   0.00000000       0.00000000      0.372011572      0.928228617    
   0.00000000       0.00000000      0.377355248      0.926069081    
   0.00000000       0.00000000      0.382687271      0.923878491    
   0.00000000       0.00000000      0.388006568      0.921657264    
   0.00000000       0.00000000      0.393311948      0.919405699    
   0.00000000       0.00000000      0.398602545      0.917124331    
   0.00000000       0.00000000      0.403877109      0.914813995    
   0.00000000       0.00000000      0.409134775      0.912474871    
   0.00000000       0.00000000      0.414374352      0.910107255    
   0.00000000       0.00000000      0.419594705      0.907712460    
   0.00000000       0.00000000      0.424795032      0.905290365    
   0.00000000       0.00000000      0.429974198      0.902841926    
   0.00000000       0.00000000      0.435131222      0.900367856    
   0.00000000       0.00000000      0.440265000      0.897868931    
   0.00000000       0.00000000      0.445374668      0.895345211    
   0.00000000       0.00000000      0.450459242      0.892798066    
   0.00000000       0.00000000      0.455517650      0.890227914    
   0.00000000       0.00000000      0.460549027      0.887635350    
   0.00000000       0.00000000      0.465552390      0.885021567    
   0.00000000       0.00000000      0.470526785      0.882386923    
   0.00000000       0.00000000      0.475471228      0.879732668    
   0.00000000       0.00000000      0.480384916      0.877059102    
   0.00000000       0.00000000      0.485266864      0.874367476    
   0.00000000       0.00000000      0.490116209      0.871658623    
   0.00000000       0.00000000      0.494932055      0.868933141    
   0.00000000       0.00000000      0.499713480      0.866192341    
   0.00000000       0.00000000      0.504459679      0.863436878    
   0.00000000       0.00000000      0.509169757      0.860667706    
   0.00000000       0.00000000      0.513843000      0.857885957    
   0.00000000       0.00000000      0.518478274      0.855092525    
   0.00000000       0.00000000      0.523075044      0.852288306    
   0.00000000       0.00000000      0.527632296      0.849474549    
   0.00000000       0.00000000      0.532149374      0.846652150    
   0.00000000       0.00000000      0.536625445      0.843822300    
   0.00000000       0.00000000      0.541059673      0.840986013    
   0.00000000       0.00000000      0.545451224      0.838144362    
   0.00000000       0.00000000      0.549799383      0.835298538    
   0.00000000       0.00000000      0.554103613      0.832449555    
   0.00000000       0.00000000      0.558362842      0.829598904    
   0.00000000       0.00000000      0.562576532      0.826747239    
   0.00000000       0.00000000      0.566743910      0.823895931    
   0.00000000       0.00000000      0.570864081      0.821046472    
   0.00000000       0.00000000      0.574936569      0.818199992    
   0.00000000       0.00000000      0.578960538      0.815357625    
   0.00000000       0.00000000      0.582935333      0.812520504    
   0.00000000       0.00000000      0.586860299      0.809690297    
   0.00000000       0.00000000      0.590734720      0.806868076    
   0.00000000       0.00000000      0.594557941      0.804054976    
   0.00000000       0.00000000      0.598329127      0.801252723    
   0.00000000       0.00000000      0.602048039      0.798462093    
   0.00000000       0.00000000      0.605713487      0.795685232    
   0.00000000       0.00000000      0.609325230      0.792922735    
   0.00000000       0.00000000      0.612882376      0.790176451    
   0.00000000       0.00000000      0.616384447      0.787447929    
   0.00000000       0.00000000      0.619830728      0.784738004    
   0.00000000       0.00000000      0.623220623      0.782048523    
   0.00000000       0.00000000      0.626553476      0.779380798    
   0.00000000       0.00000000      0.629828691      0.776736617    
   0.00000000       0.00000000      0.633045614      0.774116755    
   0.00000000       0.00000000      0.636203587      0.771523476    
   0.00000000       0.00000000      0.639302135      0.768958151    
   0.00000000       0.00000000      0.642340481      0.766421735    
   0.00000000       0.00000000      0.645318031      0.763916373    
   0.00000000       0.00000000      0.648234367      0.761443257    
   0.00000000       0.00000000      0.651088655      0.759004056    
   0.00000000       0.00000000      0.653880298      0.756600499    
   0.00000000       0.00000000      0.656608641      0.754233897    
   0.00000000       0.00000000      0.659273148      0.751906037    
   0.00000000       0.00000000      0.661873281      0.749618292    
   0.00000000       0.00000000      0.664408147      0.747372389    
   0.00000000       0.00000000      0.666877210      0.745170057    
   0.00000000       0.00000000      0.669279814      0.743013024    
   0.00000000       0.00000000      0.671615422      0.740902424    
   0.00000000       0.00000000      0.673883200      0.738840461    
   0.00000000       0.00000000      0.676082551      0.736828327    
   0.00000000       0.00000000      0.678212643      0.734868050    
   0.00000000       0.00000000      0.680272996      0.732961178    
   0.00000000       0.00000000      0.682262897      0.731109202    
   0.00000000       0.00000000      0.684181452      0.729314148    
   0.00000000       0.00000000      0.686028063      0.727577507    
   0.00000000       0.00000000      0.687801480      0.725900888    
   0.00000000       0.00000000      0.689501762      0.724286318    
   0.00000000       0.00000000      0.691127598      0.722735047    
   0.00000000       0.00000000      0.692678273      0.721249104    
   0.00000000       0.00000000      0.694152653      0.719829738    
   0.00000000       0.00000000      0.695550859      0.718479097    
   0.00000000       0.00000000      0.696871221      0.717198431    
   0.00000000       0.00000000      0.698112845      0.715989649    
   0.00000000       0.00000000      0.699275613      0.714854360    
   0.00000000       0.00000000      0.700358331      0.713793516    
   0.00000000       0.00000000      0.701360106      0.712808847    
   0.00000000       0.00000000      0.702281237      0.711901367    
   0.00000000       0.00000000      0.703121424      0.711071312    
   0.00000000       0.00000000      0.703880787      0.710319757    
   0.00000000       0.00000000      0.704559624      0.709646463    
   0.00000000       0.00000000      0.705157936      0.709051788    
   0.00000000       0.00000000      0.705676138      0.708535790    
   0.00000000       0.00000000      0.706114233      0.708099186    
   0.00000000       0.00000000      0.706472456      0.707741678    
   0.00000000       0.00000000      0.706750870      0.707463384    
   0.00000000       0.00000000      0.706949711      0.707264543    
   0.00000000       0.00000000      0.707068741      0.707145214    
   0.00000000       0.00000000      0.707108080      0.707105517    
