   1.00000000    
   1.00988531    
  0.377150923    
  0.301765501    
  0.267164230    
  0.184079155    
  0.156966791    
  0.138133287    
  0.122448646    
  0.109596737    
   9.88776386E-02
   8.98866206E-02
   8.22817236E-02
   7.57803172E-02
   7.02189356E-02
   6.54107034E-02
   6.12428412E-02
   5.75947352E-02
   5.43648526E-02
   5.14883548E-02
   4.89076115E-02
   4.65793833E-02
   4.44687642E-02
   4.25370112E-02
   4.07771878E-02
   3.91629525E-02
   3.76672558E-02
   3.62810865E-02
   3.49938236E-02
   3.38099562E-02
   3.26859504E-02
   3.16486396E-02
   3.06671318E-02
   2.97512896E-02
   2.88878474E-02
   2.80674044E-02
   2.73005515E-02
   2.65695564E-02
   2.58729123E-02
   2.52218358E-02
   2.45996788E-02
   2.40048729E-02
   2.34371126E-02
   2.28991266E-02
   2.23807618E-02
   2.18893662E-02
   2.14172453E-02
   2.09684167E-02
   2.05349792E-02
   2.01240759E-02
   1.97242685E-02
   1.93390530E-02
   1.89688448E-02
   1.86164919E-02
   1.82747915E-02
   1.79445278E-02
   1.76266748E-02
   1.73193086E-02
   1.70219317E-02
   1.67373493E-02
   1.64595433E-02
   1.61908437E-02
   1.59321520E-02
   1.56816170E-02
   1.54376216E-02
   1.52036464E-02
   1.49753820E-02
   1.47538949E-02
   1.45380273E-02
   1.43282022E-02
   1.41254859E-02
   1.39284031E-02
   1.37357470E-02
   1.35506224E-02
   1.33682983E-02
   1.31912157E-02
   1.30192190E-02
   1.28516350E-02
   1.26890074E-02
   1.25299413E-02
   1.23746563E-02
   1.22226328E-02
   1.20752063E-02
   1.19307786E-02
   1.17892809E-02
   1.16511453E-02
   1.15166977E-02
   1.13853207E-02
   1.12564294E-02
   1.11304326E-02
   1.10075185E-02
   1.08870175E-02
   1.07692331E-02
   1.06548835E-02
   1.05420155E-02
   1.04328059E-02
   1.03246793E-02
   1.02187870E-02
   1.01150321E-02
   1.00136381E-02
   9.91424639E-03
   9.81719326E-03
   9.72134806E-03
   9.62739158E-03
   9.53548588E-03
   9.44558065E-03
   9.35678184E-03
   9.26964078E-03
   9.18411184E-03
   9.10046138E-03
   9.01851710E-03
   8.93818494E-03
   8.85919388E-03
   8.78192950E-03
   8.70514940E-03
   8.62969924E-03
   8.55576433E-03
   8.48347880E-03
   8.41190480E-03
   8.34162533E-03
   8.27285741E-03
   8.20486434E-03
   8.13797954E-03
   8.07218812E-03
   8.00748821E-03
   7.94379693E-03
   7.88094290E-03
   7.81925488E-03
   7.75844138E-03
   7.69875944E-03
   7.63996644E-03
   7.58188590E-03
   7.52485730E-03
   7.46845733E-03
   7.41288718E-03
   7.35846860E-03
   7.30476761E-03
   7.25160260E-03
   7.19921757E-03
   7.14783510E-03
   7.09740678E-03
   7.04747206E-03
   6.99798018E-03
   6.94917934E-03
   6.90105511E-03
   6.85359444E-03
   6.80706324E-03
   6.76108897E-03
   6.71553053E-03
   6.67097373E-03
   6.62661949E-03
   6.58311322E-03
   6.54051546E-03
   6.49799034E-03
   6.45590341E-03
   6.41458295E-03
   6.37364248E-03
   6.33336930E-03
   6.29364839E-03
   6.25450443E-03
   6.21573580E-03
   6.17761444E-03
   6.13975059E-03
   6.10227184E-03
   6.06514793E-03
   6.02848595E-03
   5.99225238E-03
   5.95645281E-03
   5.92107885E-03
   5.88640291E-03
   5.85197145E-03
   5.81828272E-03
   5.78463497E-03
   5.75148966E-03
   5.71871502E-03
   5.68610756E-03
   5.65397739E-03
   5.62253036E-03
   5.59100648E-03
   5.56003302E-03
   5.52920485E-03
   5.49871661E-03
   5.46897482E-03
   5.43914642E-03
   5.41002350E-03
   5.38101280E-03
   5.35246031E-03
   5.32404659E-03
   5.29594254E-03
   5.26798284E-03
   5.24030440E-03
   5.21291513E-03
   5.18581085E-03
   5.15919458E-03
   5.13324793E-03
   5.10727102E-03
   5.08125359E-03
   5.05565666E-03
   5.03038103E-03
   5.00513986E-03
   4.98030568E-03
   4.95571503E-03
   4.93121706E-03
   4.90726344E-03
   4.88324137E-03
   4.85960906E-03
   4.83620027E-03
   4.81309509E-03
   4.78998479E-03
   4.76709614E-03
   4.74442495E-03
   4.72196843E-03
   4.69972380E-03
   4.67768870E-03
   4.65586130E-03
   4.63445811E-03
   4.61340183E-03
   4.59221378E-03
   4.57151746E-03
   4.55082580E-03
   4.53016255E-03
   4.50968649E-03
   4.48939484E-03
   4.46963031E-03
   4.44985740E-03
   4.43010265E-03
   4.41071484E-03
   4.39132145E-03
   4.37215529E-03
   4.35308134E-03
   4.33417270E-03
   4.31562169E-03
   4.29737289E-03
   4.27894481E-03
   4.26068110E-03
   4.24256595E-03
   4.22480004E-03
   4.20716871E-03
   4.18967241E-03
   4.17258590E-03
   4.15521162E-03
   4.13798168E-03
   4.12089378E-03
   4.10423335E-03
   4.08742111E-03
   4.07076441E-03
   4.05450724E-03
   4.03823238E-03
   4.02208604E-03
   4.00608452E-03
   3.99006857E-03
   3.97417927E-03
   3.95867229E-03
   3.94325750E-03
   3.92790185E-03
   3.91259789E-03
   3.89741780E-03
   3.88243562E-03
   3.86749487E-03
   3.85256624E-03
   3.83775239E-03
   3.82315461E-03
   3.80857172E-03
   3.79409408E-03
   3.77988443E-03
   3.76562378E-03
   3.75147047E-03
   3.73742357E-03
   3.72348097E-03
   3.70978471E-03
   3.69616342E-03
   3.68273328E-03
   3.66919767E-03
   3.65587021E-03
   3.64265800E-03
   3.62962205E-03
   3.61654465E-03
   3.60358902E-03
   3.59062664E-03
   3.57775879E-03
   3.56499548E-03
   3.55232856E-03
   3.53973196E-03
   3.52746667E-03
   3.51504725E-03
   3.50288139E-03
   3.49063263E-03
   3.47867981E-03
   3.46660148E-03
   3.45471129E-03
   3.44289420E-03
   3.43116140E-03
   3.41954175E-03
   3.40788742E-03
   3.39646498E-03
   3.38502717E-03
   3.37358820E-03
   3.36223654E-03
   3.35103879E-03
   3.33999470E-03
   3.32885794E-03
   3.31780501E-03
   3.30704777E-03
   3.29620042E-03
   3.28542851E-03
   3.27465357E-03
   3.26402020E-03
   3.25354771E-03
   3.24297929E-03
   3.23254801E-03
   3.22211534E-03
   3.21188453E-03
   3.20158480E-03
   3.19135096E-03
   3.18126101E-03
   3.17115663E-03
   3.16119147E-03
   3.15121748E-03
   3.14130122E-03
   3.13144876E-03
   3.12176370E-03
   3.11226654E-03
   3.10259545E-03
   3.09312716E-03
   3.08357435E-03
   3.07408045E-03
   3.06464522E-03
   3.22635169E-03
   3.04635288E-03
   3.03708669E-03
   3.02793272E-03
   3.01884348E-03
   3.00985272E-03
   3.00080725E-03
   2.99184583E-03
   2.98290816E-03
   2.97408947E-03
   2.96525727E-03
   2.95647769E-03
   2.94779567E-03
   2.93919560E-03
   2.93056923E-03
   2.92199361E-03
   2.91347969E-03
   2.90500675E-03
   2.89666839E-03
   2.88828998E-03
   2.88017094E-03
   2.87188729E-03
   2.86373193E-03
   2.85577634E-03
   2.84769107E-03
   2.83959322E-03
   2.83154286E-03
   2.82360171E-03
   2.81564030E-03
   2.80785607E-03
   2.80004088E-03
   2.79226899E-03
   2.78453901E-03
   2.77685164E-03
   2.76915170E-03
   2.76155095E-03
   2.75404588E-03
   2.74647144E-03
   2.73899361E-03
   2.73150299E-03
   2.72416300E-03
   2.71680509E-03
   2.70943553E-03
   2.70216120E-03
   2.69492343E-03
   2.68772221E-03
   2.68050795E-03
   2.67333235E-03
   2.66625546E-03
   2.65916809E-03
   2.65221950E-03
   2.64533935E-03
   2.63835327E-03
   2.63148872E-03
   2.62457319E-03
   2.61773844E-03
   2.61094072E-03
   2.60413252E-03
   2.59740814E-03
   2.59067025E-03
   2.58397241E-03
   2.57731322E-03
   2.57067918E-03
   2.56413850E-03
   2.55768257E-03
   2.55115074E-03
   2.54465197E-03
   2.53829686E-03
   2.53200298E-03
   2.52564065E-03
   2.51926971E-03
   2.51293113E-03
   2.50662398E-03
   2.50034872E-03
   2.49416009E-03
   2.48802430E-03
   2.48184172E-03
   2.47569219E-03
   2.46957317E-03
   2.46353890E-03
   2.45755888E-03
   2.45157699E-03
   2.44557555E-03
   2.43970472E-03
   2.43384787E-03
   2.42800824E-03
   2.42212019E-03
   2.41626077E-03
   2.41047051E-03
   2.40466720E-03
   2.39889161E-03
   2.39323266E-03
   2.38755415E-03
   2.38193921E-03
   2.37627234E-03
   2.37063458E-03
   2.36510322E-03
   2.35951599E-03
   2.35399674E-03
   2.34848307E-03
   2.34297896E-03
   2.33749580E-03
   2.33203825E-03
   2.32660607E-03
   2.32125074E-03
   2.31591868E-03
   2.31058802E-03
   2.30525550E-03
   2.29994743E-03
   2.29466404E-03
   2.28946307E-03
   2.28423183E-03
   2.27902015E-03
   2.27391999E-03
   2.26875511E-03
   2.26372504E-03
   2.25874037E-03
   2.25364510E-03
   2.24861386E-03
   2.24363967E-03
   2.23867549E-03
   2.23369966E-03
   2.22874829E-03
   2.22381530E-03
   2.21890584E-03
   2.21398775E-03
   2.20912229E-03
   2.20427848E-03
   2.19948497E-03
   2.19465233E-03
   2.18984112E-03
   2.18508625E-03
   2.18034862E-03
   2.17560004E-03
   2.17091013E-03
   2.16620252E-03
   2.16155103E-03
   2.15691910E-03
   2.15233816E-03
   2.14774278E-03
   2.14313506E-03
   2.13860790E-03
   2.13406561E-03
   2.12956895E-03
   2.12508976E-03
   2.12057866E-03
   2.11610994E-03
   2.11168663E-03
   2.10723211E-03
   2.10282160E-03
   2.09845486E-03
   2.09405622E-03
   2.08971952E-03
   2.08535744E-03
   2.08105939E-03
   2.07674480E-03
   2.07246095E-03
   2.06817035E-03
   2.06392538E-03
   2.05971836E-03
   2.05548038E-03
   2.05125962E-03
   2.04711105E-03
   2.04295013E-03
   2.03878060E-03
   2.03462830E-03
   2.03050813E-03
   2.02638912E-03
   2.02228921E-03
   2.01820373E-03
   2.01417296E-03
   2.01018574E-03
   2.00617802E-03
   2.00223667E-03
   1.99827715E-03
   1.99430995E-03
   1.99037674E-03
   1.98647194E-03
   1.98252988E-03
   1.97863812E-03
   1.97474286E-03
   1.97085598E-03
   1.96699309E-03
   1.96313718E-03
   1.95930642E-03
   1.95549289E-03
   1.95167272E-03
   1.94788969E-03
   1.94412144E-03
   1.94036693E-03
   1.93660555E-03
   1.93290424E-03
   1.92917185E-03
   1.92547799E-03
   1.92182162E-03
   1.91817305E-03
   1.91449712E-03
   1.91084109E-03
   1.90719333E-03
   1.90355943E-03
   1.89993938E-03
   1.89638347E-03
   1.89279066E-03
   1.88923697E-03
   1.88571925E-03
   1.88218802E-03
   1.87869195E-03
   1.87516666E-03
   1.87167525E-03
   1.86818570E-03
   1.86472025E-03
   1.86126877E-03
   1.85781880E-03
   1.85441342E-03
   1.85099617E-03
   1.84760941E-03
   1.84424699E-03
   1.84084882E-03
   1.83746230E-03
   1.83410756E-03
   1.83076609E-03
   1.82743568E-03
   1.82411657E-03
   1.82079116E-03
   1.81749905E-03
   1.81421998E-03
   1.81093148E-03
   1.80765497E-03
   2.45313975E-03
   2.28179665E-03
   2.17362377E-03
   3.94280814E-03
   3.77939548E-03
   2.75210640E-03
   1.78521452E-03
   1.78205641E-03
   1.77888351E-03
   1.77574076E-03
   1.77262572E-03
   1.76948635E-03
   1.76635885E-03
   1.76324171E-03
   1.76015741E-03
   1.75706204E-03
   1.75400032E-03
   1.75095815E-03
   1.74793520E-03
   1.74488255E-03
   1.74185983E-03
   1.73882756E-03
   1.73580670E-03
   1.73279713E-03
   1.72982144E-03
   1.72685599E-03
   1.72391883E-03
   1.72096933E-03
   1.71801099E-03
   1.71506195E-03
   1.71212305E-03
   1.70919427E-03
   1.70634466E-03
   1.70347490E-03
   1.70059246E-03
   1.69770292E-03
   1.69482327E-03
   1.69195328E-03
   1.68909295E-03
   1.68629561E-03
   1.68345426E-03
   1.68062351E-03
   4.73756669E-03
   1.67505490E-03
   1.73911208E-03
   1.66949572E-03
   2.20594159E-03
   2.20108102E-03
   2.19624164E-03
   9.06996056E-03
   1.65574229E-03
   1.65300304E-03
   1.86165608E-03
   1.85819354E-03
   2.93581327E-03
   3.65194748E-03
   2.84258020E-03
   2.59210193E-03
   2.59882957E-03
   9.53476410E-03
   5.06931311E-03
   4.37189965E-03
   2.40693707E-03
   8.77930783E-03
   1.61839172E-03
   1.61577458E-03
   3.79151641E-03
   1.61061727E-03
   1.60802540E-03
   1.60544249E-03
   1.60286715E-03
   1.60030008E-03
   1.59774115E-03
   1.59521191E-03
   1.59267883E-03
   1.59014412E-03
   1.58764073E-03
   1.58513244E-03
   1.58262171E-03
   1.58011902E-03
   1.57766999E-03
   1.57518301E-03
   1.57270452E-03
   1.57023303E-03
   1.56781811E-03
   1.56538247E-03
   1.56293390E-03
   1.56049314E-03
   1.55808392E-03
   1.55569951E-03
   1.55333464E-03
   1.55093847E-03
   1.54853484E-03
   1.54613878E-03
   1.54375017E-03
   1.54136878E-03
   1.53899484E-03
   1.53664965E-03
   1.53432472E-03
   1.53198850E-03
   1.52966019E-03
   1.52733899E-03
   1.52500789E-03
   1.52270088E-03
   1.52038469E-03
   1.51807501E-03
   1.80190755E-03
   1.51351735E-03
   1.51126168E-03
   1.50897948E-03
   1.50673511E-03
   1.50446652E-03
   1.50220399E-03
   1.49997999E-03
   1.49775355E-03
   1.49551197E-03
   1.49327784E-03
   1.49105024E-03
   1.48884300E-03
   1.48662797E-03
   1.48443587E-03
   1.48225110E-03
   1.48005562E-03
   1.47786667E-03
   1.47568865E-03
   1.47351250E-03
   1.47134578E-03
   1.46921282E-03
   1.46707625E-03
   1.46492559E-03
   1.46278122E-03
   1.46064302E-03
   1.45851122E-03
   1.45638851E-03
   1.45426823E-03
   1.45215564E-03
   1.45004841E-03
   1.44799729E-03
   1.44592603E-03
   1.44385628E-03
   1.44179398E-03
   1.43971667E-03
   1.70831406E-03
   1.90392253E-03
   1.97995990E-03
   1.43153360E-03
   1.78195874E-03
   1.42750458E-03
   1.42546825E-03
   2.20598234E-03
   1.96459657E-03
   1.87051797E-03
   5.02499286E-03
   1.41544396E-03
   1.41344185E-03
   1.45233807E-03
   1.40948291E-03
   1.40752865E-03
   1.40555459E-03
   1.40359439E-03
   1.40164536E-03
   1.39968214E-03
   1.39773404E-03
   1.39579084E-03
   1.39384472E-03
   1.39190804E-03
   1.38997205E-03
   1.38804130E-03
   1.38612289E-03
   1.38421601E-03
   1.38232170E-03
   1.38042320E-03
   1.37853133E-03
   1.37664343E-03
   1.37474958E-03
   1.37289532E-03
   1.37101172E-03
   1.36913336E-03
   1.36727106E-03
   1.36541377E-03
   1.36358151E-03
   1.36172341E-03
   1.35987042E-03
   1.36574125E-03
   1.36387721E-03
   3.41571495E-03
   1.35255151E-03
   1.35075103E-03
   1.34892762E-03
   1.34710921E-03
   1.41994085E-03
   1.34350301E-03
   1.34170859E-03
   1.33991940E-03
   1.33812521E-03
   1.33633520E-03
   1.33455056E-03
   1.33277115E-03
   1.33102317E-03
   1.32925273E-03
   1.32749230E-03
   1.32573128E-03
   1.32398878E-03
   1.32223708E-03
   1.32048980E-03
   1.31878885E-03
   1.31707091E-03
   1.31534203E-03
   1.31362374E-03
   1.31189986E-03
   1.31017982E-03
   1.30846968E-03
   1.30677037E-03
   1.30507571E-03
   1.30338536E-03
   1.30168779E-03
   1.29999442E-03
   1.29831210E-03
   1.29662757E-03
   1.29495456E-03
   1.29329227E-03
   1.29164662E-03
   1.28999096E-03
   1.28832797E-03
   1.28669175E-03
   1.28504762E-03
   1.28340756E-03
   1.28176156E-03
   1.28014095E-03
   1.27850322E-03
   1.27687980E-03
   1.27526710E-03
   1.27364171E-03
   1.27204857E-03
   1.27043156E-03
   1.26882677E-03
   1.26721791E-03
   1.26562279E-03
   1.26402196E-03
   1.26243022E-03
   1.26083754E-03
   1.25928654E-03
   1.25770119E-03
   1.25612970E-03
   1.25457661E-03
   1.25301117E-03
   1.25144213E-03
   1.24989450E-03
   1.24833325E-03
   1.24677597E-03
   1.24523055E-03
   1.24368828E-03
   1.24214252E-03
   1.24061794E-03
   1.23908778E-03
   1.23756833E-03
   1.23603770E-03
   1.23451091E-03
   1.23300694E-03
   1.23149436E-03
   1.22998236E-03
   1.22847711E-03
   1.22696895E-03
   1.22546440E-03
   1.22398080E-03
   1.22249150E-03
   1.22101256E-03
   1.21952256E-03
   1.21804408E-03
   1.21656933E-03
   1.21508958E-03
   1.21361832E-03
   1.21214637E-03
   1.21067790E-03
   1.20921305E-03
   1.20775169E-03
   1.20629393E-03
   1.20485178E-03
   1.20341312E-03
   1.20197656E-03
   1.20054407E-03
   1.19910436E-03
   1.19767280E-03
   1.19623914E-03
   1.19482097E-03
   1.19341572E-03
   1.19200198E-03
   1.19059137E-03
   1.18917471E-03
   1.18776143E-03
   1.18636212E-03
   1.18495547E-03
   1.18355232E-03
   1.18216360E-03
   1.18076743E-03
   1.17939711E-03
   1.17800699E-03
   1.17662072E-03
   1.17523700E-03
   3.12837120E-03
   1.51534460E-03
   1.51764252E-03
   3.29398015E-03
   1.53496489E-03
   1.16707350E-03
   1.16571225E-03
   1.16435415E-03
   1.16299931E-03
   2.05702940E-03
   2.06728722E-03
   2.06301804E-03
   2.05876632E-03
   7.23829446E-03
   3.19241686E-03
   4.97512938E-03
   1.18805154E-03
   1.18664093E-03
   1.14970608E-03
   1.14838558E-03
   1.68416346E-03
   1.14578393E-03
   1.14447204E-03
   1.14316354E-03
   1.14185747E-03
   1.14055432E-03
   2.17471342E-03
   1.13798643E-03
   1.13670575E-03
   1.13541447E-03
   1.13412598E-03
   1.13284087E-03
   1.55263231E-03
   1.13030127E-03
   1.17164606E-03
   1.12775620E-03
   1.12649018E-03
   1.12523092E-03
   1.12397270E-03
   1.12271740E-03
   1.12145767E-03
   1.12020189E-03
   1.11896079E-03
   1.11771701E-03
   1.11647532E-03
   1.11524097E-03
   1.11399789E-03
   1.11276424E-03
   1.11153862E-03
   1.11030985E-03
   1.10907771E-03
   1.10786164E-03
   1.10664591E-03
   1.10542751E-03
   1.10420899E-03
   1.10299594E-03
   1.10177998E-03
   1.10057229E-03
   1.09936157E-03
   1.09815365E-03
   1.09694840E-03
   1.09575782E-03
   1.09457201E-03
   1.09338062E-03
   1.09219179E-03
   1.09101157E-03
   1.08982902E-03
   1.08864799E-03
   1.08746346E-03
   1.08628743E-03
   1.08511408E-03
   1.08394318E-03
   1.08277483E-03
   1.08161103E-03
   1.08044781E-03
   1.07928098E-03
   1.07811682E-03
   1.07696489E-03
   1.07581157E-03
   1.07465487E-03
   1.07350701E-03
   1.07235520E-03
   1.07120536E-03
   3.67845595E-03
   3.65870842E-03
   1.14537135E-03
   1.11671444E-03
   1.06553559E-03
   1.06441253E-03
   1.06328027E-03
   1.06216141E-03
   1.06103916E-03
   1.05991389E-03
   1.05879048E-03
   1.05767697E-03
   1.05656416E-03
   1.05544855E-03
   1.05433515E-03
   1.65338430E-03
   1.70539157E-03
   1.05103618E-03
   1.04994280E-03
   1.04884093E-03
   1.04774709E-03
   1.04666105E-03
   1.04557083E-03
   1.04448700E-03
   1.04340131E-03
   1.04232633E-03
   1.04124413E-03
   1.04016415E-03
   1.03908277E-03
   1.03800732E-03
   1.03693560E-03
   1.03586714E-03
   1.03479624E-03
   1.03372603E-03
   1.03265804E-03
   1.03159901E-03
   1.03054033E-03
   1.02948863E-03
   1.02843461E-03
   1.02738210E-03
   1.02633901E-03
   1.02528615E-03
   1.02423539E-03
   1.02318695E-03
   1.02215167E-03
   1.02111301E-03
   1.02008053E-03
   1.01904513E-03
   1.01801183E-03
   1.01697596E-03
   1.01595942E-03
   1.01493543E-03
   1.01390947E-03
   1.01288513E-03
   1.01185974E-03
   1.01083633E-03
   1.00982003E-03
   1.00880081E-03
   1.00779068E-03
   1.00677565E-03
   1.00576610E-03
   1.00475503E-03
   1.00375456E-03
   1.00275245E-03
   1.00175454E-03
   1.00075162E-03
   9.99750686E-04
   9.98757081E-04
   9.97760100E-04
   9.96770570E-04
   9.95783950E-04
   9.94792790E-04
   1.20244839E-03
   1.31241162E-03
   1.31413527E-03
   1.25535345E-03
   1.25693029E-03
   7.34084519E-03
   9.87942680E-04
   2.00369186E-03
   9.86011582E-04
   9.85050690E-04
   9.84090846E-04
   9.83127276E-04
   9.82163241E-04
   9.81202349E-04
   9.80239944E-04
   9.79284174E-04
   9.78331547E-04
   9.77378804E-04
   9.76425363E-04
   9.75480187E-04
   9.74533265E-04
   9.73584072E-04
   9.72645998E-04
   9.71700530E-04
   9.70761583E-04
   9.69824556E-04
   9.68892185E-04
   9.67953936E-04
   9.67017433E-04
   9.66082793E-04
   9.65155195E-04
   9.64224106E-04
   9.63294879E-04
   9.62373626E-04
   9.61448357E-04
   9.60529782E-04
   9.59619123E-04
   9.58698685E-04
   9.57779994E-04
   9.56863107E-04
   9.55947908E-04
   9.55040683E-04
   9.54135670E-04
   9.53231996E-04
   9.52335249E-04
   9.51433962E-04
   9.50534362E-04
   9.49640293E-04
   9.48744128E-04
   9.47844470E-04
   9.46950226E-04
   9.46062384E-04
   9.45171632E-04
   9.44278727E-04
   9.43387451E-04
   9.42507701E-04
   9.41619859E-04
   9.40738828E-04
   9.39857098E-04
   9.38977988E-04
   9.38102254E-04
   9.37230187E-04
   9.36352182E-04
   9.35487973E-04
   9.34619922E-04
   9.33750533E-04
   9.32882249E-04
   9.32012335E-04
   9.31147893E-04
   9.30288632E-04
   9.29425179E-04
   9.28561611E-04
   9.27700778E-04
   9.26842855E-04
   9.26000066E-04
   9.25142958E-04
   9.24290740E-04
   9.23440908E-04
   9.22596431E-04
   9.21745668E-04
   9.20903403E-04
   9.20058985E-04
   9.19219689E-04
   9.18378355E-04
   9.17535333E-04
   9.16697492E-04
   9.15857498E-04
   9.15019133E-04
   9.14186763E-04
   9.13359108E-04
   9.12528951E-04
   9.11696581E-04
   9.10873991E-04
   9.10047907E-04
   9.09223221E-04
   9.08396963E-04
   9.07579320E-04
   9.06759640E-04
   9.05937864E-04
   9.05121618E-04
   9.04302753E-04
   9.03485285E-04
   9.02673870E-04
   9.01859428E-04
   9.01059073E-04
   9.00247600E-04
   8.99437466E-04
   1.72355864E-03
   8.97834660E-04
   8.97034770E-04
   8.96230922E-04
   8.95428006E-04
   8.94626544E-04
   1.06091460E-03
   8.93032411E-04
   8.92248645E-04
   8.91452888E-04
   8.90658586E-04
   8.89867020E-04
   8.89074581E-04
   8.88296403E-04
   8.87512113E-04
   8.86725669E-04
   8.85944173E-04
   8.85164016E-04
   8.84380832E-04
   8.83603469E-04
   8.82823020E-04
   1.97017915E-03
   1.96630135E-03
   1.87036628E-03
   1.87386770E-03
   8.78959196E-04
   8.78187013E-04
   8.77416111E-04
   8.76652310E-04
   8.75884085E-04
   1.31730759E-03
   1.12324615E-03
   8.73594545E-04
   4.03801911E-03
   8.72084987E-04
   1.37692271E-03
   1.37881993E-03
   3.06389271E-03
   3.41039361E-03
   2.52633099E-03
   2.51995656E-03
   1.92978990E-03
   8.66079237E-04
   8.65329464E-04
   8.64582777E-04
   8.63838999E-04
   8.63093068E-04
   8.62354529E-04
   8.61615525E-04
   8.60876928E-04
   8.60136119E-04
   8.59397114E-04
   1.13199849E-03
   9.50797112E-04
   8.57190404E-04
   1.37707044E-03
   1.37896813E-03
   3.48332967E-03
   2.27874401E-03
   2.27355724E-03
   4.77826083E-03
   9.10348084E-04
   9.11177194E-04
   8.50665150E-04
   8.49950360E-04
   8.49228236E-04
   8.48509313E-04
   8.47793010E-04
   8.47080839E-04
   8.46363546E-04
   8.45650909E-04
   8.44936061E-04
   8.44224531E-04
   8.43512127E-04
   8.42800888E-04
   8.42090871E-04
   8.41384113E-04
   8.40676483E-04
   8.39970075E-04
   8.39269429E-04
   8.38565349E-04
   8.37862433E-04
   8.37166561E-04
   8.36468535E-04
   8.35774175E-04
   8.35077197E-04
   8.34385981E-04
   8.33699247E-04
   8.33009079E-04
   8.32320249E-04
   8.31627753E-04
   8.30936478E-04
   8.30250210E-04
   8.29561148E-04
   8.28885299E-04
   8.28198506E-04
   8.27520795E-04
   8.26843607E-04
   8.26160249E-04
   8.25477997E-04
   8.24797607E-04
   8.24117626E-04
   8.23442882E-04
   8.22765112E-04
   1.36988820E-03
   1.37176597E-03
   1.37364899E-03
   2.29964661E-03
   1.37644564E-03
   1.34446914E-03
   1.34266273E-03
   1.34086120E-03
   6.96924515E-03
   8.16078275E-04
   1.67937193E-03
   8.14758125E-04
   8.14101077E-04
   8.13438615E-04
   8.12777143E-04
   8.12120910E-04
   8.11465667E-04
   8.10813159E-04
   8.10160011E-04
   8.09506688E-04
   8.08853249E-04
   8.08200100E-04
   8.07553995E-04
   8.06902128E-04
   8.06254568E-04
   8.05604795E-04
   8.04959214E-04
   8.04317533E-04
   8.03671719E-04
   8.03033647E-04
   8.02393479E-04
   8.01752671E-04
   8.01110116E-04
   8.00468551E-04
   7.99830828E-04
   7.99191301E-04
   7.98560854E-04
   7.97928602E-04
   7.97292159E-04
   7.96658860E-04
   7.96026899E-04
   7.95393484E-04
   7.94761116E-04
   7.94130086E-04
   7.93499697E-04
   7.92870356E-04
   1.04535045E-03
   1.04644382E-03
   1.70187920E-03
   1.18109933E-03
   1.13164808E-03
   8.65271664E-04
   8.16526066E-04
   7.87905068E-04
   7.87292083E-04
   7.86672463E-04
   7.86058197E-04
   7.85440556E-04
   7.84825825E-04
   7.84213073E-04
   7.83598283E-04
   7.82987685E-04
   7.82374875E-04
   1.30070816E-03
   7.81162991E-04
   7.80553790E-04
   7.79944763E-04
   1.70130213E-03
   1.69841014E-03
   4.26508160E-03
   4.28331131E-03
   7.08445627E-03
   7.03444378E-03
   5.24781737E-03
   5.27542969E-03
   2.01848568E-03
   7.73937267E-04
   7.73338543E-04
   1.24007533E-03
   7.72148778E-04
   7.71555875E-04
   7.70963437E-04
   7.70373154E-04
   7.69781414E-04
   7.69189093E-04
   7.68597645E-04
   7.68009806E-04
   7.67420162E-04
   7.66833778E-04
   7.66245998E-04
   7.65662000E-04
   7.65075965E-04
   7.64490862E-04
   1.60595309E-03
   8.91371397E-04
   1.42084109E-03
   7.62174895E-04
   7.61600502E-04
   7.61022966E-04
   7.60447118E-04
   7.59869057E-04
   7.59294489E-04
   7.58718234E-04
   7.58143899E-04
   7.57572008E-04
   7.56998314E-04
   7.56425899E-04
   7.55853951E-04
   7.55282817E-04
   2.42763408E-03
   2.43353448E-03
   2.43946398E-03
   9.45772324E-03
   4.99828719E-03
   7.51896412E-04
   7.51331274E-04
   2.00189557E-03
   1.75187690E-03
   1.75494864E-03
   1.74292282E-03
   6.15190901E-03
   7.47974147E-04
   7.47414888E-04
   2.28039804E-03
   2.26019672E-03
   3.54299042E-03
   3.55556537E-03
   7.78917316E-03
   4.78286901E-03
   2.34199595E-03
   1.90762070E-03
   1.90398516E-03
   1.88534148E-03
   4.10628831E-03
   4.59194556E-03
   1.24596944E-03
   1.68556615E-03
   7.39161915E-04
   7.38615810E-04
   2.04908592E-03
   1.21039466E-03
   7.36992864E-04
   7.36454502E-04
   7.35914917E-04
   7.35374284E-04
   7.34838133E-04
   7.34298315E-04
   7.33761117E-04
   7.33224093E-04
   7.32688874E-04
   7.32153305E-04
   7.31619657E-04
   7.31084554E-04
   7.30550266E-04
   7.30016793E-04
   7.29487394E-04
   7.28955434E-04
   7.28424231E-04
   1.91169523E-03
   1.96202612E-03
   1.58227270E-03
   1.25522423E-03
   1.83630048E-03
   1.83293154E-03
   4.88164276E-03
   7.24226120E-04
   1.25294703E-03
   1.25137810E-03
   2.11180584E-03
   2.47997651E-03
   2.47383374E-03
   6.70608459E-03
   2.46850844E-03
   2.47460953E-03
   2.41998839E-03
   2.91973632E-03
   2.91122380E-03
   3.60215874E-03
   8.77684040E-04
   1.33125065E-03
   1.32947951E-03
   2.82011088E-03
   2.75213853E-03
   2.75972323E-03
   1.11163612E-02
   1.19862426E-03
   2.81521212E-03
   7.12913345E-04
   7.12405308E-04
   7.11897970E-04
   7.11391389E-04
   7.10885506E-04
   5.31476038E-03
   5.34308236E-03
   8.42416566E-03
   5.72194904E-03
   9.07051470E-03
   4.04998614E-03
   1.49009994E-03
   1.73691474E-03
   1.29827135E-03
   1.29658694E-03
   2.66291387E-03
   2.67001474E-03
   3.73702846E-03
   4.72927699E-03
   5.92716271E-03
   6.83701923E-03
   8.34890455E-03
   6.23286515E-03
   4.42440296E-03
   5.19459043E-03
   5.37036452E-03
   5.93810156E-03
   3.36466939E-03
   2.49944325E-03
   6.10556128E-03
   6.98038144E-04
   6.97551062E-04
   6.27949554E-03
   6.22532610E-03
   5.77150611E-03
   5.68320602E-03
   2.52823276E-03
   9.21672676E-04
   4.67230659E-03
   6.93693582E-04
   6.93212554E-04
   6.92732166E-04
   1.28575240E-03
   1.28410035E-03
   3.05007328E-03
   6.90822140E-04
   6.90345420E-04
   6.89868990E-04
   1.43434841E-03
   9.07311973E-04
   9.06489149E-04
   1.58404000E-03
   1.58655108E-03
   2.97548692E-03
   3.16575170E-03
   8.48758908E-04
   8.48038821E-04
   6.85165694E-04
   6.84696424E-04
   6.84230181E-04
   6.83763879E-04
   6.83296530E-04
   6.82829763E-04
   6.82363694E-04
   6.81898557E-04
   6.81433710E-04
   2.46725138E-03
   6.80514437E-04
   6.80051511E-04
   6.79590565E-04
   6.79136254E-04
   6.78677578E-04
   6.78217155E-04
   6.77762728E-04
   6.77303527E-04
   6.76844968E-04
   6.76390424E-04
   6.75933086E-04
   6.75476389E-04
   6.75020274E-04
   1.17447705E-03
   1.17585727E-03
   1.68405089E-03
   1.68121723E-03
   1.78429426E-03
   1.78748078E-03
   6.71857852E-04
   6.71407557E-04
   6.70959591E-04
   6.70516281E-04
   6.70066802E-04
   6.69617963E-04
   7.72703206E-04
   7.73300475E-04
   7.58964336E-04
   7.44595309E-04
   2.84688477E-03
   6.66952459E-04
   9.36466269E-04
   9.25493077E-04
   9.24636959E-04
   8.94083059E-04
   8.93283985E-04
   2.06573913E-03
   8.31482175E-04
   8.32173857E-04
   1.01482240E-03
   1.01379305E-03
   1.01276580E-03
   1.01174053E-03
   1.01070362E-03
   7.01565482E-03
   6.44109165E-03
   3.79491900E-03
   3.76433227E-03
   6.53646188E-03
   1.43998489E-03
   1.44205987E-03
   1.44414091E-03
   6.57337427E-04
   6.56905468E-04
   3.17214127E-03
   3.16209486E-03
   2.95796478E-03
   1.11436611E-03
   6.54768955E-04
   6.54340372E-04
   6.53912371E-04
   6.53484894E-04
   6.53057941E-04
   2.51812465E-03
   2.37849029E-03
   5.65658277E-03
   5.68867056E-03
   9.15338378E-03
   5.60782803E-03
   2.77809356E-03
   2.74070725E-03
   2.83214124E-03
   3.61562916E-03
   3.60257993E-03
   9.47746541E-03
   9.62860137E-03
   7.78716756E-03
   6.01053331E-03
   5.02106454E-03
   3.18302098E-03
   3.17290565E-03
   9.34126880E-03
   4.73488867E-03
   4.69778478E-03
   1.02752354E-02
   1.07767973E-02
   7.70699279E-03
   1.37329218E-03
   6.42202969E-04
   7.42793025E-04
   7.57986563E-04
   6.40972401E-04
   6.40561746E-04
   6.40155107E-04
   6.39745384E-04
   6.39339094E-04
   6.38930476E-04
   6.38522441E-04
   6.38116093E-04
   6.37709396E-04
   6.37304096E-04
   6.36898039E-04
   6.36495359E-04
   6.36090408E-04
   1.14828022E-03
   1.26738101E-03
   9.51582857E-04
   1.59765116E-03
   1.60020567E-03
   1.60276843E-03
   2.11078534E-03
   1.20806950E-03
   6.32487063E-04
   6.32088981E-04
   6.31689618E-04
   1.11776497E-03
   1.19344227E-03
   6.30500377E-04
   6.30102993E-04
   6.29707705E-04
   6.29311253E-04
   6.28915383E-04
   6.28521491E-04
   6.28126611E-04
   1.24809227E-03
   1.24965096E-03
   3.18574789E-03
   3.17561487E-03
   2.45084101E-03
   5.16374456E-03
   6.25386485E-04
   6.24995504E-04
   9.61385376E-04
   9.17104073E-04
   9.17945581E-04
   9.18788603E-04
   4.25118813E-03
   1.39736012E-03
   1.39931415E-03
   1.38477946E-03
   1.38286315E-03
   1.38095219E-03
   5.00264904E-03
   5.02773840E-03
   1.25346780E-02
   2.74335872E-03
   2.75089871E-03
   7.66407175E-04
   6.62972627E-04
   6.18071936E-04
   6.17690093E-04
   6.17308717E-04
   6.16927980E-04
   6.16547535E-04
   3.32230236E-03
   3.31128296E-03
   3.30033666E-03
   8.61091260E-03
   6.46623957E-04
   1.85090781E-03
   1.63769070E-03
   6.13534707E-04
   3.56787327E-03
   1.97545649E-03
   1.97936292E-03
   4.54643089E-03
   4.51089442E-03
   2.77815363E-03
   2.78588245E-03
   2.09090696E-03
   2.08653975E-03
   6.09802955E-04
   4.39732196E-03
   4.15650522E-03
   3.56660760E-03
   2.88334675E-03
   2.87504494E-03
   8.48160312E-03
   8.75965517E-04
   8.75198515E-04
   2.10638228E-03
   1.81737798E-03
   6.05753681E-04
   6.05386856E-04
   2.18029204E-03
   6.04660832E-04
   6.04295346E-04
   6.03930268E-04
   1.78991305E-03
   1.79311971E-03
   1.73242658E-03
   1.72942784E-03
   1.72643957E-03
   2.16349633E-03
   2.16818205E-03
   6.01034611E-04
   1.46104279E-03
   6.00321451E-04
   5.99961146E-04
   5.99601015E-04
   5.99241583E-04
   1.74464134E-03
   1.73258630E-03
   1.70532998E-03
   5.37912268E-03
   5.35026565E-03
   5.57269575E-03
   5.60383778E-03
   8.24196450E-03
   5.02807321E-03
   1.79375941E-03
   1.79698004E-03
   7.69409584E-03
   7.91821815E-03
   1.07359840E-02
   7.25704711E-03
   1.86946732E-03
   5.28380508E-03
   5.02096955E-03
   3.20363278E-03
   3.19338613E-03
   6.81813341E-03
   5.91475051E-04
   2.13822117E-03
   2.13365420E-03
   2.12910655E-03
   2.12457823E-03
   5.44070825E-03
   1.75707589E-03
   4.12746146E-03
   4.59111482E-03
   6.12552697E-03
   4.89687175E-03
   5.87663089E-04
   2.66321073E-03
   2.12576054E-03
   2.13028397E-03
   2.08928110E-03
   9.64829233E-03
   7.93740526E-03
   6.68539433E-03
   1.12664548E-03
   1.12537702E-03
   1.12411124E-03
   7.41802389E-03
   5.83560148E-04
   1.73176185E-03
   1.72876543E-03
   1.72577950E-03
   1.72280369E-03
   5.81863336E-04
   7.90024642E-03
   7.94759113E-03
   9.79844574E-03
   3.63849243E-03
   5.00574568E-03
   3.49723757E-03
   2.97841197E-03
   5.79183397E-04
   5.78848354E-04
   5.78513660E-04
   5.78179024E-04
   1.17220799E-03
   1.17358286E-03
   2.75049987E-03
   2.74294498E-03
   7.05897668E-03
   3.89360101E-03
   6.90291286E-04
   5.75531449E-04
   5.75200305E-04
   5.74869569E-04
   5.74539183E-04
   5.74209203E-04
   5.73879865E-04
   5.73550642E-04
   5.73222875E-04
   5.72896155E-04
   5.72569435E-04
   5.72241726E-04
   5.71914308E-04
   5.71587356E-04
   5.71260694E-04
   8.10504658E-04
   5.70613483E-04
   5.70287928E-04
   5.69965399E-04
   5.69640659E-04
   5.69316268E-04
   5.68993099E-04
   5.68669522E-04
   5.68346237E-04
   6.90544839E-04
   6.91021851E-04
   6.48445974E-04
   5.67064853E-04
   5.66743372E-04
   5.66422241E-04
   5.66104020E-04
   5.65785624E-04
   5.65465598E-04
   5.65145921E-04
   6.90347573E-04
   5.64515067E-04
   5.64196496E-04
   5.63878217E-04
   5.63560636E-04
   5.63243404E-04
   5.62926230E-04
   5.62609464E-04
   5.62293048E-04
   5.69903001E-04
   5.61666791E-04
   5.61355613E-04
   5.61040593E-04
   5.60725923E-04
   5.60413813E-04
   5.60099841E-04
   5.59786160E-04
   5.99909516E-04
   6.00269530E-04
   6.00629952E-04
   1.59468153E-03
   1.59214053E-03
   1.47119816E-03
   5.57612802E-04
   5.57301915E-04
   5.56991436E-04
   5.56681247E-04
   5.56371466E-04
   2.16559740E-03
   5.55755862E-04
   1.42792577E-03
   1.42996630E-03
   3.38056986E-03
   2.81462353E-03
   2.80741137E-03
   2.14146124E-03
   1.89676275E-03
   1.89316843E-03
   1.88958773E-03
   6.21014135E-03
   5.52391284E-04
   5.52086218E-04
   1.50541286E-03
   1.42818026E-03
   1.42614194E-03
   2.04209401E-03
   5.50573925E-04
   5.50272001E-04
   5.49970951E-04
   5.49668563E-04
   5.49366814E-04
   5.49065066E-04
   5.48766693E-04
   5.48467331E-04
   5.48166630E-04
   5.47870004E-04
   5.47569944E-04
   5.47270232E-04
   5.46970812E-04
   5.46671741E-04
   5.46372961E-04
   5.46074531E-04
   5.45779651E-04
   5.45481860E-04
   5.45188785E-04
   5.44891634E-04
   5.44594834E-04
   5.44299663E-04
   5.44003502E-04
   5.43709029E-04
   5.43413509E-04
   5.43118280E-04
   5.42823400E-04
   5.42529335E-04
   5.42235095E-04
   1.29243894E-03
   5.41653484E-04
   5.41364774E-04
   5.41073387E-04
   5.40780718E-04
   6.03026303E-04
   6.30204217E-04
   6.00480183E-04
   6.00840896E-04
   1.11498067E-03
   1.11373805E-03
   1.11249834E-03
   1.18570204E-03
   1.17204210E-03
   9.17080091E-04
   9.17921541E-04
   2.24274886E-03
   7.50955311E-04
   7.51519459E-04
   1.17524841E-03
   1.17386808E-03
   1.17249088E-03
   3.19069787E-03
   1.77541620E-03
   1.75728672E-03
   9.61089216E-04
   9.15276760E-04
   8.99487932E-04
   7.62741268E-03
   5.33592014E-04
   5.33307320E-04
   5.33023034E-04
   5.32738981E-04
   1.06919638E-03
   7.22846482E-04
   1.76903291E-03
   1.86439441E-03
   1.78913830E-03
   1.79234229E-03
   4.19015670E-03
   4.44665970E-03
   1.13134354E-03
   1.13006437E-03
   5.73099067E-04
   5.72770718E-04
   5.72442776E-04
   2.15079938E-03
   2.15543015E-03
   2.16008141E-03
   4.69608279E-03
   1.52014440E-03
   1.46200834E-03
   1.71908305E-03
   1.71613030E-03
   1.71318767E-03
   1.00533874E-03
   1.00635004E-03
   5.25760988E-04
   5.25484618E-04
   5.25208539E-04
   5.24932810E-04
   5.24659641E-04
   5.24384435E-04
   5.24109579E-04
   7.79342314E-04
   7.64852797E-04
   5.23291004E-04
   5.40673209E-04
   5.22746937E-04
   5.22473769E-04
   5.22200891E-04
   5.92644967E-04
   5.21660608E-04
   5.21389535E-04
   5.21117763E-04
   5.20847796E-04
   5.20576607E-04
   6.63386309E-04
   5.20039175E-04
   5.19770081E-04
   5.19499998E-04
   5.19230147E-04
   5.18960645E-04
   5.88440977E-04
   5.88094874E-04
   5.18159126E-04
   5.17891720E-04
   5.17623324E-04
   5.17356500E-04
   5.17089386E-04
   6.13748562E-04
   5.16559288E-04
   5.16292930E-04
   5.16027038E-04
   5.15760854E-04
   5.15494903E-04
   5.15229243E-04
   5.14963875E-04
   5.14698797E-04
   5.14433952E-04
   5.14170679E-04
   5.13906358E-04
   5.13642328E-04
   1.26267120E-03
   1.26107794E-03
   1.25948864E-03
   3.67205613E-03
   5.12331317E-04
   7.87678175E-04
   6.23736356E-04
   8.32171878E-04
   8.31479672E-04
   2.12575262E-03
   1.16063701E-03
   3.41268140E-03
   3.38633009E-03
   5.82901388E-03
   8.63082532E-04
   1.39776582E-03
   1.39581354E-03
   1.39386649E-03
   3.43434769E-03
   6.98680989E-04
   6.99169294E-04
   2.00700341E-03
   2.00297940E-03
   9.19658458E-04
   9.20504564E-04
   9.90638975E-04
   5.06645127E-04
   5.06388431E-04
   5.06132841E-04
   5.05878299E-04
   5.05623233E-04
   5.05367643E-04
   5.05112228E-04
   5.04857453E-04
   1.41085056E-03
   1.41284242E-03
   3.27865337E-03
   2.60158372E-03
   5.03591204E-04
   5.03337651E-04
   5.03084389E-04
   3.50205228E-03
   5.02580660E-04
   5.02328097E-04
   5.02075942E-04
   1.42544019E-03
   5.01576404E-04
   5.01325529E-04
   5.01074013E-04
   1.06912828E-03
   1.07027194E-03
   5.05201344E-04
   1.56148511E-03
   4.99827904E-04
