   0.00000000       0.00000000       0.00000000    
   0.00000000       0.00000000       1.49994865E-02
   0.00000000       0.00000000       2.99987923E-02
   0.00000000       0.00000000       4.49979715E-02
   0.00000000       0.00000000       5.99968620E-02
   0.00000000       0.00000000       7.49954730E-02
   0.00000000       0.00000000       8.99937600E-02
   0.00000000       0.00000000      0.104991570    
   0.00000000       0.00000000      0.119988270    
   0.00000000       0.00000000      0.134983286    
   0.00000000       0.00000000      0.149974510    
   0.00000000       0.00000000      0.164954484    
   0.00000000       0.00000000      0.179896057    
   0.00000000       0.00000000      0.194742456    
   0.00000000       0.00000000      0.209434405    
   0.00000000       0.00000000      0.223932341    
   0.00000000       0.00000000      0.238215685    
   0.00000000       0.00000000      0.252273381    
   0.00000000       0.00000000      0.266100764    
   0.00000000       0.00000000      0.279696137    
   0.00000000       0.00000000      0.293058872    
   0.00000000       0.00000000      0.306190163    
   0.00000000       0.00000000      0.319090962    
   0.00000000       0.00000000      0.331763625    
   0.00000000       0.00000000      0.344209582    
   0.00000000       0.00000000      0.356431335    
   0.00000000       0.00000000      0.368430853    
   0.00000000       0.00000000      0.380210847    
   0.00000000       0.00000000      0.391773283    
   0.00000000       0.00000000      0.403120548    
   0.00000000       0.00000000      0.414255023    
   0.00000000       0.00000000      0.425178885    
   0.00000000       0.00000000      0.435894787    
   0.00000000       0.00000000      0.446404755    
   0.00000000       0.00000000      0.456711024    
   0.00000000       0.00000000      0.466815948    
   0.00000000       0.00000000      0.476721436    
   0.00000000       0.00000000      0.486430049    
   0.00000000       0.00000000      0.495943576    
   0.00000000       0.00000000      0.505264282    
   0.00000000       0.00000000      0.514394104    
   0.00000000       0.00000000      0.523335218    
   0.00000000       0.00000000      0.532089591    
   0.00000000       0.00000000      0.540658593    
   0.00000000       0.00000000      0.549044669    
   0.00000000       0.00000000      0.557249844    
   0.00000000       0.00000000      0.565275609    
   0.00000000       0.00000000      0.573123574    
   0.00000000       0.00000000      0.580796123    
   0.00000000       0.00000000      0.588294208    
   0.00000000       0.00000000      0.595619977    
   0.00000000       0.00000000      0.602774918    
   0.00000000       0.00000000      0.609760582    
   0.00000000       0.00000000      0.616578579    
   0.00000000       0.00000000      0.623230517    
   0.00000000       0.00000000      0.629717588    
   0.00000000       0.00000000      0.636041582    
   0.00000000       0.00000000      0.642203748    
   0.00000000       0.00000000      0.648205400    
   0.00000000       0.00000000      0.654048085    
   0.00000000       0.00000000      0.659733057    
   0.00000000       0.00000000      0.665261209    
   0.00000000       0.00000000      0.670634270    
   0.00000000       0.00000000      0.675853193    
   0.00000000       0.00000000      0.680919349    
   0.00000000       0.00000000      0.685833693    
   0.00000000       0.00000000      0.690597296    
   0.00000000       0.00000000      0.695211232    
   0.00000000       0.00000000      0.699676752    
   0.00000000       0.00000000      0.703994572    
   0.00000000       0.00000000      0.708165824    
   0.00000000       0.00000000      0.712191343    
   0.00000000       0.00000000      0.716072023    
   0.00000000       0.00000000      0.719809055    
   0.00000000       0.00000000      0.723402798    
   0.00000000       0.00000000      0.726854444    
   0.00000000       0.00000000      0.730164587    
   0.00000000       0.00000000      0.733333886    
   0.00000000       0.00000000      0.736363053    
   0.00000000       0.00000000      0.739253163    
   0.00000000       0.00000000      0.742004335    
   0.00000000       0.00000000      0.744617522    
   0.00000000       0.00000000      0.747093141    
   0.00000000       0.00000000      0.749431789    
   0.00000000       0.00000000      0.751634061    
   0.00000000       0.00000000      0.753700376    
   0.00000000       0.00000000      0.755631268    
   0.00000000       0.00000000      0.757427037    
   0.00000000       0.00000000      0.759088278    
   0.00000000       0.00000000      0.760615051    
   0.00000000       0.00000000      0.762008011    
   0.00000000       0.00000000      0.763267457    
   0.00000000       0.00000000      0.764393568    
   0.00000000       0.00000000      0.765386581    
   0.00000000       0.00000000      0.766246676    
   0.00000000       0.00000000      0.766974211    
   0.00000000       0.00000000      0.767569184    
   0.00000000       0.00000000      0.768031895    
   0.00000000       0.00000000      0.768362284    
   0.00000000       0.00000000      0.768560529    
   0.00000000       0.00000000      0.768626690    
   0.00000000       0.00000000      0.768560648    
   0.00000000       0.00000000      0.768362403    
   0.00000000       0.00000000      0.768032014    
   0.00000000       0.00000000      0.767569363    
   0.00000000       0.00000000      0.766974390    
   0.00000000       0.00000000      0.766246855    
   0.00000000       0.00000000      0.765386641    
   0.00000000       0.00000000      0.764393747    
   0.00000000       0.00000000      0.763267577    
   0.00000000       0.00000000      0.762008190    
   0.00000000       0.00000000      0.760615289    
   0.00000000       0.00000000      0.759088397    
   0.00000000       0.00000000      0.757427156    
   0.00000000       0.00000000      0.755631447    
   0.00000000       0.00000000      0.753700554    
   0.00000000       0.00000000      0.751634300    
   0.00000000       0.00000000      0.749431968    
   0.00000000       0.00000000      0.747093260    
   0.00000000       0.00000000      0.744617760    
   0.00000000       0.00000000      0.742004573    
   0.00000000       0.00000000      0.739253402    
   0.00000000       0.00000000      0.736363530    
   0.00000000       0.00000000      0.733334303    
   0.00000000       0.00000000      0.730164945    
   0.00000000       0.00000000      0.726854861    
   0.00000000       0.00000000      0.723403394    
   0.00000000       0.00000000      0.719809592    
   0.00000000       0.00000000      0.716072619    
   0.00000000       0.00000000      0.712191880    
   0.00000000       0.00000000      0.708166361    
   0.00000000       0.00000000      0.703995168    
   0.00000000       0.00000000      0.699677348    
   0.00000000       0.00000000      0.695211887    
   0.00000000       0.00000000      0.690597892    
   0.00000000       0.00000000      0.685834348    
   0.00000000       0.00000000      0.680920005    
   0.00000000       0.00000000      0.675853908    
   0.00000000       0.00000000      0.670634985    
   0.00000000       0.00000000      0.665261865    
   0.00000000       0.00000000      0.659733713    
   0.00000000       0.00000000      0.654048800    
   0.00000000       0.00000000      0.648206174    
   0.00000000       0.00000000      0.642204463    
   0.00000000       0.00000000      0.636042356    
   0.00000000       0.00000000      0.629718423    
   0.00000000       0.00000000      0.623231232    
   0.00000000       0.00000000      0.616579473    
   0.00000000       0.00000000      0.609761357    
   0.00000000       0.00000000      0.602775812    
   0.00000000       0.00000000      0.595620751    
   0.00000000       0.00000000      0.588295102    
   0.00000000       0.00000000      0.580796957    
   0.00000000       0.00000000      0.573124707    
   0.00000000       0.00000000      0.565276563    
   0.00000000       0.00000000      0.557250798    
   0.00000000       0.00000000      0.549045682    
   0.00000000       0.00000000      0.540659428    
   0.00000000       0.00000000      0.532090306    
   0.00000000       0.00000000      0.523336053    
   0.00000000       0.00000000      0.514395058    
   0.00000000       0.00000000      0.505265176    
   0.00000000       0.00000000      0.495944560    
   0.00000000       0.00000000      0.486430883    
   0.00000000       0.00000000      0.476722240    
   0.00000000       0.00000000      0.466816664    
   0.00000000       0.00000000      0.456711769    
   0.00000000       0.00000000      0.446405560    
   0.00000000       0.00000000      0.435895562    
   0.00000000       0.00000000      0.425179869    
   0.00000000       0.00000000      0.414255708    
   0.00000000       0.00000000      0.403121173    
   0.00000000       0.00000000      0.391774029    
   0.00000000       0.00000000      0.380211562    
   0.00000000       0.00000000      0.368431807    
   0.00000000       0.00000000      0.356431961    
   0.00000000       0.00000000      0.344210416    
   0.00000000       0.00000000      0.331764221    
   0.00000000       0.00000000      0.319091827    
   0.00000000       0.00000000      0.306190729    
   0.00000000       0.00000000      0.293059409    
   0.00000000       0.00000000      0.279696733    
   0.00000000       0.00000000      0.266101271    
   0.00000000       0.00000000      0.252273947    
   0.00000000       0.00000000      0.238216057    
   0.00000000       0.00000000      0.223932967    
   0.00000000       0.00000000      0.209434822    
   0.00000000       0.00000000      0.194743007    
   0.00000000       0.00000000      0.179896444    
   0.00000000       0.00000000      0.164954767    
   0.00000000       0.00000000      0.149974808    
   0.00000000       0.00000000      0.134983540    
   0.00000000       0.00000000      0.119988509    
   0.00000000       0.00000000      0.104991712    
   0.00000000       0.00000000       8.99939686E-02
   0.00000000       0.00000000       7.49956220E-02
   0.00000000       0.00000000       5.99969104E-02
   0.00000000       0.00000000       4.49979305E-02
   0.00000000       0.00000000       2.99987458E-02
   0.00000000       0.00000000       1.49994269E-02
   0.00000000       0.00000000       0.00000000    
