   0.00000000       0.00000000       0.00000000    
   1.12521942E-04   0.00000000       0.00000000    
   4.50177293E-04   0.00000000       0.00000000    
   1.01260678E-03   0.00000000       0.00000000    
   1.79999042E-03   0.00000000       0.00000000    
   2.81244586E-03   0.00000000       0.00000000    
   4.05014679E-03   0.00000000       0.00000000    
   5.51246153E-03   0.00000000       0.00000000    
   7.19948113E-03   0.00000000       0.00000000    
   9.11221374E-03   0.00000000       0.00000000    
   1.12494109E-02   0.00000000       0.00000000    
   1.36113418E-02   0.00000000       0.00000000    
   1.61978174E-02   0.00000000       0.00000000    
   1.90076865E-02   0.00000000       0.00000000    
   2.20389906E-02   0.00000000       0.00000000    
   2.52892375E-02   0.00000000       0.00000000    
   2.87553612E-02   0.00000000       0.00000000    
   3.24342176E-02   0.00000000       0.00000000    
   3.63222435E-02   0.00000000       0.00000000    
   4.04158570E-02   0.00000000       0.00000000    
   4.47111428E-02   0.00000000       0.00000000    
   4.92056347E-02   0.00000000       0.00000000    
   5.38951531E-02   0.00000000       0.00000000    
   5.87765984E-02   0.00000000       0.00000000    
   6.38462678E-02   0.00000000       0.00000000    
   6.91011697E-02   0.00000000       0.00000000    
   7.45378509E-02   0.00000000       0.00000000    
   8.01526308E-02   0.00000000       0.00000000    
   8.59424993E-02   0.00000000       0.00000000    
   9.19041485E-02   0.00000000       0.00000000    
   9.80345830E-02   0.00000000       0.00000000    
  0.104330614       0.00000000       0.00000000    
  0.110788725       0.00000000       0.00000000    
  0.117405936       0.00000000       0.00000000    
  0.124179348       0.00000000       0.00000000    
  0.131105945       0.00000000       0.00000000    
  0.138182506       0.00000000       0.00000000    
  0.145406201       0.00000000       0.00000000    
  0.152773932       0.00000000       0.00000000    
  0.160282925       0.00000000       0.00000000    
  0.167930499       0.00000000       0.00000000    
  0.175713465       0.00000000       0.00000000    
  0.183629081       0.00000000       0.00000000    
  0.191674784       0.00000000       0.00000000    
  0.199847773       0.00000000       0.00000000    
  0.208145097       0.00000000       0.00000000    
  0.216564223       0.00000000       0.00000000    
  0.225102067       0.00000000       0.00000000    
  0.233756378       0.00000000       0.00000000    
  0.242524698       0.00000000       0.00000000    
  0.251404196       0.00000000       0.00000000    
  0.260392070       0.00000000       0.00000000    
  0.269486248       0.00000000       0.00000000    
  0.278683871       0.00000000       0.00000000    
  0.287982553       0.00000000       0.00000000    
  0.297379613       0.00000000       0.00000000    
  0.306872576       0.00000000       0.00000000    
  0.316459298       0.00000000       0.00000000    
  0.326137662       0.00000000       0.00000000    
  0.335904539       0.00000000       0.00000000    
  0.345757872       0.00000000       0.00000000    
  0.355695665       0.00000000       0.00000000    
  0.365715027       0.00000000       0.00000000    
  0.375813812       0.00000000       0.00000000    
  0.385989487       0.00000000       0.00000000    
  0.396240085       0.00000000       0.00000000    
  0.406563342       0.00000000       0.00000000    
  0.416956812       0.00000000       0.00000000    
  0.427418500       0.00000000       0.00000000    
  0.437946081       0.00000000       0.00000000    
  0.448537469       0.00000000       0.00000000    
  0.459189951       0.00000000       0.00000000    
  0.469901979       0.00000000       0.00000000    
  0.480671316       0.00000000       0.00000000    
  0.491495341       0.00000000       0.00000000    
  0.502372324       0.00000000       0.00000000    
  0.513300061       0.00000000       0.00000000    
  0.524276495       0.00000000       0.00000000    
  0.535299063       0.00000000       0.00000000    
  0.546366215       0.00000000       0.00000000    
  0.557475746       0.00000000       0.00000000    
  0.568625569       0.00000000       0.00000000    
  0.579813123       0.00000000       0.00000000    
  0.591037273       0.00000000       0.00000000    
  0.602295280       0.00000000       0.00000000    
  0.613585472       0.00000000       0.00000000    
  0.624905765       0.00000000       0.00000000    
  0.636253476       0.00000000       0.00000000    
  0.647627354       0.00000000       0.00000000    
  0.659025311       0.00000000       0.00000000    
  0.670444965       0.00000000       0.00000000    
  0.681884468       0.00000000       0.00000000    
  0.693342209       0.00000000       0.00000000    
  0.704815388       0.00000000       0.00000000    
  0.716302514       0.00000000       0.00000000    
  0.727801979       0.00000000       0.00000000    
  0.739311039       0.00000000       0.00000000    
  0.750827849       0.00000000       0.00000000    
  0.762350738       0.00000000       0.00000000    
  0.773877740       0.00000000       0.00000000    
  0.785406828       0.00000000       0.00000000    
  0.796935797       0.00000000       0.00000000    
  0.808462501       0.00000000       0.00000000    
  0.819985509       0.00000000       0.00000000    
  0.831502497       0.00000000       0.00000000    
  0.843011796       0.00000000       0.00000000    
  0.854510903       0.00000000       0.00000000    
  0.865998030       0.00000000       0.00000000    
  0.877471328       0.00000000       0.00000000    
  0.888928831       0.00000000       0.00000000    
  0.900368452       0.00000000       0.00000000    
  0.911788225       0.00000000       0.00000000    
  0.923185885       0.00000000       0.00000000    
  0.934559882       0.00000000       0.00000000    
  0.945907891       0.00000000       0.00000000    
  0.957227826       0.00000000       0.00000000    
  0.968517959       0.00000000       0.00000000    
  0.979775965       0.00000000       0.00000000    
  0.990999937       0.00000000       0.00000000    
   1.00218773       0.00000000       0.00000000    
   1.01333737       0.00000000       0.00000000    
   1.02444696       0.00000000       0.00000000    
   1.03551400       0.00000000       0.00000000    
   1.04653668       0.00000000       0.00000000    
   1.05751288       0.00000000       0.00000000    
   1.06844044       0.00000000       0.00000000    
   1.07931769       0.00000000       0.00000000    
   1.09014153       0.00000000       0.00000000    
   1.10091066       0.00000000       0.00000000    
   1.11162257       0.00000000       0.00000000    
   1.12227511       0.00000000       0.00000000    
   1.13286650       0.00000000       0.00000000    
   1.14339399       0.00000000       0.00000000    
   1.15385556       0.00000000       0.00000000    
   1.16424882       0.00000000       0.00000000    
   1.17457235       0.00000000       0.00000000    
   1.18482304       0.00000000       0.00000000    
   1.19499874       0.00000000       0.00000000    
   1.20509756       0.00000000       0.00000000    
   1.21511650       0.00000000       0.00000000    
   1.22505403       0.00000000       0.00000000    
   1.23490727       0.00000000       0.00000000    
   1.24467409       0.00000000       0.00000000    
   1.25435221       0.00000000       0.00000000    
   1.26393902       0.00000000       0.00000000    
   1.27343225       0.00000000       0.00000000    
   1.28282905       0.00000000       0.00000000    
   1.29212797       0.00000000       0.00000000    
   1.30132532       0.00000000       0.00000000    
   1.31041932       0.00000000       0.00000000    
   1.31940711       0.00000000       0.00000000    
   1.32828665       0.00000000       0.00000000    
   1.33705473       0.00000000       0.00000000    
   1.34570909       0.00000000       0.00000000    
   1.35424697       0.00000000       0.00000000    
   1.36266589       0.00000000       0.00000000    
   1.37096310       0.00000000       0.00000000    
   1.37913561       0.00000000       0.00000000    
   1.38718128       0.00000000       0.00000000    
   1.39509678       0.00000000       0.00000000    
   1.40287960       0.00000000       0.00000000    
   1.41052723       0.00000000       0.00000000    
   1.41803622       0.00000000       0.00000000    
   1.42540395       0.00000000       0.00000000    
   1.43262732       0.00000000       0.00000000    
   1.43970382       0.00000000       0.00000000    
   1.44663036       0.00000000       0.00000000    
   1.45340371       0.00000000       0.00000000    
   1.46002066       0.00000000       0.00000000    
   1.46647847       0.00000000       0.00000000    
   1.47277427       0.00000000       0.00000000    
   1.47890449       0.00000000       0.00000000    
   1.48486614       0.00000000       0.00000000    
   1.49065554       0.00000000       0.00000000    
   1.49627030       0.00000000       0.00000000    
   1.50170684       0.00000000       0.00000000    
   1.50696170       0.00000000       0.00000000    
   1.51203167       0.00000000       0.00000000    
   1.51691222       0.00000000       0.00000000    
   1.52160192       0.00000000       0.00000000    
   1.52609622       0.00000000       0.00000000    
   1.53039181       0.00000000       0.00000000    
   1.53448427       0.00000000       0.00000000    
   1.53837276       0.00000000       0.00000000    
   1.54205143       0.00000000       0.00000000    
   1.54551685       0.00000000       0.00000000    
   1.54876733       0.00000000       0.00000000    
   1.55179882       0.00000000       0.00000000    
   1.55460763       0.00000000       0.00000000    
   1.55719376       0.00000000       0.00000000    
   1.55955553       0.00000000       0.00000000    
   1.56169260       0.00000000       0.00000000    
   1.56360483       0.00000000       0.00000000    
   1.56529176       0.00000000       0.00000000    
   1.56675398       0.00000000       0.00000000    
   1.56799102       0.00000000       0.00000000    
   1.56900299       0.00000000       0.00000000    
   1.56978989       0.00000000       0.00000000    
   1.57035208       0.00000000       0.00000000    
   1.57068872       0.00000000       0.00000000    
   1.57079995       0.00000000       0.00000000    
