   0.00000000       0.00000000       0.00000000       1.00000000    
   1.17243966E-02   5.84057905E-03   2.91975890E-03  0.999909937    
   2.33342201E-02   1.15820970E-02   5.78860473E-03  0.999643862    
   3.48275267E-02   1.72257535E-02   8.60668812E-03  0.999207795    
   4.62024957E-02   2.27721743E-02   1.13738477E-02  0.998607695    
   5.74574396E-02   2.82232463E-02   1.40907094E-02  0.997849405    
   6.85907900E-02   3.35796662E-02   1.67572219E-02  0.996938705    
   7.96010941E-02   3.88427675E-02   1.93737522E-02  0.995881259    
   9.04870182E-02   4.40138876E-02   2.19407137E-02  0.994682550    
  0.101247333       4.90949377E-02   2.44589169E-02  0.993348062    
  0.111880906       5.40866964E-02   2.69284919E-02  0.991883099    
  0.122386709       5.89904971E-02   2.93499734E-02  0.990292966    
  0.132763818       6.38076812E-02   3.17239240E-02  0.988582790    
  0.143011406       6.85395747E-02   3.40509340E-02  0.986757636    
  0.153128728       7.31875226E-02   3.63316424E-02  0.984822452    
  0.163115129       7.77528360E-02   3.85667048E-02  0.982782066    
  0.172970042       8.22372660E-02   4.07571308E-02  0.980641246    
  0.182692975       8.66421089E-02   4.29036319E-02  0.978404701    
  0.192283511       9.09686312E-02   4.50069308E-02  0.976076961    
  0.201741338       9.52176824E-02   4.70674522E-02  0.973662555    
  0.211066172       9.93907303E-02   4.90861163E-02  0.971165895    
  0.220257834      0.103488825       5.10635525E-02  0.968591332    
  0.229316205      0.107513390       5.30007184E-02  0.965943038    
  0.238241240      0.111465462       5.48982732E-02  0.963225245    
  0.247032985      0.115346424       5.67571819E-02  0.960441887    
  0.255691499      0.119157292       5.85781373E-02  0.957597017    
  0.264216870      0.122899398       6.03621416E-02  0.954694510    
  0.272609204      0.126573741       6.21099062E-02  0.951738238    
  0.280868679      0.130181625       6.38224334E-02  0.948731899    
  0.288995624      0.133724019       6.55004457E-02  0.945679188    
  0.296990424      0.137202188       6.71449602E-02  0.942583561    
  0.304853469      0.140617386       6.87569827E-02  0.939448535    
  0.312585175      0.143970519       7.03372508E-02  0.936277568    
  0.320186108      0.147262812       7.18867630E-02  0.933073878    
  0.327657074      0.150495321       7.34063461E-02  0.929840624    
  0.334999204      0.153669104       7.48967826E-02  0.926580727    
  0.342213839      0.156785235       7.63588101E-02  0.923297048    
  0.349302173      0.159844533       7.77929351E-02  0.919992387    
  0.356266171      0.162848189       7.91999176E-02  0.916669130    
  0.363107920      0.165797412       8.05804804E-02  0.913329422    
  0.369829386      0.168693244       8.19352195E-02  0.909975529    
  0.376432121      0.171536475       8.32645670E-02  0.906609714    
  0.382918417      0.174328282       8.45691562E-02  0.903233767    
  0.389290571      0.177069783       8.58496055E-02  0.899849474    
  0.395550638      0.179761991       8.71064439E-02  0.896458507    
  0.401700228      0.182405651       8.83400589E-02  0.893062830    
  0.407741666      0.185001850       8.95510092E-02  0.889663815    
  0.413677216      0.187551662       9.07398462E-02  0.886262834    
  0.419508904      0.190056011       9.19070318E-02  0.882861316    
  0.425238281      0.192515612       9.30529237E-02  0.879460812    
  0.430867314      0.194931358       9.41779763E-02  0.876062572    
  0.436398149      0.197304249       9.52826887E-02  0.872667670    
  0.441832960      0.199635252       9.63675380E-02  0.869277120    
  0.447173178      0.201925024       9.74328443E-02  0.865892172    
  0.452420682      0.204174414       9.84790251E-02  0.862513900    
  0.457577527      0.206384331       9.95065272E-02  0.859143078    
  0.462645680      0.208555654      0.100515783      0.855780423    
  0.467626512      0.210688993      0.101507097      0.852427065    
  0.472522140      0.212785304      0.102480926      0.849083543    
  0.477334082      0.214845240      0.103437588      0.845750749    
  0.482064158      0.216869637      0.104377486      0.842429221    
  0.486714005      0.218859211      0.105300970      0.839119673    
  0.491285205      0.220814660      0.106208377      0.835822642    
  0.495779157      0.222736597      0.107100002      0.832538903    
  0.500197589      0.224625781      0.107976206      0.829268813    
  0.504541993      0.226482868      0.108837314      0.826012909    
  0.508813798      0.228308514      0.109683633      0.822771668    
  0.513014436      0.230103344      0.110515468      0.819545567    
  0.517145395      0.231867984      0.111333109      0.816334963    
  0.521207988      0.233603045      0.112136856      0.813140273    
  0.525203586      0.235309109      0.112926990      0.809961855    
  0.529133499      0.236986771      0.113703787      0.806800067    
  0.532998741      0.238636479      0.114467464      0.803655446    
  0.536800623      0.240258783      0.115218289      0.800528228    
  0.540540516      0.241854295      0.115956552      0.797418594    
  0.544219732      0.243423596      0.116682522      0.794326663    
  0.547839522      0.244967207      0.117396452      0.791252673    
  0.551401019      0.246485651      0.118098587      0.788196862    
  0.554905355      0.247979417      0.118789166      0.785159349    
  0.558353603      0.249449000      0.119468421      0.782140374    
  0.561746716      0.250894755      0.120136529      0.779140234    
  0.565085709      0.252317190      0.120793708      0.776159048    
  0.568371654      0.253716737      0.121440180      0.773196995    
  0.571605682      0.255093902      0.122076184      0.770254016    
  0.574788868      0.256449163      0.122701943      0.767330170    
  0.577922225      0.257782936      0.123317659      0.764425516    
  0.581006706      0.259095639      0.123923525      0.761540115    
  0.584043264      0.260387689      0.124519743      0.758674026    
  0.587032616      0.261659414      0.125106454      0.755827487    
  0.589975655      0.262911201      0.125683859      0.753000498    
  0.592873275      0.264143407      0.126252130      0.750193119    
  0.595726430      0.265356481      0.126811460      0.747405231    
  0.598536015      0.266550809      0.127362043      0.744636834    
  0.601302862      0.267726749      0.127904043      0.741887867    
  0.604027808      0.268884659      0.128437638      0.739158332    
  0.606711626      0.270024896      0.128962979      0.736448169    
  0.609355092      0.271147788      0.129480228      0.733757377    
  0.611958802      0.272253573      0.129989505      0.731086135    
  0.614523470      0.273342580      0.130490959      0.728434384    
  0.617049873      0.274415135      0.130984753      0.725802004    
  0.619538784      0.275471568      0.131471038      0.723188937    
  0.621990919      0.276512235      0.131949961      0.720595062    
  0.624406993      0.277537405      0.132421672      0.718020260    
  0.626787663      0.278547376      0.132886305      0.715464532    
  0.629133582      0.279542416      0.133343980      0.712927759    
  0.631445289      0.280522764      0.133794814      0.710410058    
  0.633723378      0.281488687      0.134238929      0.707911313    
  0.635968447      0.282440454      0.134676456      0.705431402    
  0.638181150      0.283378333      0.135107517      0.702970266    
  0.640362144      0.284302622      0.135532260      0.700527668    
  0.642512023      0.285213560      0.135950789      0.698103547    
  0.644631326      0.286111385      0.136363208      0.695697844    
  0.646720588      0.286996335      0.136769652      0.693310380    
  0.648780286      0.287868589      0.137170196      0.690941274    
  0.650810897      0.288728386      0.137564942      0.688590348    
  0.652813077      0.289575994      0.137954026      0.686257422    
  0.654787302      0.290411621      0.138337538      0.683942378    
  0.656733990      0.291235477      0.138715580      0.681645155    
  0.658653736      0.292047769      0.139088243      0.679365575    
  0.660546958      0.292848706      0.139455646      0.677103579    
  0.662414134      0.293638498      0.139817864      0.674858987    
  0.664255738      0.294417351      0.140175000      0.672631741    
  0.666072190      0.295185447      0.140527129      0.670421720    
  0.667863905      0.295942962      0.140874356      0.668228805    
  0.669631362      0.296690077      0.141216755      0.666052878    
  0.671374917      0.297426969      0.141554415      0.663893878    
  0.673094988      0.298153818      0.141887411      0.661751628    
  0.674791992      0.298870802      0.142215833      0.659626007    
  0.676466346      0.299578100      0.142539755      0.657516897    
  0.678118408      0.300275862      0.142859250      0.655424178    
  0.679748535      0.300964266      0.143174410      0.653347731    
  0.681357145      0.301643461      0.143485293      0.651287436    
  0.682944596      0.302313626      0.143791988      0.649243236    
  0.684511185      0.302974880      0.144094557      0.647214949    
  0.686057270      0.303627372      0.144393057      0.645202518    
  0.687583208      0.304271251      0.144687578      0.643205762    
  0.689089298      0.304906666      0.144978166      0.641224623    
  0.690575898      0.305533767      0.145264909      0.639258921    
  0.692043364      0.306152672      0.145547852      0.637308538    
  0.693491995      0.306763530      0.145827070      0.635373354    
  0.694922030      0.307366490      0.146102622      0.633453310    
  0.696333826      0.307961673      0.146374568      0.631548226    
  0.697727680      0.308549196      0.146642968      0.629657984    
  0.699103832      0.309129179      0.146907881      0.627782524    
  0.700462639      0.309701741      0.147169366      0.625921667    
  0.701804280      0.310267001      0.147427469      0.624075413    
  0.703129113      0.310825080      0.147682250      0.622243524    
  0.704437375      0.311376095      0.147933766      0.620425940    
  0.705729365      0.311920166      0.148182064      0.618622482    
  0.707005322      0.312457412      0.148427188      0.616833091    
  0.708265424      0.312987924      0.148669198      0.615057707    
  0.709509969      0.313511789      0.148908138      0.613296151    
  0.710739195      0.314029127      0.149144068      0.611548364    
  0.711953342      0.314540058      0.149377033      0.609814167    
  0.713152647      0.315044671      0.149607062      0.608093500    
  0.714337349      0.315543056      0.149834216      0.606386244    
  0.715507627      0.316035300      0.150058538      0.604692280    
  0.716663778      0.316521525      0.150280073      0.603011489    
  0.717805982      0.317001820      0.150498867      0.601343811    
  0.718934417      0.317476243      0.150714949      0.599689126    
  0.720049262      0.317944914      0.150928378      0.598047316    
  0.721150756      0.318407893      0.151139170      0.596418321    
  0.722239137      0.318865299      0.151347384      0.594801962    
  0.723314583      0.319317192      0.151553050      0.593198180    
  0.724377275      0.319763660      0.151756212      0.591606915    
  0.725427389      0.320204794      0.151956916      0.590027988    
  0.726465106      0.320640653      0.152155191      0.588461339    
  0.727490604      0.321071327      0.152351066      0.586906910    
  0.728504062      0.321496874      0.152544573      0.585364580    
  0.729505658      0.321917385      0.152735755      0.583834231    
  0.730495572      0.322332948      0.152924642      0.582315803    
  0.731473923      0.322743595      0.153111279      0.580809176    
  0.732440948      0.323149443      0.153295681      0.579314291    
  0.733396769      0.323550522      0.153477892      0.577831030    
  0.734341562      0.323946923      0.153657943      0.576359332    
  0.735275447      0.324338704      0.153835863      0.574899077    
  0.736198604      0.324725926      0.154011682      0.573450208    
  0.737111151      0.325108647      0.154185414      0.572012663    
  0.738013208      0.325486928      0.154357105      0.570586324    
  0.738904953      0.325860828      0.154526785      0.569171131    
  0.739786565      0.326230407      0.154694468      0.567766964    
  0.740658104      0.326595753      0.154860198      0.566373765    
  0.741519749      0.326956898      0.155023992      0.564991415    
  0.742371619      0.327313900      0.155185878      0.563619912    
  0.743213892      0.327666819      0.155345872      0.562259138    
  0.744046628      0.328015685      0.155504018      0.560909033    
  0.744869947      0.328360558      0.155660316      0.559569538    
  0.745684028      0.328701526      0.155814812      0.558240533    
  0.746488929      0.329038590      0.155967519      0.556922019    
  0.747284770      0.329371840      0.156118467      0.555613875    
  0.748071730      0.329701304      0.156267673      0.554316044    
  0.748849869      0.330027044      0.156415164      0.553028464    
  0.749619305      0.330349088      0.156560957      0.551751077    
  0.750380099      0.330667496      0.156705067      0.550483823    
  0.751132429      0.330982327      0.156847522      0.549226642    
  0.751876354      0.331293583      0.156988338      0.547979474    
  0.752611935      0.331601322      0.157127544      0.546742201    
  0.753339350      0.331905603      0.157265157      0.545514822    
  0.754058659      0.332206458      0.157401189      0.544297278    
  0.754769921      0.332503915      0.157535657      0.543089509    
  0.755473316      0.332798034      0.157668591      0.541891515    
  0.756168842      0.333088845      0.157800004      0.540703177    
  0.756856620      0.333376378      0.157929912      0.539524436    
  0.757536769      0.333660662      0.158058330      0.538355291    
  0.758209288      0.333941758      0.158185273      0.537195683    
  0.758874357      0.334219664      0.158310756      0.536045551    
  0.759531975      0.334494442      0.158434793      0.534904897    
  0.760182261      0.334766120      0.158557415      0.533773661    
  0.760825276      0.335034728      0.158678621      0.532651782    
  0.761461079      0.335300297      0.158798426      0.531539261    
  0.762089789      0.335562855      0.158916861      0.530435979    
  0.762711406      0.335822433      0.159033924      0.529341996    
  0.763326049      0.336079061      0.159149632      0.528257251    
  0.763933778      0.336332768      0.159263998      0.527181685    
  0.764534652      0.336583585      0.159377038      0.526115298    
  0.765128732      0.336831540      0.159488767      0.525058031    
  0.765716076      0.337076664      0.159599185      0.524009883    
  0.766296744      0.337318987      0.159708321      0.522970855    
  0.766870797      0.337558508      0.159816161      0.521940887    
  0.767438293      0.337795258      0.159922734      0.520919979    
  0.767999232      0.338029265      0.160028055      0.519908130    
  0.768553734      0.338260561      0.160132125      0.518905282    
  0.769101799      0.338489145      0.160234958      0.517911494    
  0.769643545      0.338715047      0.160336554      0.516926706    
  0.770178974      0.338938296      0.160436928      0.515950918    
  0.770708084      0.339158893      0.160536095      0.514984071    
  0.771230996      0.339376867      0.160634056      0.514026225    
  0.771747708      0.339592218      0.160730824      0.513077378    
  0.772258222      0.339805007      0.160826400      0.512137532    
  0.772762656      0.340015203      0.160920799      0.511206686    
  0.773260951      0.340222836      0.161014020      0.510284841    
  0.773753226      0.340427935      0.161106080      0.509371996    
  0.774239480      0.340630502      0.161196977      0.508468151    
  0.774719715      0.340830535      0.161286727      0.507573366    
  0.775193989      0.341028064      0.161375329      0.506687641    
  0.775662303      0.341223121      0.161462784      0.505810976    
  0.776124716      0.341415673      0.161549106      0.504943430    
  0.776581228      0.341605753      0.161634296      0.504085004    
  0.777031839      0.341793358      0.161718354      0.503235698    
  0.777476609      0.341978520      0.161801279      0.502395630    
  0.777915537      0.342161208      0.161883086      0.501564741    
  0.778348625      0.342341453      0.161963776      0.500743151    
  0.778775871      0.342519253      0.162043348      0.499930829    
  0.779197335      0.342694640      0.162121803      0.499127865    
  0.779612958      0.342867583      0.162199140      0.498334289    
  0.780022800      0.343038082      0.162275374      0.497550160    
  0.780426860      0.343206167      0.162350491      0.496775538    
  0.780825078      0.343371809      0.162424490      0.496010482    
  0.781217515      0.343535036      0.162497386      0.495255083    
  0.781604171      0.343695819      0.162569165      0.494509369    
  0.781984985      0.343854189      0.162639841      0.493773431    
  0.782359958      0.344010115      0.162709400      0.493047357    
  0.782729149      0.344163597      0.162777841      0.492331207    
  0.783092439      0.344314635      0.162845179      0.491625071    
  0.783449888      0.344463229      0.162911385      0.490929037    
  0.783801436      0.344609350      0.162976474      0.490243226    
  0.784147084      0.344752997      0.163040429      0.489567727    
  0.784486830      0.344894171      0.163103253      0.488902628    
  0.784820616      0.345032871      0.163164943      0.488248050    
  0.785148442      0.345169067      0.163225502      0.487604111    
  0.785470247      0.345302761      0.163284913      0.486970931    
  0.785785973      0.345433921      0.163343176      0.486348629    
  0.786095619      0.345562518      0.163400277      0.485737354    
  0.786399126      0.345688581      0.163456202      0.485137224    
  0.786696434      0.345812052      0.163510948      0.484548390    
  0.786987543      0.345932931      0.163564518      0.483971000    
  0.787272334      0.346051186      0.163616896      0.483405232    
  0.787550807      0.346166790      0.163668066      0.482851237    
  0.787822902      0.346279740      0.163718030      0.482309163    
  0.788088500      0.346390009      0.163766772      0.481779218    
  0.788347602      0.346497566      0.163814262      0.481261581    
  0.788600147      0.346602380      0.163860515      0.480756372    
  0.788846016      0.346704423      0.163905501      0.480263829    
  0.789085150      0.346803635      0.163949206      0.479784191    
  0.789317489      0.346900016      0.163991630      0.479317605    
  0.789542913      0.346993536      0.164032742      0.478864342    
  0.789761364      0.347084135      0.164072528      0.478424668    
  0.789972663      0.347171783      0.164110959      0.477998823    
  0.790176809      0.347256452      0.164148033      0.477586955    
  0.790373683      0.347338080      0.164183736      0.477189392    
  0.790563107      0.347416639      0.164218038      0.476806462    
  0.790745020      0.347492069      0.164250910      0.476438433    
  0.790919304      0.347564340      0.164282337      0.476085484    
  0.791085780      0.347633362      0.164312303      0.475748003    
  0.791244328      0.347699106      0.164340764      0.475426316    
  0.791394889      0.347761512      0.164367706      0.475120664    
  0.791537285      0.347820520      0.164393112      0.474831432    
  0.791671276      0.347876042      0.164416939      0.474559009    
  0.791796744      0.347928017      0.164439142      0.474303782    
  0.791913569      0.347976416      0.164459720      0.474065989    
  0.792021573      0.348021150      0.164478630      0.473846108    
  0.792120516      0.348062128      0.164495826      0.473644584    
  0.792210281      0.348099291      0.164511293      0.473461717    
  0.792290628      0.348132551      0.164524987      0.473297983    
  0.792361379      0.348161817      0.164536864      0.473153919    
  0.792422235      0.348186970      0.164546877      0.473029971    
  0.792473078      0.348207980      0.164554998      0.472926468    
  0.792513669      0.348224729      0.164561182      0.472844005    
  0.792543650      0.348237097      0.164565369      0.472783178    
  0.792562902      0.348244995      0.164567530      0.472744316    
  0.792571127      0.348248303      0.164567605      0.472728074    
