   0.00000000       0.00000000       0.00000000    
   5.97638544E-03   1.16119012E-02   2.34845299E-02
   1.21170739E-02   2.28877980E-02   4.68152612E-02
   1.84111744E-02   3.38311680E-02   6.99935481E-02
   2.48473752E-02   4.44445647E-02   9.30201635E-02
   3.14162858E-02   5.47331944E-02  0.115895554    
   3.81072946E-02   6.47000894E-02  0.138619646    
   4.49108966E-02   7.43497014E-02  0.161192074    
   5.18179126E-02   8.36866423E-02  0.183612064    
   5.88203035E-02   9.27167013E-02  0.205878675    
   6.59086704E-02  0.101443693      0.227990493    
   7.30747133E-02  0.109872587      0.249945998    
   8.03104118E-02  0.118008479      0.271743417    
   8.76079798E-02  0.125856563      0.293380797    
   9.49599966E-02  0.133422107      0.314855993    
  0.102359198      0.140710428      0.336166710    
  0.109799422      0.147727728      0.357310772    
  0.117273994      0.154479384      0.378285676    
  0.124776423      0.160970867      0.399088830    
  0.132299677      0.167206928      0.419717550    
  0.139838114      0.173193485      0.440169156    
  0.147385612      0.178935796      0.460440993    
  0.154936969      0.184439704      0.480530292    
  0.162486583      0.189710528      0.500434458    
  0.170029655      0.194754094      0.520150781    
  0.177561015      0.199575692      0.539676547    
  0.185076386      0.204181120      0.559009194    
  0.192570969      0.208575711      0.578145742    
  0.200040862      0.212765127      0.597083569    
  0.207481772      0.216754645      0.615820467    
  0.214890257      0.220549896      0.634353876    
  0.222263098      0.224156439      0.652681708    
  0.229596525      0.227579370      0.670801520    
  0.236887753      0.230824143      0.688711345    
  0.244133726      0.233895913      0.706409812    
  0.251331657      0.236799777      0.723896146    
  0.258478940      0.239540845      0.741170049    
  0.265572399      0.242123812      0.758230746    
  0.272610188      0.244553685      0.775079548    
  0.279590428      0.246835381      0.791718006    
  0.286511332      0.248973623      0.808147430    
  0.293370396      0.250972748      0.824368000    
  0.300166309      0.252837449      0.840382159    
  0.306898028      0.254572183      0.856192112    
  0.313564181      0.256181240      0.871799886    
  0.320162952      0.257668763      0.887205958    
  0.326693624      0.259038806      0.902413070    
  0.333155483      0.260295510      0.917423844    
  0.339547813      0.261442751      0.932240486    
  0.345869333      0.262484282      0.946863890    
  0.352119356      0.263423711      0.961296201    
  0.358297735      0.264264852      0.975540161    
  0.364404410      0.265011132      0.989598453    
  0.370438427      0.265665919       1.00347233    
  0.376399636      0.266232580       1.01716387    
  0.382288158      0.266714424       1.03067625    
  0.388104111      0.267114401       1.04401171    
  0.393847048      0.267435730       1.05717170    
  0.399517506      0.267681241       1.07015955    
  0.405115396      0.267853886       1.08297694    
  0.410641104      0.267956436       1.09562659    
  0.416094929      0.267991543       1.10811067    
  0.421477139      0.267961860       1.12043154    
  0.426787794      0.267869890       1.13259077    
  0.432027578      0.267718017       1.14459109    
  0.437196881      0.267508686       1.15643489    
  0.442296177      0.267244220       1.16812408    
  0.447325915      0.266926765       1.17966080    
  0.452286661      0.266558528       1.19104743    
  0.457179010      0.266141623       1.20228589    
  0.462003499      0.265677959       1.21337843    
  0.466760784      0.265169561       1.22432709    
  0.471451163      0.264618397       1.23513317    
  0.476075202      0.264026225       1.24579871    
  0.480633825      0.263394833       1.25632620    
  0.485127896      0.262725860       1.26671803    
  0.489557981      0.262020975       1.27697623    
  0.493924975      0.261281788       1.28710270    
  0.498229444      0.260509819       1.29709947    
  0.502472341      0.259706616       1.30696833    
  0.506653905      0.258873522       1.31671071    
  0.510774970      0.258012086       1.32632840    
  0.514836252      0.257123530       1.33582330    
  0.518838763      0.256209195       1.34519768    
  0.522783339      0.255270243       1.35445344    
  0.526670754      0.254307985       1.36359239    
  0.530501604      0.253323376       1.37261665    
  0.534276903      0.252317667       1.38152766    
  0.537997127      0.251292020       1.39032662    
  0.541662931      0.250247419       1.39901543    
  0.545275092      0.249184877       1.40759540    
  0.548834682      0.248105347       1.41606879    
  0.552342355      0.247009754       1.42443728    
  0.555798888      0.245898932       1.43270254    
  0.559205115      0.244773775       1.44086611    
  0.562561750      0.243635133       1.44892967    
  0.565869570      0.242483795       1.45689464    
  0.569128990      0.241320610       1.46476209    
  0.572340786      0.240146324       1.47253346    
  0.575505733      0.238961592       1.48021030    
  0.578624725      0.237767130       1.48779440    
  0.581698298      0.236563623       1.49528706    
  0.584727347      0.235351607       1.50268972    
  0.587712526      0.234131783       1.51000404    
  0.590654492      0.232904688       1.51723111    
  0.593553722      0.231670961       1.52437210    
  0.596410990      0.230431199       1.53142822    
  0.599226892      0.229185894       1.53840065    
  0.602002144      0.227935538       1.54529083    
  0.604737520      0.226680577       1.55210030    
  0.607433617      0.225421444       1.55883026    
  0.610091090      0.224158660       1.56548190    
  0.612710476      0.222892597       1.57205629    
  0.615292311      0.221623734       1.57855451    
  0.617837191      0.220352530       1.58497751    
  0.620345831      0.219079241       1.59132683    
  0.622818828      0.217804298       1.59760344    
  0.625256777      0.216528013       1.60380828    
  0.627660036      0.215250775       1.60994279    
  0.630029380      0.213972837       1.61600769    
  0.632365346      0.212694570       1.62200427    
  0.634668350      0.211416215       1.62793338    
  0.636939168      0.210138172       1.63379622    
  0.639178038      0.208860651       1.63959348    
  0.641385615      0.207583830       1.64532626    
  0.643562376      0.206308141       1.65099537    
  0.645708740      0.205033690       1.65660179    
  0.647825360      0.203760743       1.66214645    
  0.649912596      0.202489525       1.66763043    
  0.651970923      0.201220274       1.67305446    
  0.654000878      0.199953184       1.67841923    
  0.656002939      0.198688433       1.68372595    
  0.657977521      0.197426245       1.68897521    
  0.659924984      0.196166798       1.69416785    
  0.661845803      0.194910228       1.69930470    
  0.663740516      0.193656728       1.70438635    
  0.665609360      0.192406476       1.70941389    
  0.667452812      0.191159576       1.71438766    
  0.669271290      0.189916179       1.71930909    
  0.671065331      0.188676402       1.72417831    
  0.672835112      0.187440440       1.72899640    
  0.674581170      0.186208397       1.73376381    
  0.676303804      0.184980333       1.73848152    
  0.678003371      0.183756456       1.74314976    
  0.679680288      0.182536766       1.74776971    
  0.681334913      0.181321502       1.75234151    
  0.682967484      0.180110618       1.75686622    
  0.684578478      0.178904295       1.76134443    
  0.686168253      0.177702576       1.76577675    
  0.687737107      0.176505581       1.77016377    
  0.689285278      0.175313413       1.77450597    
  0.690813065      0.174126104       1.77880383    
  0.692321002      0.172943771       1.78305829    
  0.693809211      0.171766385       1.78726971    
  0.695278049      0.170594126       1.79143882    
  0.696727812      0.169426993       1.79556608    
  0.698158801      0.168265030       1.79965174    
  0.699571311      0.167108312       1.80369699    
  0.700965643      0.165956929       1.80770183    
  0.702342033      0.164810881       1.81166685    
  0.703700781      0.163670227       1.81559265    
  0.705042124      0.162535042       1.81947947    
  0.706366360      0.161405325       1.82332838    
  0.707673788      0.160281077       1.82713938    
  0.708964467      0.159162447       1.83091307    
  0.710238934      0.158049360       1.83464980    
  0.711497188      0.156941861       1.83835018    
  0.712739587      0.155840039       1.84201443    
  0.713966370      0.154743925       1.84564340    
  0.715177774      0.153653488       1.84923708    
  0.716373861      0.152568802       1.85279620    
  0.717555046      0.151489809       1.85632086    
  0.718721509      0.150416672       1.85981190    
  0.719873428      0.149349287       1.86326933    
  0.721011162      0.148287714       1.86669374    
  0.722134709      0.147231922       1.87008548    
  0.723244369      0.146182016       1.87344491    
  0.724340200      0.145137981       1.87677240    
  0.725422561      0.144099787       1.88006794    
  0.726491630      0.143067509       1.88333237    
  0.727547526      0.142041072       1.88656616    
  0.728590488      0.141020551       1.88976920    
  0.729620636      0.140005931       1.89294195    
  0.730638206      0.138997227       1.89608490    
  0.731643319      0.137994453       1.89919841    
  0.732636213      0.136997581       1.90228248    
  0.733616948      0.136006668       1.90533745    
  0.734585822      0.135021672       1.90836406    
  0.735542834      0.134042650       1.91136217    
  0.736488283      0.133069590       1.91433215    
  0.737422347      0.132102460       1.91727436    
  0.738345087      0.131141320       1.92018902    
  0.739256620      0.130186141       1.92307651    
  0.740157187      0.129236937       1.92593706    
  0.741046846      0.128293768       1.92877066    
  0.741925836      0.127356544       1.93157804    
  0.742794096      0.126425251       1.93435895    
  0.743651986      0.125499964       1.93711400    
  0.744499505      0.124580674       1.93984330    
  0.745336890      0.123667419       1.94254696    
  0.746164143      0.122760125       1.94522536    
  0.746981502      0.121858872       1.94787860    
  0.747788966      0.120963596       1.95050704    
  0.748586714      0.120074309       1.95311081    
  0.749374807      0.119191058       1.95568991    
  0.750153482      0.118313804       1.95824504    
  0.750922680      0.117442630       1.96077561    
  0.751682699      0.116577469       1.96328259    
  0.752433479      0.115718365       1.96576571    
  0.753175139      0.114865348       1.96822524    
  0.753907859      0.114018261       1.97066152    
  0.754631758      0.113177337       1.97307432    
  0.755346775      0.112342454       1.97546399    
  0.756053150      0.111513622       1.97783089    
  0.756750882      0.110690922       1.98017502    
  0.757440209      0.109874263       1.98249638    
  0.758121014      0.109063782       1.98479533    
  0.758793592      0.108259395       1.98707175    
  0.759457886      0.107461199       1.98932600    
  0.760113955      0.106669106       1.99155807    
  0.760761917      0.105883211       1.99376786    
  0.761401892      0.105103493       1.99595594    
  0.762033880      0.104330026       1.99812198    
  0.762658000      0.103562735       2.00026631    
  0.763274312      0.102801725       2.00238895    
  0.763882756      0.102046944       2.00448990    
  0.764483571      0.101298451       2.00656962    
  0.765076697      0.100556269       2.00862765    
  0.765662313       9.98204499E-02   2.01066399    
  0.766240358       9.90910158E-02   2.01267958    
  0.766810954       9.83679593E-02   2.01467323    
  0.767374098       9.76513326E-02   2.01664591    
  0.767929912       9.69411582E-02   2.01859760    
  0.768478394       9.62374881E-02   2.02052784    
  0.769019604       9.55403075E-02   2.02243662    
  0.769553602       9.48497653E-02   2.02432442    
  0.770080328       9.41657871E-02   2.02619100    
  0.770599961       9.34884697E-02   2.02803659    
  0.771112442       9.28178132E-02   2.02986073    
  0.771617830       9.21539888E-02   2.03166389    
  0.772116244       9.14968848E-02   2.03344584    
  0.772607505       9.08466056E-02   2.03520632    
  0.773091793       9.02032554E-02   2.03694558    
  0.773569107       8.95668492E-02   2.03866363    
  0.774039507       8.89374465E-02   2.04036021    
  0.774502993       8.83150622E-02   2.04203534    
  0.774959505       8.76998827E-02   2.04368877    
  0.775409043       8.70918632E-02   2.04532099    
  0.775851667       8.64911377E-02   2.04693127    
  0.776287496       8.58977139E-02   2.04851961    
  0.776716352       8.53117406E-02   2.05008650    
  0.777138352       8.47332776E-02   2.05163097    
  0.777553558       8.41623470E-02   2.05315351    
  0.777961791       8.35990980E-02   2.05465364    
  0.778363109       8.30436200E-02   2.05613136    
  0.778757513       8.24959800E-02   2.05758667    
  0.779145002       8.19562525E-02   2.05901909    
  0.779525578       8.14245641E-02   2.06042838    
  0.779899120       8.09010342E-02   2.06181479    
  0.780265868       8.03857744E-02   2.06317806    
  0.780625522       7.98788518E-02   2.06451750    
  0.780978143       7.93804079E-02   2.06583333    
  0.781323731       7.88905621E-02   2.06712508    
  0.781662226       7.84094930E-02   2.06839275    
  0.781993568       7.79372677E-02   2.06963563    
  0.782317758       7.74740204E-02   2.07085395    
  0.782634676       7.70199075E-02   2.07204676    
  0.782944262       7.65750781E-02   2.07321453    
  0.783246696       7.61397108E-02   2.07435656    
  0.783541679       7.57139251E-02   2.07547259    
  0.783829153       7.52978846E-02   2.07656240    
  0.784109235       7.48917311E-02   2.07762527    
  0.784381688       7.44956881E-02   2.07866096    
  0.784646511       7.41098449E-02   2.07966924    
  0.784903586       7.37344399E-02   2.08064985    
  0.785152793       7.33696893E-02   2.08160162    
  0.785394132       7.30157942E-02   2.08252525    
  0.785627484       7.26730227E-02   2.08341885    
  0.785852730       7.23414645E-02   2.08428335    
  0.786069751       7.20213279E-02   2.08511710    
  0.786278486       7.17130005E-02   2.08592033    
  0.786478758       7.14166611E-02   2.08669186    
  0.786670506       7.11324885E-02   2.08743191    
  0.786853552       7.08607808E-02   2.08813882    
  0.787027717       7.06018358E-02   2.08881283    
  0.787192941       7.03558624E-02   2.08945322    
  0.787349105       7.01231286E-02   2.09005904    
  0.787495911       6.99040219E-02   2.09062958    
  0.787633121       6.96988106E-02   2.09116364    
  0.787760794       6.95077628E-02   2.09166145    
  0.787878633       6.93312064E-02   2.09212208    
  0.787986457       6.91695884E-02   2.09254384    
  0.788084090       6.90230876E-02   2.09292674    
  0.788171291       6.88921586E-02   2.09326982    
  0.788247824       6.87771440E-02   2.09357166    
  0.788313389       6.86785355E-02   2.09383154    
  0.788367927       6.85965046E-02   2.09404850    
  0.788411140       6.85315877E-02   2.09422183    
  0.788442612       6.84842989E-02   2.09434986    
  0.788462102       6.84549063E-02   2.09443212    
  0.788469434       6.84438571E-02   2.09446716    
