   1.57079995      0.785399973      0.392699987    
   1.55579996      0.772165716      0.385972738    
   1.54079962      0.759188473      0.379390270    
   1.52579975      0.746424139      0.372926712    
   1.51079977      0.733914077      0.366600990    
   1.49579978      0.721653402      0.360410988    
   1.48079991      0.709600687      0.354331672    
   1.46580112      0.697792113      0.348381966    
   1.45080233      0.686264753      0.342579663    
   1.43580270      0.674973130      0.336899638    
   1.42080295      0.663870811      0.331319690    
   1.40580320      0.652995765      0.325856835    
   1.39080322      0.642338872      0.320507735    
   1.37580371      0.631900728      0.315269679    
   1.36080408      0.621675551      0.310141295    
   1.34580421      0.611688077      0.305135459    
   1.33080363      0.601936102      0.300249636    
   1.31580377      0.592381895      0.295464456    
   1.30080473      0.582986414      0.290760815    
   1.28580654      0.573749244      0.286136657    
   1.27080846      0.564726889      0.281621128    
   1.25581193      0.555855036      0.277182192    
   1.24081874      0.547188699      0.272847801    
   1.22583055      0.538665235      0.268585294    
   1.21084750      0.530338228      0.264421105    
   1.19586480      0.522147536      0.260327756    
   1.18087482      0.514144480      0.256328166    
   1.16587937      0.506272733      0.252393782    
   1.15088940      0.498579234      0.248548940    
   1.13590837      0.491010398      0.244767785    
   1.12093616      0.483636826      0.241084814    
   1.10597181      0.476383090      0.237461269    
   1.09101272      0.469290078      0.233919904    
   1.07609034      0.462333441      0.230446547    
   1.06123817      0.455510020      0.227039829    
   1.04648983      0.448815912      0.223698378    
   1.03185177      0.442228526      0.220410317    
   1.01734710      0.435744256      0.217173979    
   1.00308812      0.429422408      0.214019224    
  0.989023924      0.423220187      0.210923791    
  0.975130320      0.417113751      0.207877129    
  0.961413085      0.411101997      0.204877913    
  0.947981894      0.405239493      0.201952800    
  0.934763789      0.399485648      0.199082002    
  0.921726763      0.393820018      0.196255654    
  0.908873975      0.388240337      0.193472818    
  0.896301746      0.382797450      0.190757751    
  0.883948982      0.377454102      0.188092515    
  0.871768892      0.372191370      0.185467809    
  0.859761238      0.367007554      0.182882532    
  0.847956300      0.361917377      0.180344239    
  0.836421967      0.356949389      0.177866995    
  0.825051546      0.352055818      0.175426409    
  0.813846111      0.347234964      0.173022479    
  0.802832782      0.342499793      0.170661315    
  0.792071104      0.337876290      0.168355882    
  0.781462491      0.333321005      0.166084886    
  0.771035731      0.328845143      0.163853630    
  0.760786831      0.324448168      0.161661237    
  0.750742614      0.320140839      0.159513965    
  0.740868747      0.315908074      0.157403857    
  0.731162846      0.311748743      0.155330509    
  0.721595109      0.307648867      0.153287023    
  0.712216437      0.303631932      0.151284590    
  0.702995062      0.299683392      0.149316460    
  0.693929195      0.295802951      0.147381902    
  0.685014367      0.291987628      0.145480618    
  0.676250637      0.288237512      0.143611416    
  0.667631745      0.284550726      0.141773701    
  0.659156203      0.280925214      0.139966860    
  0.650822341      0.277361155      0.138190463    
  0.642604053      0.273847669      0.136438891    
  0.634498537      0.270381689      0.134711862    
  0.626525998      0.266974002      0.133013666    
  0.618726373      0.263640970      0.131352633    
  0.611056507      0.260362267      0.129718959    
  0.603510141      0.257138014      0.128112286    
  0.596085846      0.253966480      0.126531646    
  0.588781714      0.250846863      0.124976829    
  0.581576943      0.247769639      0.123442933    
  0.574470043      0.244733334      0.121930383    
  0.567475557      0.241746575      0.120441802    
  0.560592353      0.238807052      0.118977167    
  0.553856432      0.235930964      0.117543817    
  0.547225356      0.233099997      0.116133310    
  0.540700674      0.230314076      0.114745297    
  0.534278512      0.227572709      0.113379374    
  0.527941048      0.224867359      0.112031274    
  0.521685302      0.222196922      0.110700697    
  0.515527070      0.219568774      0.109391183    
  0.509465754      0.216981992      0.108102202    
  0.503528118      0.214448541      0.106839716    
  0.497684151      0.211954027      0.105596930    
  0.491928369      0.209498316      0.104373351    
  0.486260921      0.207079992      0.103168406    
  0.480681062      0.204699188      0.101982147    
  0.475170225      0.202348664      0.100811034    
  0.469729662      0.200027645       9.96543542E-02
  0.464371860      0.197741941       9.85157341E-02
  0.459095269      0.195491120       9.73942205E-02
  0.453923523      0.193285048       9.62952301E-02
  0.448829353      0.191112131       9.52125788E-02
  0.443811744      0.188971609       9.41458717E-02
  0.438867420      0.186862618       9.30953100E-02
  0.433985770      0.184779957       9.20579806E-02
  0.429162920      0.182723388       9.10331905E-02
  0.424411982      0.180696502       9.00235772E-02
  0.419729233      0.178699791       8.90288725E-02
  0.415138572      0.176742002       8.80532712E-02
  0.410613865      0.174812123       8.70920941E-02
  0.406155139      0.172910661       8.61450136E-02
  0.401760578      0.171036452       8.52112845E-02
  0.397419691      0.169185728       8.42882618E-02
  0.393128991      0.167356074       8.33772942E-02
  0.388910413      0.165557757       8.24809074E-02
  0.384762436      0.163788557       8.15997571E-02
  0.380662054      0.162040830       8.07285309E-02
  0.376630008      0.160321087       7.98722059E-02
  0.372654289      0.158625498       7.90280104E-02
  0.368734896      0.156955034       7.81954229E-02
  0.364869475      0.155307472       7.73742050E-02
  0.361059129      0.153682753       7.65646845E-02
  0.357300937      0.152080014       7.57663921E-02
  0.353594363      0.150499657       7.49795958E-02
  0.349929482      0.148937806       7.42010102E-02
  0.346324325      0.147400796       7.34354556E-02
  0.342768013      0.145884544       7.26802945E-02
  0.339259803      0.144388586       7.19351992E-02
  0.335797995      0.142913282       7.11999536E-02
  0.332383990      0.141457558       7.04749525E-02
  0.329015911      0.140021935       6.97593093E-02
  0.325691938      0.138605312       6.90536797E-02
  0.322413355      0.137207732       6.83573186E-02
  0.319170356      0.135825410       6.76688254E-02
  0.315977842      0.134464443       6.69907704E-02
  0.312826395      0.133121446       6.63216412E-02
  0.309710234      0.131793156       6.56596720E-02
  0.306640774      0.130484685       6.50080219E-02
  0.303612620      0.129193842       6.43651560E-02
  0.300622761      0.127919391       6.37302175E-02
  0.297669530      0.126661330       6.31031543E-02
  0.294757575      0.125419229       6.24849051E-02
  0.291880548      0.124193788       6.18740469E-02
  0.289034933      0.122981124       6.12695701E-02
  0.286231041      0.121785820       6.06743954E-02
  0.283456624      0.120603241       6.00850694E-02
  0.280723155      0.119438328       5.95046468E-02
  0.278022707      0.118287720       5.89312837E-02
  0.275356650      0.117151402       5.83649725E-02
  0.272724301      0.116029054       5.78060336E-02
  0.270117968      0.114918165       5.72526157E-02
  0.267548561      0.113823444       5.67070544E-02
  0.265005559      0.112739772       5.61671145E-02
  0.262498289      0.111672036       5.56342974E-02
  0.260017276      0.110614084       5.51075935E-02
  0.257570535      0.109570593       5.45886084E-02
  0.255153000      0.108540766       5.40750846E-02
  0.252763778      0.107522719       5.35675324E-02
  0.250402272      0.106516153       5.30661456E-02
  0.248064756      0.105519988       5.25699556E-02
  0.245758802      0.104537107       5.20804562E-02
  0.243475571      0.103563860       5.15957400E-02
  0.241222516      0.102603756       5.11175692E-02
  0.238991067      0.101652689       5.06435186E-02
  0.236788824      0.100714408       5.01759574E-02
  0.234611973       9.97871682E-02   4.97138426E-02
  0.232460305       9.88701060E-02   4.92570400E-02
  0.230332315       9.79629382E-02   4.88049872E-02
  0.228223547       9.70639959E-02   4.83576208E-02
  0.226141661       9.61777121E-02   4.79151942E-02
  0.224078581       9.52988118E-02   4.74771447E-02
  0.222042486       9.44310352E-02   4.70445715E-02
  0.220028803       9.35727209E-02   4.66171168E-02
  0.218036696       9.27237794E-02   4.61941734E-02
  0.216064721       9.18836743E-02   4.57753018E-02
  0.214110121       9.10510719E-02   4.53603789E-02
  0.212180272       9.02284309E-02   4.49509583E-02
  0.210266769       8.94130319E-02   4.45447937E-02
  0.208376005       8.86078775E-02   4.41432372E-02
  0.206501961       8.78089219E-02   4.37453538E-02
  0.204649508       8.70196745E-02   4.33520339E-02
  0.202814952       8.62378031E-02   4.29627001E-02
  0.200999096       8.54640007E-02   4.25773561E-02
  0.199201226       8.46978724E-02   4.21955623E-02
  0.197417304       8.39379728E-02   4.18167226E-02
  0.195653811       8.31864104E-02   4.14422601E-02
  0.193903640       8.24406147E-02   4.10711206E-02
  0.192173436       8.17035884E-02   4.07036059E-02
  0.190456450       8.09720159E-02   4.03387994E-02
  0.188758686       8.02484378E-02   3.99786197E-02
  0.187076345       7.95316771E-02   3.96214314E-02
  0.185407192       7.88201168E-02   3.92675474E-02
  0.183753833       7.81157762E-02   3.89161296E-02
  0.182112873       7.74164796E-02   3.85677591E-02
  0.180487916       7.67242014E-02   3.82224508E-02
  0.178873256       7.60361776E-02   3.78799289E-02
  0.177275896       7.53553137E-02   3.75408642E-02
  0.175688937       7.46790245E-02   3.72041985E-02
  0.174116299       7.40088150E-02   3.68702188E-02
  0.172557145       7.33444020E-02   3.65392268E-02
  0.171007216       7.26839080E-02   3.62101905E-02
  0.169471473       7.20296800E-02   3.58843915E-02
  0.167944610       7.13791773E-02   3.55604850E-02
  0.166430399       7.07335025E-02   3.52392159E-02
  0.164925933       7.00923353E-02   3.49196903E-02
  0.163432881       6.94557428E-02   3.46027762E-02
  0.161949098       6.88239783E-02   3.42875384E-02
  0.160475805       6.81962520E-02   3.39750387E-02
  0.159012482       6.75721914E-02   3.36648002E-02
  0.157557935       6.69521317E-02   3.33559997E-02
  0.156111807       6.63365796E-02   3.30488272E-02
  0.154672652       6.57235160E-02   3.27432118E-02
  0.153244376       6.51147962E-02   3.24401036E-02
  0.151821241       6.45087957E-02   3.21379453E-02
  0.150407195       6.39059767E-02   3.18375826E-02
  0.149000466       6.33064285E-02   3.15391235E-02
  0.147599295       6.27095625E-02   3.12416535E-02
  0.146206409       6.21158928E-02   3.09461094E-02
  0.144818798       6.15241453E-02   3.06512639E-02
  0.143437132       6.09355606E-02   3.03580258E-02
  0.142059997       6.03485405E-02   3.00657265E-02
  0.140688196       5.97642474E-02   2.97742076E-02
  0.139320448       5.91815636E-02   2.94839628E-02
  0.137957901       5.86009324E-02   2.91946810E-02
  0.136599481       5.80219589E-02   2.89064981E-02
  0.135244772       5.74446470E-02   2.86189280E-02
  0.133891329       5.68679534E-02   2.83316486E-02
  0.132541299       5.62926643E-02   2.80450918E-02
  0.131193966       5.57186268E-02   2.77591404E-02
  0.129850447       5.51457927E-02   2.74741426E-02
  0.128506333       5.45732230E-02   2.71882191E-02
  0.127164036       5.40006906E-02   2.69036591E-02
  0.125822753       5.34294434E-02   2.66187005E-02
  0.124481246       5.28582297E-02   2.63337381E-02
  0.123140529       5.22867367E-02   2.60493718E-02
  0.121799149       5.17153144E-02   2.57645063E-02
  0.120457299       5.11431769E-02   2.54797209E-02
  0.119113766       5.05708866E-02   2.51941122E-02
  0.117767483       4.99976575E-02   2.49081459E-02
  0.116419226       4.94229868E-02   2.46221796E-02
  0.115069017       4.88470532E-02   2.43359320E-02
  0.113714039       4.82704081E-02   2.40476429E-02
  0.112356946       4.76919487E-02   2.37598866E-02
  0.110995725       4.71115597E-02   2.34710202E-02
  0.109628372       4.65284213E-02   2.31807977E-02
  0.108256206       4.59437072E-02   2.28890982E-02
  0.106877960       4.53561209E-02   2.25968007E-02
  0.105492823       4.47656959E-02   2.23027822E-02
  0.104100481       4.41731438E-02   2.20062938E-02
  0.102700725       4.35762666E-02   2.17095800E-02
  0.101292714       4.29762751E-02   2.14107912E-02
   9.98754799E-02   4.23728377E-02   2.11095009E-02
   9.84498784E-02   4.17650379E-02   2.08069254E-02
   9.70129073E-02   4.11532484E-02   2.05017980E-02
   9.55661684E-02   4.05359603E-02   2.01949719E-02
   9.41077024E-02   3.99144255E-02   1.98853146E-02
   9.26363021E-02   3.92875075E-02   1.95727516E-02
   9.11527798E-02   3.86552438E-02   1.92579217E-02
   8.96558687E-02   3.80173661E-02   1.89401060E-02
   8.81436840E-02   3.73730622E-02   1.86190028E-02
   8.66167471E-02   3.67226414E-02   1.82947870E-02
   8.50737169E-02   3.60650718E-02   1.79673471E-02
   8.35134313E-02   3.54003049E-02   1.76359508E-02
   8.19361731E-02   3.47282737E-02   1.73008218E-02
   8.03407431E-02   3.40478532E-02   1.69624276E-02
   7.87263960E-02   3.33591476E-02   1.66198295E-02
   7.70904347E-02   3.26624252E-02   1.62722431E-02
   7.54333436E-02   3.19572091E-02   1.59203149E-02
   7.37544298E-02   3.12416330E-02   1.55636417E-02
   7.20517337E-02   3.05167343E-02   1.52016347E-02
   7.03309402E-02   2.97821742E-02   1.48372827E-02
   6.85871392E-02   2.90391427E-02   1.44665698E-02
   6.68092594E-02   2.82807257E-02   1.40896281E-02
   6.50081336E-02   2.75131129E-02   1.37076220E-02
   6.31830767E-02   2.67356467E-02   1.33201610E-02
   6.13186471E-02   2.59412546E-02   1.29234483E-02
   5.94232157E-02   2.51333565E-02   1.25211207E-02
   5.75005189E-02   2.43141688E-02   1.21128708E-02
   5.55498414E-02   2.34829858E-02   1.16988439E-02
   5.35526238E-02   2.26319116E-02   1.12746973E-02
   5.15195020E-02   2.17653960E-02   1.08427266E-02
   4.94541340E-02   2.08855886E-02   1.04041873E-02
   4.73564528E-02   1.99910812E-02   9.95879620E-03
   4.52042446E-02   1.90745350E-02   9.50166024E-03
   4.30177674E-02   1.81421470E-02   9.03766230E-03
   4.07936275E-02   1.71945859E-02   8.56597908E-03
   3.85092162E-02   1.62209570E-02   8.08087923E-03
   3.61762866E-02   1.52265448E-02   7.58523028E-03
   3.38025540E-02   1.42149469E-02   7.08165253E-03
   3.13868113E-02   1.31851705E-02   6.56847982E-03
   2.88997348E-02   1.21250534E-02   6.04028488E-03
   2.63660718E-02   1.10463984E-02   5.50167495E-03
   2.37865429E-02   9.94697399E-03   4.95435903E-03
   2.11275741E-02   8.81399121E-03   4.38965904E-03
   1.84083730E-02   7.65489042E-03   3.81238246E-03
   1.56341456E-02   6.47265883E-03   3.22258961E-03
   1.28054703E-02   5.26704686E-03   2.62191752E-03
   9.88580193E-03   4.02248185E-03   2.00192491E-03
   6.90737367E-03   2.75316276E-03   1.36991334E-03
   3.86784784E-03   1.45726278E-03   7.24353304E-04
  -9.51150898E-04  -7.78740272E-04   1.70311192E-04
