   1.00000000    
  0.999999940    
   1.00000012    
   1.00000000    
   1.00000000    
   1.00000000    
   1.00000000    
   1.00000036    
   1.00000012    
  0.999999940    
   1.00000012    
   1.00000000    
   1.00000036    
   1.00000024    
  0.999999821    
  0.999999940    
   1.00000012    
   1.00000000    
  0.999999523    
  0.999999642    
  0.999999821    
   1.00000012    
  0.999999881    
   1.00000000    
   1.00000000    
   1.00000048    
  0.999999940    
  0.999999583    
   1.00000000    
   1.00000024    
   1.00000024    
  0.999999881    
   1.00000024    
  0.999999523    
  0.999999642    
   1.00000024    
  0.999999523    
   1.00000048    
   1.00000072    
  0.999999762    
   1.00000024    
  0.999999881    
   1.00000012    
   1.00000012    
   1.00000083    
   1.00000072    
   1.00000012    
   1.00000048    
   1.00000024    
   1.00000024    
   1.00000024    
   1.00000095    
   1.00000083    
   1.00000048    
   1.00000095    
   1.00000107    
   1.00000143    
   1.00000036    
   1.00000119    
   1.00000143    
   1.00000203    
   1.00000203    
   1.00000191    
   1.00000203    
   1.00000262    
   1.00000274    
   1.00000262    
   1.00000226    
   1.00000298    
   1.00000262    
   1.00000298    
   1.00000274    
   1.00000322    
   1.00000298    
   1.00000310    
   1.00000286    
   1.00000286    
   1.00000286    
   1.00000334    
   1.00000334    
   1.00000334    
   1.00000334    
   1.00000274    
   1.00000334    
   1.00000286    
   1.00000310    
   1.00000274    
   1.00000262    
   1.00000310    
   1.00000226    
   1.00000286    
   1.00000274    
   1.00000250    
   1.00000286    
   1.00000215    
   1.00000274    
   1.00000238    
   1.00000250    
   1.00000215    
   1.00000215    
   1.00000238    
   1.00000262    
   1.00000191    
   1.00000286    
   1.00000238    
   1.00000298    
   1.00000310    
   1.00000346    
   1.00000274    
   1.00000298    
   1.00000274    
   1.00000215    
   1.00000226    
   1.00000203    
   1.00000238    
   1.00000191    
   1.00000215    
   1.00000119    
   1.00000179    
   1.00000203    
   1.00000155    
   1.00000167    
   1.00000119    
   1.00000143    
   1.00000095    
   1.00000119    
   1.00000131    
   1.00000107    
   1.00000095    
   1.00000095    
   1.00000119    
   1.00000048    
  0.999999404    
   1.00000000    
  0.999999583    
   1.00000012    
   1.00000024    
   1.00000012    
   1.00000000    
   1.00000048    
  0.999999881    
  0.999999881    
  0.999999404    
  0.999999166    
  0.999999762    
  0.999998927    
  0.999999225    
  0.999998808    
  0.999999046    
  0.999999523    
  0.999999523    
  0.999998927    
  0.999999046    
   1.00000000    
  0.999999285    
  0.999999821    
  0.999999285    
  0.999999285    
  0.999999523    
  0.999999285    
  0.999999046    
  0.999999523    
  0.999998808    
  0.999999046    
  0.999999285    
  0.999999285    
  0.999998569    
  0.999999404    
  0.999999285    
  0.999999285    
  0.999999404    
  0.999999166    
  0.999999285    
  0.999998271    
  0.999999225    
  0.999998808    
  0.999998629    
  0.999998689    
  0.999998331    
  0.999998391    
  0.999998689    
  0.999998331    
  0.999998212    
  0.999998569    
  0.999998689    
  0.999998212    
  0.999998391    
  0.999998093    
  0.999997973    
  0.999998033    
  0.999998212    
  0.999997735    
  0.999997854    
  0.999997735    
  0.999997616    
  0.999997139    
  0.999997675    
  0.999997616    
  0.999998093    
  0.999997735    
  0.999997377    
  0.999997258    
  0.999997377    
  0.999997914    
  0.999997854    
  0.999997497    
  0.999997616    
  0.999997139    
  0.999997735    
  0.999997258    
  0.999997377    
  0.999997258    
  0.999997258    
  0.999997556    
  0.999996722    
  0.999997079    
  0.999997377    
  0.999997735    
  0.999997735    
  0.999997854    
  0.999997735    
  0.999997735    
  0.999997139    
  0.999996781    
  0.999997556    
  0.999997497    
  0.999996841    
  0.999997616    
  0.999997437    
  0.999997377    
  0.999997020    
  0.999997616    
  0.999998212    
  0.999997139    
  0.999997258    
  0.999997318    
  0.999998152    
  0.999998271    
  0.999996960    
  0.999997318    
  0.999997973    
  0.999997377    
  0.999998093    
  0.999997139    
  0.999997556    
  0.999997377    
  0.999997139    
  0.999997616    
  0.999997199    
  0.999996722    
  0.999997139    
  0.999997020    
  0.999997616    
  0.999997079    
  0.999997199    
  0.999997020    
  0.999996662    
  0.999997139    
  0.999997079    
  0.999997854    
  0.999997675    
  0.999996960    
  0.999997139    
  0.999996960    
  0.999997139    
  0.999997675    
  0.999997616    
  0.999997735    
  0.999997437    
  0.999997497    
  0.999998212    
  0.999997795    
  0.999997914    
  0.999997973    
  0.999997854    
  0.999997616    
  0.999998331    
  0.999997497    
  0.999997854    
  0.999997795    
  0.999997377    
  0.999997377    
  0.999997497    
  0.999997377    
  0.999997735    
  0.999997556    
  0.999998033    
  0.999997973    
  0.999997854    
  0.999997497    
  0.999997854    
  0.999997020    
  0.999997854    
  0.999997556    
  0.999997735    
  0.999997377    
  0.999997914    
  0.999997854    
  0.999997854    
  0.999997675    
  0.999997258    
