   1.34907663    
  0.367769659    
  0.289854914    
  0.323193908    
  0.446503162    
  0.292160749    
  0.205890402    
  0.167578787    
  0.141723052    
  0.110442221    
   8.68220180E-02
   8.05110410E-02
   8.46010372E-02
   7.80120566E-02
   8.32239985E-02
   6.79523796E-02
   5.99109307E-02
   5.11731692E-02
   4.86206710E-02
   8.52609649E-02
  0.129311383    
  0.283956587    
  0.171416551    
  0.144413397    
   9.24857184E-02
   9.80437621E-02
  0.108143352    
  0.120494135    
  0.131941691    
   9.42936167E-02
  0.111026503    
  0.138785139    
  0.266336560    
  0.191091999    
  0.231330395    
  0.291012228    
  0.245206103    
  0.199754804    
  0.243921265    
  0.247114539    
  0.186339960    
  0.136363924    
  0.283527881    
  0.150553256    
   5.11418432E-02
   8.89889076E-02
   9.06309634E-02
   8.61132368E-02
   6.67273775E-02
   3.54033858E-02
   3.13387923E-02
   3.00057679E-02
   3.17368396E-02
   3.07534784E-02
   2.98220944E-02
   2.89458670E-02
   2.81200148E-02
   2.73402929E-02
   2.66029295E-02
   2.59045437E-02
   2.52421163E-02
   2.46129259E-02
   2.40145251E-02
   2.34014299E-02
   1.83776822E-02
   1.60635654E-02
   3.31691056E-02
  0.108416416    
  0.120831363    
   6.01543225E-02
   5.53372763E-02
   3.33988033E-02
   3.45233902E-02
   3.57360654E-02
   3.70362289E-02
   3.83955762E-02
   3.98984663E-02
   4.15166430E-02
   4.32642475E-02
   4.51899953E-02
   4.72789742E-02
   4.95679602E-02
   3.96446474E-02
   4.08030264E-02
   4.25023474E-02
   4.43477370E-02
   4.63587195E-02
   4.85584438E-02
   5.09745553E-02
   5.36403283E-02
   5.65961860E-02
   5.98916896E-02
   6.35882989E-02
   6.77630901E-02
   7.25140795E-02
   7.79677108E-02
   8.42698291E-02
  0.290014774    
  0.220363200    
  0.162989795    
  0.138470963    
  0.112985805    
   9.82026011E-02
   6.59158677E-02
   6.17110692E-02
   5.60989641E-02
   5.30385152E-02
   4.93186824E-02
   4.69453521E-02
   4.47924174E-02
   4.27684300E-02
   4.04812060E-02
   3.88752036E-02
   3.73873971E-02
   3.60153876E-02
   3.58668193E-02
   3.71765941E-02
   3.85847017E-02
   4.01025750E-02
   4.17434759E-02
   4.35228758E-02
   4.54589427E-02
   4.75731492E-02
   4.98218164E-02
   4.97353412E-02
   4.64019999E-02
   4.86058816E-02
   4.02615741E-02
   9.90940928E-02
  0.181796595    
  0.190066949    
  0.159408659    
  0.135919452    
  0.128118604    
  0.142044961    
  0.163725063    
  0.184330523    
  0.221641451    
  0.246953309    
  0.147905618    
  0.182652831    
  0.214223206    
  0.208062798    
  0.177801132    
  0.109635025    
   9.39994752E-02
   8.65981057E-02
   7.54470080E-02
   6.30772188E-02
   5.40595874E-02
   4.54402715E-02
   2.87808646E-02
   2.17220988E-02
   1.56598799E-02
   1.16473325E-02
   9.60004795E-03
   6.46058610E-03
   6.41910313E-03
   6.37821667E-03
   6.33767806E-03
   6.29767869E-03
   6.25814218E-03
   6.21895678E-03
   6.18107477E-03
   6.14337297E-03
   6.10605488E-03
   6.06901152E-03
   6.03250507E-03
   5.99653786E-03
   5.96069964E-03
   5.92528749E-03
   5.89029491E-03
   5.85570140E-03
   5.82151255E-03
   5.78772044E-03
   5.75435581E-03
   5.72133856E-03
   5.68869850E-03
   5.65642864E-03
   5.62452385E-03
   5.59297763E-03
   5.56178344E-03
   5.53094735E-03
   5.50044049E-03
   5.47026889E-03
   5.44042652E-03
   5.41093154E-03
   5.38174389E-03
   5.35285845E-03
   5.32428222E-03
   5.29603194E-03
   5.26805827E-03
   5.24037844E-03
   5.21298870E-03
   5.18588396E-03
   5.15906001E-03
   5.13251312E-03
   5.10623772E-03
   5.08025149E-03
   5.05450834E-03
   5.02903527E-03
   5.00380760E-03
   4.97883232E-03
   4.95410478E-03
   4.92962217E-03
   4.90538077E-03
   4.88137733E-03
   4.85760719E-03
   4.83406801E-03
   4.81075654E-03
   4.78766859E-03
   4.76480182E-03
   4.74215252E-03
   4.71971743E-03
   4.69750399E-03
   4.67548938E-03
   4.65367967E-03
   4.63207345E-03
   4.61066701E-03
   4.58945753E-03
   4.56844270E-03
   4.54763928E-03
   4.52700490E-03
   4.50655725E-03
   4.48629400E-03
   4.46621235E-03
   4.44630953E-03
   4.42658365E-03
   4.40703239E-03
   4.38765297E-03
   4.36844397E-03
   4.34940262E-03
   4.33052657E-03
   4.31182282E-03
   4.29328950E-03
   4.27491451E-03
   4.25667828E-03
   4.23859805E-03
   4.22067055E-03
   4.20289394E-03
   4.18527564E-03
   4.16779611E-03
   4.15046141E-03
   4.13327059E-03
   4.11622180E-03
   4.09931317E-03
   4.08254378E-03
   4.06591874E-03
   4.04942036E-03
   4.03305562E-03
   4.01683152E-03
   4.00072895E-03
   3.98477213E-03
   3.96892568E-03
   3.95320449E-03
   3.93760763E-03
   3.92213371E-03
   3.90678039E-03
   3.89154744E-03
   3.87643278E-03
   3.86145129E-03
   3.84656922E-03
   3.83180962E-03
   3.81715479E-03
   3.80261196E-03
   3.78817972E-03
   3.77385668E-03
   3.75964143E-03
   3.74553306E-03
   3.73153039E-03
   3.71763227E-03
   3.70383705E-03
   3.69014428E-03
   3.67655233E-03
   3.66306002E-03
   3.64967412E-03
   3.63637810E-03
   3.62317869E-03
   3.61007499E-03
   3.59706581E-03
   3.58415022E-03
   3.57132731E-03
   3.55859566E-03
   3.54595459E-03
   3.53340316E-03
   3.52094788E-03
   3.50857992E-03
   3.49629880E-03
   3.48409591E-03
   3.47197778E-03
   3.45994416E-03
   3.44799366E-03
   3.43612535E-03
   3.42433853E-03
   3.41263250E-03
   3.40100634E-03
   3.38945934E-03
   3.37799033E-03
   3.36659886E-03
   3.35528399E-03
   3.34405201E-03
   3.33288801E-03
   3.32179829E-03
   3.31078237E-03
   3.29983910E-03
   3.28896823E-03
   3.27816862E-03
   3.26744001E-03
   3.25678126E-03
   3.24619166E-03
   3.23567097E-03
   3.22521827E-03
   3.21483309E-03
   3.20451451E-03
   3.19426204E-03
   3.18407500E-03
   3.17395944E-03
   3.16390139E-03
   3.15390667E-03
   3.14397528E-03
   3.13411281E-03
   3.12430551E-03
   3.11455945E-03
   3.10488092E-03
   3.09525593E-03
   3.08569637E-03
   3.07618943E-03
   3.06674093E-03
   3.05735040E-03
   3.04801716E-03
   3.03874095E-03
   3.02952109E-03
   3.02035687E-03
   3.01124807E-03
   3.00219422E-03
   2.99319462E-03
   2.98424880E-03
   2.97535630E-03
   2.96651665E-03
   2.95772939E-03
   2.94899428E-03
   2.94031040E-03
   2.93168379E-03
   2.92310189E-03
   2.91456981E-03
   2.90609361E-03
   2.89766071E-03
   2.88927625E-03
   2.88094045E-03
   2.87265237E-03
   2.86441203E-03
   2.85621919E-03
   2.84807291E-03
   2.83997296E-03
   2.83191889E-03
   2.82391044E-03
   2.81594717E-03
   2.80802906E-03
   2.80015497E-03
   2.79232510E-03
   2.78453901E-03
   2.77679600E-03
   2.76909606E-03
   2.76143895E-03
   2.75382400E-03
   2.74625095E-03
   2.73871934E-03
   2.73122895E-03
   2.72377976E-03
   2.71637086E-03
   2.70900223E-03
   2.70167366E-03
   2.69438443E-03
   2.68713455E-03
   2.67992355E-03
   2.67275120E-03
   2.66561727E-03
   2.65852129E-03
   2.65146280E-03
   2.64444202E-03
   2.63745803E-03
   2.63051107E-03
   2.62360065E-03
   2.61672633E-03
   2.60988809E-03
   2.60308548E-03
   2.59631802E-03
   2.58958596E-03
   2.58288858E-03
   2.57623126E-03
   2.56960304E-03
   2.56300881E-03
   2.55644810E-03
   2.54992628E-03
   2.54343241E-03
   2.53697718E-03
   2.53054919E-03
   2.52415333E-03
   2.51779007E-03
   2.51145894E-03
   2.50515970E-03
   2.49889167E-03
   2.49265507E-03
   2.48644920E-03
   2.48027453E-03
   2.47413036E-03
   2.46801670E-03
   2.46193307E-03
   2.45587947E-03
   2.44985544E-03
   2.44386122E-03
   2.43790611E-03
   2.43197009E-03
   2.42606294E-03
   2.42018444E-03
   2.41433410E-03
   2.40851217E-03
   2.40271818E-03
   2.39695190E-03
   2.39121332E-03
   2.38550222E-03
   2.37981859E-03
   2.37416197E-03
   2.36853212E-03
   2.36292882E-03
   2.35735206E-03
   2.35180673E-03
   2.34628213E-03
   2.34078383E-03
   2.33531091E-03
   2.32986361E-03
   2.32444168E-03
   2.31904490E-03
   2.31367326E-03
   2.30832654E-03
   2.30300426E-03
   2.29771133E-03
   2.29243794E-03
   2.28718854E-03
   2.28196336E-03
   2.27676192E-03
   2.27158424E-03
   2.26643006E-03
   2.26129917E-03
   2.25619157E-03
   2.25110701E-03
   2.24604504E-03
   2.24100612E-03
   2.23598955E-03
   2.23099557E-03
   2.22602370E-03
   2.22107396E-03
   2.21614633E-03
   2.21124501E-03
   2.20636069E-03
   2.20149825E-03
   2.19665677E-03
   2.19183671E-03
   2.18703784E-03
   2.18225992E-03
   2.17750296E-03
   2.17276649E-03
   2.16805073E-03
   2.16335524E-03
   2.15868023E-03
   2.15402991E-03
   2.14939495E-03
   2.14478024E-03
   2.14018510E-03
   2.13561393E-03
   2.13106256E-03
   2.12652585E-03
   2.12200871E-03
   2.11751042E-03
   2.11303146E-03
   2.10857135E-03
   2.10413453E-03
   2.09971168E-03
   2.09530769E-03
   2.09092186E-03
   2.08655465E-03
   2.08220538E-03
   2.07787449E-03
   2.07356131E-03
   2.06926605E-03
   2.06498872E-03
   2.06073304E-03
   2.05649086E-03
   2.05226592E-03
   2.04805867E-03
   2.04386818E-03
   2.03969539E-03
   2.03553913E-03
   2.03140010E-03
   2.02727760E-03
   2.02317163E-03
   2.01908266E-03
   2.01500999E-03
   2.01095385E-03
   2.00691400E-03
   2.00289022E-03
   1.99888274E-03
   1.99489133E-03
   1.99091574E-03
   1.98695599E-03
   1.98301184E-03
   1.97908352E-03
   1.97517057E-03
   1.97127322E-03
   1.96739123E-03
   1.96352834E-03
   1.95967662E-03
   1.95584004E-03
   1.95201871E-03
   1.94821216E-03
   1.94442028E-03
   1.94064318E-03
   1.93688495E-03
   1.93314103E-03
   1.92940759E-03
   1.92568859E-03
   1.92198378E-03
   1.91829342E-03
   1.91462098E-03
   1.91095879E-03
   1.90731045E-03
   1.90368027E-03
   1.90005975E-03
   1.89645309E-03
   1.89286005E-03
   1.88928063E-03
   1.88571459E-03
   1.88216218E-03
   1.87862280E-03
   1.87509693E-03
   1.87158422E-03
   1.86808466E-03
   1.86459825E-03
   1.86112477E-03
   1.85766432E-03
   1.85421645E-03
   1.85078150E-03
   1.84735935E-03
   1.84394978E-03
   1.84055278E-03
   1.83716824E-03
   1.83379615E-03
   1.83043641E-03
   1.82708888E-03
   1.82375382E-03
   1.82043063E-03
   1.81711966E-03
   1.81382068E-03
   1.81053381E-03
   1.80725870E-03
   1.80399918E-03
   1.80075143E-03
   1.79751171E-03
   1.79428351E-03
   1.79106707E-03
   1.78786204E-03
   1.78466842E-03
   1.78148621E-03
   1.77831540E-03
   1.77515566E-03
   1.77201116E-03
   1.76887389E-03
   1.76574767E-03
   1.76263251E-03
   1.75953202E-03
   1.75643887E-03
   1.75335654E-03
   1.75028492E-03
   1.74722413E-03
   1.74417405E-03
   1.74113456E-03
   1.73810555E-03
   1.73508725E-03
   1.73207931E-03
   1.72908173E-03
   1.72609463E-03
   1.72311789E-03
   1.72015128E-03
   1.71719491E-03
   1.71424879E-03
   1.71131257E-03
   1.70838647E-03
   1.70547049E-03
   1.70256419E-03
   1.69966801E-03
   1.69678160E-03
   1.69390498E-03
   1.69103814E-03
   1.68818096E-03
   1.68533344E-03
   1.68249547E-03
   1.67966704E-03
   1.67684816E-03
   1.67403871E-03
   1.67123869E-03
   1.66844798E-03
   1.66566647E-03
   1.66289427E-03
   1.66013138E-03
   1.65737770E-03
   1.65463309E-03
   1.65189756E-03
   1.64917100E-03
   1.64645351E-03
   1.64374500E-03
   1.64104521E-03
   1.63835438E-03
   1.63567229E-03
   1.63299893E-03
   1.63033442E-03
   1.62767863E-03
   1.62503135E-03
   1.62239291E-03
   1.61976286E-03
   1.61714142E-03
   1.61452836E-03
   1.61192380E-03
   1.60932762E-03
   1.60673982E-03
   1.60416029E-03
   1.60158903E-03
   1.59902603E-03
   1.59647106E-03
   1.59392436E-03
   1.59138581E-03
   1.58885529E-03
   1.58633280E-03
   1.58381846E-03
   1.58131192E-03
   1.57881330E-03
   1.57632271E-03
   1.57383992E-03
   1.57136482E-03
   1.56889763E-03
   1.56643812E-03
   1.56398641E-03
   1.56154216E-03
   1.55910884E-03
   1.55668322E-03
   1.55426201E-03
   1.55184814E-03
   1.54944498E-03
   1.54704612E-03
   1.54465460E-03
   1.54227053E-03
   1.53989380E-03
   1.53752440E-03
   1.53516221E-03
   1.53281051E-03
   1.53046276E-03
   1.52812223E-03
   1.52578880E-03
   1.52346247E-03
   1.52114336E-03
   1.51883124E-03
   1.51652610E-03
   1.51422806E-03
   1.51193689E-03
   1.50965259E-03
   1.50737527E-03
   1.50510471E-03
   1.50284113E-03
   1.50058430E-03
   1.49833411E-03
   1.49609079E-03
   1.49385422E-03
   1.49162428E-03
   1.48940098E-03
   1.48718432E-03
   1.48497417E-03
   1.48277066E-03
   1.48057379E-03
   1.47838320E-03
   1.47619925E-03
   1.47402170E-03
   1.47185056E-03
   1.46968593E-03
   1.46752747E-03
   1.46537542E-03
   1.46322965E-03
   1.46109029E-03
   1.45895709E-03
   1.45683018E-03
   1.45470933E-03
   1.45259476E-03
   1.45048625E-03
   1.44838390E-03
   1.44628761E-03
   1.44420040E-03
   1.44211622E-03
   1.44003797E-03
   1.43796578E-03
   1.43589952E-03
   1.43383921E-03
   1.43178471E-03
   1.42973626E-03
   1.42769655E-03
   1.42565975E-03
   1.42362854E-03
   1.42160326E-03
   1.41958974E-03
   1.41757587E-03
   1.41556782E-03
   1.41356536E-03
   1.41156861E-03
   1.40957744E-03
   1.40759198E-03
   1.40561210E-03
   1.40363770E-03
   1.40166876E-03
   1.39970542E-03
   1.39774766E-03
   1.39579526E-03
   1.39384833E-03
   1.39190687E-03
   1.38997368E-03
   1.38804293E-03
   1.38611766E-03
   1.38420053E-03
   1.38228596E-03
   1.38037652E-03
   1.37847243E-03
   1.37657661E-03
   1.37468288E-03
   1.37279439E-03
   1.37091114E-03
   1.36903580E-03
   1.36716291E-03
   1.36529503E-03
   1.36343227E-03
   1.36157451E-03
   1.35972188E-03
   1.35787425E-03
   1.35603175E-03
   1.35419413E-03
   1.35236152E-03
   1.35053392E-03
   1.34871399E-03
   1.34689629E-03
   1.34508335E-03
   1.34327519E-03
   1.34147203E-03
   1.33967365E-03
   1.33788015E-03
   1.33609434E-03
   1.33431039E-03
   1.33253401E-03
   1.33075961E-03
   1.32898975E-03
   1.32722477E-03
   1.32546446E-03
   1.32370880E-03
   1.32195780E-03
   1.32021133E-03
   1.31846941E-03
   1.31673226E-03
   1.31499965E-03
   1.31327147E-03
   1.31154782E-03
   1.30982883E-03
   1.30811427E-03
   1.30640424E-03
   1.30469864E-03
   1.30299747E-03
   1.30130083E-03
   1.29960862E-03
   1.29792071E-03
   1.29623723E-03
   1.29455817E-03
   1.29288342E-03
   1.29121286E-03
   1.28954672E-03
   1.28788489E-03
   1.28622726E-03
   1.28457404E-03
   1.28292490E-03
   1.28128007E-03
   1.27964199E-03
   1.27800566E-03
   1.27637340E-03
   1.27474533E-03
   1.27312413E-03
   1.27150700E-03
   1.26989128E-03
   1.26827962E-03
   1.26667216E-03
   1.26506865E-03
   1.26347179E-03
   1.26187643E-03
   1.26028783E-03
   1.25870050E-03
   1.25711714E-03
   1.25553785E-03
   1.25396240E-03
   1.25239091E-03
   1.25082338E-03
   1.24926248E-03
   1.24770275E-03
   1.24614697E-03
   1.24459504E-03
   1.24304695E-03
   1.24150270E-03
   1.23996229E-03
   1.23842573E-03
   1.23689300E-03
   1.23536400E-03
   1.23383885E-03
   1.23231742E-03
   1.23080227E-03
   1.22928829E-03
   1.22777803E-03
   1.22627150E-03
   1.22476870E-03
   1.22326962E-03
   1.22177403E-03
   1.22028217E-03
   1.21879403E-03
   1.21731206E-03
   1.21583114E-03
   1.21435383E-03
   1.21288013E-03
   1.21140992E-03
   1.20994321E-03
   1.20848010E-03
   1.20702060E-03
   1.20556704E-03
   1.20411452E-03
   1.20266550E-03
   1.20121997E-03
   1.19978038E-03
   1.19834184E-03
   1.19690655E-03
   1.19547476E-03
   1.19404646E-03
   1.19262165E-03
   1.19120011E-03
   1.18978205E-03
   1.18836737E-03
   1.18695595E-03
   1.18554803E-03
   1.18414324E-03
   1.18274183E-03
   1.18134392E-03
   1.17994915E-03
   1.17855764E-03
   1.17716950E-03
   1.17578462E-03
   1.17440289E-03
   1.17302442E-03
   1.17164932E-03
   1.17027725E-03
   1.16890843E-03
   1.16754288E-03
   1.16618059E-03
   1.16482144E-03
   1.16346544E-03
   1.16211269E-03
   1.16076297E-03
   1.15941640E-03
   1.15807296E-03
   1.15673256E-03
   1.15539518E-03
   1.15406106E-03
   1.15272996E-03
   1.15140202E-03
   1.15007709E-03
   1.14875508E-03
   1.14743866E-03
   1.14612281E-03
   1.14481000E-03
   1.14350009E-03
   1.14219321E-03
   1.14088936E-03
   1.13958854E-03
   1.13829051E-03
   1.13699562E-03
   1.13570353E-03
   1.13441446E-03
   1.13313063E-03
   1.13184738E-03
   1.13056705E-03
   1.12928962E-03
   1.12801744E-03
   1.12674572E-03
   1.12547679E-03
   1.12421077E-03
   1.12294767E-03
   1.12168735E-03
   1.12042995E-03
   1.11917534E-03
   1.11792586E-03
   1.11667684E-03
   1.11543061E-03
   1.11418718E-03
   1.11294875E-03
   1.11171079E-03
   1.11047563E-03
   1.10924314E-03
   1.10801333E-03
   1.10678643E-03
   1.10556209E-03
   1.10434054E-03
   1.10312155E-03
   1.10190769E-03
   1.10069406E-03
   1.09948323E-03
   1.09827507E-03
   1.09706947E-03
   1.09586655E-03
   1.09466631E-03
   1.09346863E-03
   1.09227363E-03
   1.09108118E-03
   1.08989142E-03
   1.08870422E-03
   1.08751957E-03
   1.08633749E-03
   1.08515809E-03
   1.08398113E-03
   1.08280673E-03
   1.08163489E-03
   1.08046550E-03
   1.07929879E-03
   1.07813452E-03
   1.07697281E-03
   1.07581355E-03
   1.07465684E-03
   1.07350259E-03
   1.07235077E-03
   1.07120152E-03
   1.07005693E-03
   1.06891256E-03
   1.06777065E-03
   1.06663106E-03
   1.06549403E-03
   1.06435933E-03
   1.06322707E-03
   1.06209726E-03
   1.06096978E-03
   1.05984462E-03
   1.05872191E-03
   1.05760165E-03
   1.05648371E-03
   1.05536811E-03
   1.05425715E-03
   1.05314632E-03
   1.05203770E-03
   1.05093152E-03
   1.04982767E-03
   1.04872615E-03
   1.04762695E-03
   1.04652997E-03
   1.04543532E-03
   1.04434299E-03
   1.04325288E-03
   1.04216509E-03
   1.04108173E-03
   1.03999849E-03
   1.03891746E-03
   1.03783864E-03
   1.03676214E-03
   1.03568775E-03
   1.03461556E-03
   1.03354582E-03
   1.03247818E-03
   1.03141263E-03
   1.03034941E-03
   1.02928840E-03
   1.02822948E-03
   1.02717278E-03
   1.02611841E-03
   1.02506601E-03
   1.02401583E-03
   1.02296774E-03
   1.02192408E-03
   1.02088030E-03
   1.01983873E-03
   1.01879914E-03
   1.01776165E-03
   1.01672625E-03
   1.01569307E-03
   1.01466198E-03
   1.01363298E-03
   1.01260608E-03
   1.01158116E-03
   1.01055845E-03
   1.00953772E-03
   1.00851897E-03
   1.00750243E-03
   1.00648787E-03
   1.00547529E-03
   1.00446481E-03
   1.00345630E-03
   1.00244989E-03
   1.00144546E-03
   1.00044312E-03
   9.99442767E-04
   9.98444273E-04
   9.97447874E-04
   9.96453455E-04
   9.95461014E-04
   9.94470553E-04
   9.93482186E-04
   9.92495567E-04
   9.91511042E-04
   9.90528380E-04
   9.89547814E-04
   9.88568994E-04
   9.87592153E-04
   9.86617408E-04
   9.85644409E-04
   9.84673505E-04
   9.83704347E-04
   9.82737052E-04
   9.81771853E-04
   9.80808400E-04
   9.79848905E-04
   9.78889293E-04
   9.77931428E-04
   9.76975658E-04
   9.76021634E-04
   9.75069532E-04
   9.74119175E-04
   9.73170740E-04
   9.72224108E-04
   9.71279340E-04
   9.70336434E-04
   9.69395333E-04
   9.68456035E-04
   9.67518659E-04
   9.66583029E-04
   9.65649146E-04
   9.64717125E-04
   9.63786966E-04
   9.62858554E-04
   9.61931888E-04
   9.61007026E-04
   9.60083969E-04
   9.59162600E-04
   9.58243094E-04
   9.57325334E-04
   9.56409320E-04
   9.55495052E-04
   9.54582589E-04
   9.53671755E-04
   9.52762610E-04
   9.51855327E-04
   9.50949732E-04
   9.50045767E-04
   9.49143607E-04
   9.48243192E-04
   9.47344524E-04
   9.46447486E-04
   9.45552136E-04
   9.44660453E-04
   9.43768478E-04
   9.42880288E-04
   9.41991748E-04
   9.41104779E-04
   9.40219499E-04
   9.39335907E-04
   9.38454003E-04
   9.37573786E-04
   9.36695084E-04
   9.35818127E-04
   9.34942800E-04
   9.34069161E-04
   9.33197036E-04
   9.32326599E-04
   9.31457733E-04
   9.30590555E-04
   9.29725065E-04
   9.28861031E-04
   9.27998684E-04
   9.27137909E-04
   9.26278706E-04
   9.25421074E-04
   9.24565073E-04
   9.23710642E-04
   9.22857842E-04
   9.22006555E-04
   9.21156839E-04
   9.20308696E-04
   9.19464044E-04
   9.18619044E-04
   9.17775556E-04
   9.16933641E-04
   9.16093239E-04
   9.15254408E-04
   9.14417149E-04
   9.13581403E-04
   9.12747171E-04
   9.11914452E-04
   9.11083247E-04
   9.10253613E-04
   9.09425376E-04
   9.08600574E-04
   9.07775364E-04
   9.06951725E-04
   9.06129484E-04
   9.05308872E-04
   9.04489600E-04
   9.03671840E-04
   9.02855652E-04
   9.02040862E-04
   9.01227584E-04
   9.00415762E-04
   8.99605337E-04
   8.98796425E-04
   8.97988910E-04
   8.97182908E-04
   8.96378420E-04
   8.95575213E-04
   8.94773519E-04
   8.93973280E-04
   8.93174438E-04
   8.92377051E-04
   8.91581061E-04
   8.90788389E-04
   8.89995252E-04
   8.89203511E-04
   8.88413226E-04
   8.87624337E-04
   8.86836788E-04
   8.86050635E-04
   8.85265938E-04
   8.84482579E-04
   8.83700617E-04
   8.82920052E-04
   8.82140826E-04
   8.81363056E-04
   8.80586624E-04
   8.79811530E-04
   8.79037834E-04
   8.78265535E-04
   8.77494516E-04
   8.76724895E-04
   8.75956554E-04
   8.75189551E-04
   8.74423946E-04
   8.73659679E-04
   8.72896751E-04
   8.72135162E-04
   8.71374854E-04
   8.70615826E-04
   8.69858253E-04
   8.69101903E-04
   8.68348696E-04
   8.67595023E-04
   8.66842631E-04
   8.66091519E-04
   8.65341746E-04
   8.64593254E-04
   8.63846042E-04
   8.63100111E-04
   8.62355460E-04
   8.61612149E-04
   8.60870059E-04
   8.60129308E-04
   8.59389838E-04
   8.58651591E-04
   8.57914623E-04
   8.57178937E-04
   8.56444472E-04
   8.55711231E-04
   8.54979327E-04
   8.54248647E-04
   8.53519246E-04
   8.52791010E-04
   8.52064113E-04
   8.51338438E-04
   8.50613986E-04
   8.49890755E-04
   8.49168748E-04
   8.48447904E-04
   8.47728341E-04
   8.47010000E-04
   8.46292882E-04
   8.45577044E-04
   8.44862370E-04
   8.44148919E-04
   8.43436632E-04
   8.42725567E-04
   8.42015666E-04
   8.41306988E-04
   8.40599474E-04
   8.39893124E-04
   8.39187996E-04
   8.38485837E-04
   8.37783096E-04
   8.37081519E-04
   8.36381107E-04
   8.35681858E-04
   8.34983774E-04
   8.34286853E-04
   8.33591097E-04
   8.32896563E-04
   8.32203135E-04
   8.31510813E-04
   8.30819714E-04
   8.30129720E-04
   8.29440891E-04
   8.28753226E-04
   8.28066724E-04
   8.27381271E-04
   8.26697040E-04
   8.26013857E-04
   8.25331837E-04
   8.24650982E-04
   8.23971175E-04
   8.23292590E-04
   8.22615053E-04
   8.21938622E-04
   8.21263355E-04
   8.20589135E-04
   8.19915964E-04
   8.19244015E-04
   8.18573113E-04
   8.17903318E-04
   8.17234628E-04
   8.16567044E-04
   8.15900567E-04
   8.15235137E-04
   8.14570754E-04
   8.13907478E-04
   8.13245308E-04
   8.12584243E-04
   8.11924227E-04
   8.11265316E-04
   8.10607395E-04
   8.09950638E-04
   8.09294870E-04
   8.08641897E-04
   8.07988341E-04
   8.07335775E-04
   8.06684257E-04
   8.06033786E-04
   8.05384363E-04
   8.04735930E-04
   8.04088602E-04
   8.03442323E-04
   8.02797033E-04
   8.02152790E-04
   8.01509654E-04
   8.00867449E-04
   8.00226291E-04
   7.99586182E-04
   7.98947120E-04
   7.98309047E-04
   7.97672023E-04
   7.97036046E-04
   7.96401058E-04
   7.95767002E-04
   7.95134052E-04
   7.94502033E-04
   7.93871062E-04
   7.93241023E-04
   7.92612089E-04
   7.91984086E-04
   7.91357132E-04
   7.90731108E-04
   7.90106074E-04
   7.89482030E-04
   7.88859033E-04
   7.88236968E-04
   7.87615892E-04
   7.86995806E-04
   7.86376710E-04
   7.85758544E-04
   7.85141368E-04
   7.84525182E-04
   7.83909927E-04
   7.83295662E-04
   7.82682386E-04
   7.82070099E-04
   7.81458686E-04
   7.80848204E-04
   7.80238712E-04
   7.79630209E-04
   7.79022637E-04
   7.78415997E-04
   7.77810288E-04
   7.77205569E-04
   7.76601781E-04
   7.75998924E-04
   7.75396999E-04
   7.74796004E-04
   7.74195883E-04
   7.73596752E-04
   7.72998494E-04
   7.72401167E-04
   7.71804771E-04
   7.71209365E-04
   7.70614774E-04
   7.70021172E-04
   7.69428443E-04
   7.68836704E-04
   7.68245780E-04
   7.67655845E-04
   7.67066726E-04
   7.66478595E-04
   7.65891338E-04
   7.65304954E-04
   7.64719443E-04
   7.64134864E-04
   7.63551216E-04
   7.62968441E-04
   7.62386597E-04
   7.61805568E-04
   7.61225412E-04
   7.60646188E-04
   7.60067836E-04
   7.59490300E-04
   7.58913753E-04
   7.58338021E-04
   7.57763162E-04
   7.57189118E-04
   7.56616006E-04
   7.56043766E-04
   7.55472400E-04
   7.54901848E-04
   7.54332170E-04
   7.53763365E-04
   7.53195374E-04
   7.52628315E-04
   7.52062129E-04
   7.51496700E-04
   7.50932202E-04
   7.50368519E-04
   7.49805768E-04
   7.49243773E-04
   7.48682593E-04
   7.48122286E-04
   7.47562794E-04
   7.47004116E-04
   7.46446312E-04
   7.45889323E-04
   7.45333207E-04
   7.44777906E-04
   7.44223362E-04
   7.43669749E-04
   7.43116951E-04
   7.42564851E-04
   7.42013624E-04
   7.41463329E-04
   7.40913732E-04
   7.40364951E-04
   7.39817042E-04
   7.39269948E-04
   7.38723669E-04
   7.38178147E-04
   7.37633440E-04
   7.37089489E-04
   7.36546412E-04
   7.36004033E-04
   7.35462527E-04
   7.34921836E-04
   7.34381960E-04
   7.33842899E-04
   7.33304536E-04
   7.32767046E-04
   7.32230314E-04
   7.31694337E-04
   7.31159176E-04
   7.30624830E-04
   7.30091182E-04
   7.29558349E-04
   7.29026331E-04
   7.28495012E-04
   7.27964449E-04
   7.27434701E-04
   7.26905768E-04
   7.26377591E-04
   7.25850172E-04
   7.25323509E-04
   7.24797661E-04
   7.24272453E-04
   7.23748060E-04
   7.23224424E-04
   7.22701603E-04
   7.22179422E-04
   7.21658056E-04
   7.21137447E-04
   7.20617594E-04
   7.20098498E-04
   7.19580101E-04
   7.19062518E-04
   7.18545634E-04
   7.18029565E-04
   7.17514136E-04
   7.16999464E-04
   7.16485549E-04
   7.15972390E-04
   7.15459930E-04
   7.14948284E-04
   7.14437279E-04
   7.13927031E-04
   7.13417539E-04
   7.12908746E-04
   7.12400710E-04
   7.11893372E-04
   7.11386732E-04
   7.10880850E-04
   7.10375723E-04
   7.09871238E-04
   7.09367509E-04
   7.08864536E-04
   7.08362204E-04
   7.07860629E-04
   7.07359693E-04
   7.06859573E-04
   7.06360035E-04
   7.05861312E-04
   7.05363229E-04
   7.04865903E-04
   7.04369217E-04
   7.03873229E-04
   7.03377940E-04
   7.02883350E-04
   7.02389516E-04
   7.01896322E-04
   7.01403827E-04
   7.00912089E-04
   7.00420991E-04
   6.99930533E-04
   6.99440832E-04
   6.98951771E-04
   6.98463409E-04
   6.97975687E-04
   6.97488722E-04
   6.97002397E-04
   6.96516770E-04
   6.96031726E-04
   6.95547438E-04
   6.95063849E-04
   6.94580900E-04
   6.94098650E-04
   6.93617039E-04
   6.93136128E-04
   6.92655798E-04
   6.92177622E-04
   6.91698689E-04
   6.91220339E-04
   6.90742687E-04
   6.90265733E-04
   6.89789362E-04
   6.89313689E-04
   6.88838656E-04
   6.88364322E-04
   6.87890628E-04
   6.87417574E-04
   6.86945161E-04
   6.86473446E-04
   6.86002371E-04
   6.85531995E-04
   6.85062259E-04
   6.84593106E-04
   6.84124534E-04
   6.83656661E-04
   6.83189428E-04
   6.82722835E-04
   6.82256883E-04
   6.81791571E-04
   6.81326899E-04
   6.80862810E-04
   6.80399418E-04
   6.79936667E-04
   6.79474499E-04
   6.79012970E-04
   6.78552024E-04
   6.78091776E-04
   6.77632110E-04
   6.77173084E-04
   6.76714699E-04
   6.76256896E-04
   6.75799674E-04
   6.75343152E-04
   6.74887269E-04
   6.74431911E-04
   6.73977192E-04
   6.73523115E-04
   6.73069619E-04
   6.72616763E-04
   6.72164548E-04
   6.71712856E-04
   6.71261863E-04
   6.70811394E-04
   6.70361565E-04
   6.69912319E-04
   6.69463712E-04
   6.69015688E-04
   6.68568246E-04
   6.68121444E-04
   6.67675224E-04
   6.67229586E-04
   6.66784472E-04
   6.66340056E-04
   6.65897562E-04
   6.65454310E-04
   6.65011641E-04
   6.64569496E-04
   6.64127991E-04
   6.63687068E-04
   6.63246727E-04
   6.62806968E-04
   6.62367849E-04
   6.61929254E-04
   6.61491184E-04
   6.61053753E-04
   6.60616963E-04
   6.60182093E-04
   6.59746409E-04
   6.59311248E-04
   6.58876728E-04
   6.58442732E-04
   6.58009376E-04
   6.57576544E-04
   6.57144235E-04
   6.56712567E-04
   6.56281423E-04
   6.55850861E-04
   6.55420823E-04
   6.54991425E-04
   6.54562551E-04
   6.54134201E-04
   6.53706491E-04
   6.53279305E-04
   6.52852643E-04
   6.52426563E-04
   6.52001065E-04
   6.51576091E-04
   6.51151640E-04
   6.50727772E-04
   6.50304428E-04
   6.49881607E-04
   6.49459369E-04
   6.49037713E-04
   6.48616522E-04
   6.48196030E-04
   6.47776003E-04
   6.47356559E-04
   6.46937639E-04
   6.46519242E-04
   6.46101369E-04
   6.45684078E-04
   6.45267311E-04
   6.44851127E-04
   6.44435408E-04
   6.44020212E-04
   6.43605599E-04
   6.43191568E-04
   6.42778061E-04
   6.42365019E-04
   6.41952502E-04
   6.41540508E-04
   6.41129096E-04
   6.40718150E-04
   6.40307728E-04
   6.39897888E-04
   6.39488571E-04
   6.39079779E-04
   6.38671452E-04
   6.38263708E-04
   6.37856429E-04
   6.37449732E-04
   6.37043500E-04
   6.36637851E-04
   6.36232668E-04
   6.35827950E-04
   6.35423814E-04
   6.35020202E-04
   6.34617114E-04
   6.34214492E-04
   6.33812393E-04
   6.33410818E-04
   6.33009709E-04
   6.32609124E-04
   6.32209063E-04
   6.31809526E-04
   6.31410454E-04
   6.31011906E-04
   6.30613882E-04
   6.30216324E-04
   6.29819289E-04
   6.29422721E-04
   6.29026617E-04
   6.28631038E-04
   6.28236041E-04
   6.27841451E-04
   6.27447385E-04
   6.27053785E-04
   6.26660767E-04
   6.26268215E-04
   6.25876070E-04
   6.25484507E-04
   6.25093351E-04
   6.24702720E-04
   6.24312612E-04
   6.23922970E-04
   6.23533851E-04
   6.23145141E-04
   6.22757012E-04
   6.22369291E-04
   6.21982093E-04
   6.21595362E-04
   6.21209096E-04
   6.20823295E-04
   6.20438019E-04
   6.20053208E-04
   6.19668805E-04
   6.19284925E-04
   6.18901511E-04
   6.18518621E-04
   6.18136139E-04
   6.17754180E-04
   6.17372745E-04
   6.16991660E-04
   6.16611156E-04
   6.16231060E-04
   6.15851430E-04
   6.15472265E-04
   6.15093566E-04
   6.14715391E-04
   6.14337623E-04
   6.13960321E-04
   6.13583543E-04
   6.13207172E-04
   6.12831209E-04
   6.12455769E-04
   6.12080796E-04
   6.11706288E-04
   6.11332187E-04
   6.10958610E-04
   6.10585499E-04
   6.10212795E-04
   6.09840557E-04
   6.09468785E-04
   6.09097420E-04
   6.08726579E-04
   6.08356087E-04
   6.07986178E-04
   6.07616617E-04
   6.07247581E-04
   6.06878893E-04
   6.06510730E-04
   6.06143032E-04
   6.05775742E-04
   6.05408917E-04
   6.05042558E-04
   6.04676607E-04
   6.04311062E-04
   6.03945984E-04
   6.03581371E-04
   6.03217166E-04
   6.02853426E-04
   6.02490094E-04
   6.02127227E-04
   6.01764768E-04
   6.01402775E-04
   6.01041247E-04
   6.00680069E-04
   6.00319298E-04
   5.99959050E-04
   5.99599152E-04
   5.99239720E-04
   5.98880753E-04
   5.98522194E-04
   5.98164042E-04
   5.97806356E-04
   5.97449078E-04
   5.97092207E-04
   5.96735801E-04
   5.96379803E-04
   5.96024212E-04
   5.95669087E-04
   5.95314370E-04
   5.94960060E-04
   5.94606157E-04
   5.94252720E-04
   5.93899691E-04
   5.93547069E-04
   5.93194913E-04
   5.92843106E-04
   5.92491764E-04
   5.92140830E-04
   5.91790304E-04
   5.91440126E-04
   5.91090415E-04
   5.90741169E-04
   5.90392272E-04
   5.90043841E-04
   5.89695759E-04
   5.89348085E-04
   5.89000876E-04
   5.88654075E-04
   5.88307623E-04
   5.87961636E-04
   5.87616058E-04
   5.87270828E-04
   5.86926064E-04
   5.86581707E-04
   5.86237758E-04
   5.85894159E-04
   5.85551024E-04
   5.85208239E-04
   5.84865920E-04
   5.84523950E-04
   5.84182329E-04
   5.83841174E-04
   5.83500427E-04
   5.83160028E-04
   5.82820037E-04
   5.82480454E-04
   5.82141336E-04
   5.81802509E-04
   5.81464090E-04
   5.81126078E-04
   5.80788474E-04
   5.80451277E-04
   5.80114429E-04
   5.79777989E-04
   5.79441956E-04
   5.79106272E-04
   5.78770996E-04
   5.78436186E-04
   5.78101666E-04
   5.77767554E-04
   5.77433791E-04
   5.77100436E-04
   5.76767488E-04
   5.76434890E-04
   5.76102757E-04
   5.75770915E-04
   5.75439481E-04
   5.75108512E-04
   5.74777834E-04
   5.74447564E-04
   5.74117643E-04
   5.73788129E-04
   5.73458965E-04
   5.73130208E-04
   5.72801859E-04
   5.72473858E-04
   5.72146208E-04
   5.71818964E-04
   5.71492070E-04
   5.71165583E-04
   5.70839446E-04
   5.70513716E-04
   5.70188335E-04
   5.69863303E-04
   5.69538679E-04
   5.69214346E-04
   5.68890420E-04
   5.68566902E-04
   5.68243733E-04
   5.67920913E-04
   5.67598501E-04
   5.67276438E-04
   5.66954666E-04
   5.66633360E-04
   5.66312345E-04
   5.65991679E-04
   5.65671478E-04
   5.65351511E-04
   5.65032009E-04
   5.64712856E-04
   5.64394053E-04
   5.64075599E-04
   5.63757494E-04
   5.63439797E-04
   5.63122449E-04
   5.62805450E-04
   5.62488742E-04
   5.62172441E-04
   5.61856490E-04
   5.61540888E-04
   5.61225694E-04
   5.60910848E-04
   5.60596294E-04
   5.60282089E-04
   5.59968234E-04
   5.59654727E-04
   5.59341628E-04
   5.59028820E-04
   5.58716420E-04
   5.58404368E-04
   5.58092608E-04
   5.57781197E-04
   5.57470194E-04
   5.57159481E-04
   5.56849176E-04
   5.56539162E-04
   5.56229556E-04
   5.55920240E-04
   5.55611332E-04
   5.55302715E-04
   5.54994389E-04
   5.54686470E-04
   5.54378843E-04
   5.54071565E-04
   5.53764694E-04
   5.53458056E-04
   5.53151825E-04
   5.52845886E-04
   5.52540354E-04
   5.52235171E-04
   5.51930279E-04
   5.51625679E-04
   5.51321486E-04
   5.51017642E-04
   5.50714147E-04
   5.50410943E-04
   5.50108089E-04
   5.49805583E-04
   5.49503369E-04
   5.49201504E-04
   5.48899930E-04
   5.48598764E-04
   5.48297889E-04
   5.47997304E-04
   5.47697127E-04
   5.47397183E-04
   5.47097647E-04
   5.46798401E-04
   5.46499505E-04
   5.46200958E-04
   5.45902702E-04
   5.45604795E-04
   5.45307179E-04
   5.45009912E-04
   5.44712995E-04
   5.44416369E-04
   5.44120092E-04
   5.43824048E-04
   5.43528411E-04
   5.43233065E-04
   5.42938069E-04
   5.42643305E-04
   5.42348891E-04
   5.42054826E-04
   5.41761110E-04
   5.41467685E-04
   5.41174610E-04
   5.40881767E-04
   5.40589273E-04
   5.40297129E-04
   5.40005334E-04
   5.39713830E-04
   5.39422617E-04
   5.39131695E-04
   5.38841065E-04
   5.38550783E-04
   5.38260851E-04
   5.37971209E-04
   5.37681917E-04
   5.37392858E-04
   5.37104090E-04
   5.36815671E-04
   5.36527601E-04
   5.36239822E-04
   5.35952335E-04
   5.35665138E-04
   5.35378291E-04
   5.35091734E-04
   5.34805469E-04
   5.34519553E-04
   5.34233928E-04
   5.33948536E-04
   5.33663551E-04
   5.33378858E-04
   5.33094397E-04
   5.32810343E-04
   5.32526523E-04
   5.32242993E-04
   5.31959813E-04
   5.31676924E-04
   5.31394326E-04
   5.31112019E-04
   5.30830002E-04
   5.30548336E-04
   5.30266960E-04
   5.29985817E-04
   5.29705023E-04
   5.29424520E-04
   5.29144309E-04
   5.28864388E-04
   5.28584758E-04
   5.28305420E-04
   5.28026372E-04
   5.27747674E-04
   5.27469208E-04
   5.27191034E-04
   5.26913209E-04
   5.26635675E-04
   5.26358373E-04
   5.26081363E-04
   5.25804644E-04
   5.25528274E-04
   5.25252137E-04
   5.24976349E-04
   5.24700794E-04
   5.24425530E-04
   5.24150615E-04
   5.23875933E-04
   5.23601542E-04
   5.23327442E-04
   5.23053634E-04
   5.22780116E-04
   5.22506889E-04
   5.22233953E-04
   5.21961309E-04
   5.21688897E-04
   5.21416834E-04
   5.21145063E-04
   5.20873524E-04
   5.20602276E-04
   5.20331319E-04
   5.20060654E-04
   5.19790279E-04
   5.19520196E-04
   5.19250345E-04
   5.18980785E-04
   5.18711517E-04
   5.18442539E-04
   5.18173794E-04
   5.17905399E-04
   5.17637178E-04
   5.17369364E-04
   5.17101726E-04
   5.16834436E-04
   5.16567379E-04
   5.16300614E-04
   5.16034139E-04
   5.15767955E-04
   5.15502004E-04
   5.15236345E-04
   5.14970976E-04
   5.14705840E-04
   5.14440995E-04
   5.14176383E-04
   5.13912120E-04
   5.13648032E-04
   5.13384293E-04
   5.13120787E-04
   5.12857514E-04
   5.12594590E-04
   5.12331899E-04
   5.12069440E-04
   5.11807331E-04
   5.11545455E-04
   5.11283870E-04
   5.11022459E-04
   5.10761398E-04
   5.10500569E-04
   5.10240032E-04
   5.09979785E-04
   5.09719772E-04
   5.09460049E-04
   5.09200559E-04
   5.08941303E-04
   5.08682395E-04
   5.08423662E-04
   5.08165278E-04
   5.07907127E-04
   5.07649209E-04
   5.07391582E-04
   5.07134188E-04
   5.06877084E-04
   5.06620214E-04
   5.06363634E-04
   5.06107288E-04
   5.05851232E-04
   5.05595410E-04
   5.05339820E-04
   5.05084521E-04
   5.04829455E-04
   5.04574680E-04
   5.04320138E-04
   5.04065887E-04
   5.03811869E-04
   5.03558083E-04
   5.03304589E-04
   5.03051386E-04
   5.02798357E-04
   5.02545678E-04
   5.02293173E-04
   5.02040959E-04
   5.01788978E-04
   5.01537230E-04
   5.01285831E-04
   5.01034607E-04
   5.00783615E-04
   5.00532915E-04
   5.00282447E-04
   5.00032213E-04
   4.99782211E-04
