   0.00000000       0.00000000       0.00000000       1.00000000    
   1.17242374E-02   5.84042398E-03   2.91988649E-03  0.999909937    
   2.33339034E-02   1.15814777E-02   5.78866666E-03  0.999643922    
   3.48270163E-02   1.72243491E-02   8.60650185E-03  0.999207854    
   4.62018922E-02   2.27703098E-02   1.13735842E-02  0.998607814    
   5.74566945E-02   2.82206293E-02   1.40901618E-02  0.997849584    
   6.85898289E-02   3.35765965E-02   1.67565793E-02  0.996938944    
   7.95999765E-02   3.88395712E-02   1.93732101E-02  0.995881677    
   9.04858336E-02   4.40107882E-02   2.19404213E-02  0.994682908    
  0.101246051       4.90917265E-02   2.44586896E-02  0.993348360    
  0.111879520       5.40836565E-02   2.69285291E-02  0.991883516    
  0.122385226       5.89878373E-02   2.93504018E-02  0.990293324    
  0.132762089       6.38057664E-02   3.17249298E-02  0.988583267    
  0.143009558       6.85385391E-02   3.40526998E-02  0.986757994    
  0.153126866       7.31876194E-02   3.63343209E-02  0.984822512    
  0.163113117       7.77543485E-02   3.85704897E-02  0.982782066    
  0.172967985       8.22399631E-02   4.07618433E-02  0.980641246    
  0.182690784       8.66457373E-02   4.29090895E-02  0.978404522    
  0.192281321       9.09729972E-02   4.50129583E-02  0.976076424    
  0.201739058       9.52229798E-02   4.70742248E-02  0.973661959    
  0.211063877       9.93969887E-02   4.90936115E-02  0.971165240    
  0.220255494      0.103496186       5.10719754E-02  0.968590677    
  0.229313791      0.107521929       5.30100241E-02  0.965942025    
  0.238238767      0.111475348       5.49086183E-02  0.963224053    
  0.247030571      0.115357645       5.67685552E-02  0.960440457    
  0.255688637      0.119170114       5.85906915E-02  0.957595646    
  0.264214069      0.122913688       6.03758805E-02  0.954692543    
  0.272606254      0.126589552       6.21249638E-02  0.951735795    
  0.280865550      0.130199134       6.38388768E-02  0.948729336    
  0.288992524      0.133743331       6.55183792E-02  0.945676267    
  0.296987295      0.137223303       6.71643689E-02  0.942580223    
  0.304850340      0.140640214       6.87777251E-02  0.939444602    
  0.312581897      0.143994987       7.03593269E-02  0.936273336    
  0.320182532      0.147288859       7.19100162E-02  0.933068931    
  0.327653408      0.150522694       7.34306797E-02  0.929835320    
  0.334995240      0.153697670       7.49221072E-02  0.926575482    
  0.342209369      0.156814948       7.63849989E-02  0.923291206    
  0.349297494      0.159875497       7.78200775E-02  0.919986725    
  0.356261343      0.162880331       7.92279989E-02  0.916663229    
  0.363102734      0.165830776       8.06094930E-02  0.913322747    
  0.369823575      0.168727443       8.19649920E-02  0.909968972    
  0.376425773      0.171571791       8.32952335E-02  0.906602740    
  0.382911563      0.174364701       8.46006796E-02  0.903226733    
  0.389283061      0.177107036       8.58819261E-02  0.899842322    
  0.395542264      0.179800019       8.71395618E-02  0.896451771    
  0.401691020      0.182444662       8.83740038E-02  0.893056035    
  0.407731414      0.185041815       8.95857140E-02  0.889656782    
  0.413666159      0.187592402       9.07753110E-02  0.886256039    
  0.419496834      0.190097511       9.19432268E-02  0.882854462    
  0.425225079      0.192557931       9.30898860E-02  0.879454136    
  0.430853277      0.194974586       9.42158028E-02  0.876055896    
  0.436383516      0.197348341       9.53213051E-02  0.872661352    
  0.441817403      0.199680164       9.64069068E-02  0.869270802    
  0.447156936      0.201970711       9.74730700E-02  0.865885675    
  0.452403992      0.204221100       9.85201597E-02  0.862507463    
  0.457560331      0.206432119       9.95484963E-02  0.859136522    
  0.462627918      0.208604246      0.100558616      0.855773926    
  0.467608213      0.210738584      0.101550817      0.852419853    
  0.472503126      0.212835670      0.102525488      0.849076867    
  0.477314353      0.214896560      0.103482999      0.845744193    
  0.482043684      0.216921672      0.104423702      0.842423022    
  0.486692488      0.218911946      0.105347916      0.839113712    
  0.491262555      0.220867917      0.106256060      0.835817039    
  0.495755374      0.222790644      0.107148454      0.832533598    
  0.500172675      0.224680305      0.108025379      0.829264224    
  0.504515588      0.226537958      0.108887196      0.826009035    
  0.508785784      0.228363916      0.109734215      0.822768509    
  0.512984216      0.230159178      0.110566705      0.819543302    
  0.517113686      0.231924012      0.111384943      0.816333890    
  0.521174073      0.233659327      0.112189308      0.813140213    
  0.525167584      0.235365555      0.112980001      0.809963286    
  0.529094875      0.237043172      0.113757275      0.806803048    
  0.532958150      0.238693118      0.114521556      0.803659916    
  0.536757886      0.240315631      0.115272932      0.800533891    
  0.540496409      0.241911292      0.116011888      0.797425210    
  0.544173002      0.243480757      0.116738401      0.794334888    
  0.547790408      0.245024502      0.117452890      0.791262507    
  0.551349699      0.246542946      0.118155554      0.788208246    
  0.554851949      0.248036712      0.118846685      0.785172522    
  0.558297813      0.249506161      0.119526498      0.782155335    
  0.561688542      0.250951886      0.120195158      0.779156983    
  0.565025210      0.252374381      0.120852903      0.776177585    
  0.568308890      0.253774017      0.121500000      0.773216844    
  0.571540952      0.255151302      0.122136593      0.770275772    
  0.574721813      0.256506532      0.122762948      0.767353475    
  0.577853084      0.257840335      0.123379208      0.764450729    
  0.580935061      0.259152889      0.123985693      0.761567116    
  0.583969116      0.260444909      0.124582462      0.758703053    
  0.586956263      0.261716604      0.125169545      0.755858779    
  0.589896500      0.262968302      0.125747547      0.753033638    
  0.592792273      0.264200658      0.126316458      0.750228226    
  0.595643222      0.265413791      0.126876384      0.747442186    
  0.598450601      0.266608119      0.127427578      0.744675577    
  0.601215124      0.267784089      0.127970219      0.741928935    
  0.603937447      0.268942058      0.128504455      0.739201248    
  0.606619179      0.270082206      0.129030421      0.736493468    
  0.609259903      0.271204829      0.129548207      0.733805120    
  0.611861229      0.272310734      0.130058110      0.731136143    
  0.614423394      0.273399562      0.130560219      0.728486598    
  0.616947591      0.274472117      0.131054625      0.725856423    
  0.619434416      0.275528342      0.131541550      0.723245680    
  0.621884346      0.276569217      0.132021144      0.720654130    
  0.624297976      0.277594358      0.132493541      0.718081295    
  0.626676381      0.278604269      0.132958725      0.715528548    
  0.629019856      0.279599220      0.133416951      0.712994099    
  0.631329417      0.280579567      0.133868352      0.710479081    
  0.633605003      0.281545401      0.134313241      0.707982957    
  0.635848045      0.282497138      0.134751409      0.705505550    
  0.638058424      0.283434898      0.135183126      0.703046501    
  0.640237331      0.284359187      0.135608509      0.700606406    
  0.642384887      0.285269916      0.136027738      0.698184729    
  0.644501805      0.286167681      0.136440903      0.695781171    
  0.646588802      0.287052602      0.136848003      0.693396449    
  0.648645997      0.287924707      0.137249172      0.691029966    
  0.650674582      0.288784653      0.137644604      0.688681602    
  0.652674139      0.289632380      0.138034418      0.686351240    
  0.654646218      0.290467680      0.138418570      0.684038937    
  0.656589985      0.291291505      0.138797328      0.681744337    
  0.658507884      0.292103589      0.139170602      0.679467559    
  0.660398901      0.292904377      0.139538839      0.677208424    
  0.662263334      0.293694139      0.139901742      0.674966693    
  0.664102674      0.294472814      0.140259534      0.672742426    
  0.665916085      0.295240730      0.140612319      0.670535624    
  0.667705655      0.295997798      0.140960261      0.668345809    
  0.669470489      0.296744704      0.141303360      0.666172802    
  0.671211600      0.297481596      0.141641632      0.664016962    
  0.672929108      0.298208177      0.141975403      0.661878049    
  0.674623430      0.298924923      0.142304495      0.659755766    
  0.676295280      0.299631953      0.142628983      0.657649875    
  0.677944601      0.300329387      0.142949209      0.655560672    
  0.679572284      0.301017493      0.143265009      0.653487742    
  0.681177676      0.301696450      0.143576533      0.651431143    
  0.682762384      0.302366138      0.143883914      0.649389744    
  0.684326470      0.303027004      0.144187167      0.647365451    
  0.685869873      0.303679049      0.144486293      0.645356417    
  0.687393010      0.304322839      0.144781575      0.643363714    
  0.688896477      0.304957926      0.145072743      0.641386330    
  0.690380394      0.305584639      0.145360202      0.639424264    
  0.691845059      0.306203187      0.145643786      0.637477756    
  0.693291187      0.306813627      0.145923764      0.635546565    
  0.694718242      0.307416260      0.146199927      0.633630216    
  0.696127474      0.308010936      0.146472558      0.631728947    
  0.697518289      0.308597982      0.146741658      0.629842699    
  0.698891342      0.309177727      0.147007257      0.627971351    
  0.700247765      0.309749842      0.147269413      0.626114666    
  0.701586306      0.310314626      0.147528186      0.624272227    
  0.702908397      0.310872316      0.147783607      0.622444689    
  0.704213560      0.311423093      0.148035765      0.620631278    
  0.705502868      0.311966598      0.148284718      0.618832111    
  0.706776202      0.312503308      0.148530528      0.617047250    
  0.708033621      0.313033432      0.148773223      0.615275979    
  0.709274948      0.313556820      0.149012923      0.613518715    
  0.710501671      0.314073652      0.149249494      0.611775160    
  0.711713135      0.314584374      0.149483204      0.610045791    
  0.712909341      0.315088540      0.149713933      0.608329296    
  0.714091361      0.315586239      0.149941772      0.606626868    
  0.715258777      0.316078037      0.150166810      0.604937017    
  0.716412067      0.316563845      0.150389045      0.603260696    
  0.717551410      0.317043573      0.150608569      0.601597846    
  0.718676925      0.317517728      0.150825381      0.599947453    
  0.719788969      0.317985654      0.151039496      0.598310232    
  0.720888019      0.318448186      0.151250988      0.596685767    
  0.721973300      0.318905175      0.151460007      0.595073760    
  0.723045886      0.319356471      0.151666254      0.593474925    
  0.724105835      0.319802493      0.151870191      0.591888368    
  0.725152969      0.320243150      0.152071640      0.590314329    
  0.726187706      0.320678413      0.152270630      0.588752091    
  0.727210701      0.321108580      0.152467206      0.587202728    
  0.728221238      0.321533501      0.152661577      0.585665286    
  0.729219973      0.321953505      0.152853489      0.584139824    
  0.730207205      0.322368562      0.153043091      0.582626104    
  0.731182635      0.322778672      0.153230473      0.581124365    
  0.732146740      0.323183954      0.153415650      0.579634488    
  0.733099639      0.323584467      0.153598547      0.578155518    
  0.734041691      0.323980480      0.153779313      0.576689303    
  0.734972715      0.324371427      0.153957993      0.575233936    
  0.735893071      0.324758053      0.154134557      0.573789835    
  0.736802816      0.325140208      0.154309034      0.572357237    
  0.737701833      0.325517982      0.154481485      0.570935965    
  0.738590956      0.325891286      0.154651880      0.569525659    
  0.739470065      0.326260269      0.154820353      0.568126380    
  0.740338624      0.326624870      0.154986873      0.566738307    
  0.741197348      0.326985538      0.155151397      0.565361202    
  0.742046535      0.327341855      0.155314088      0.563995004    
  0.742886007      0.327694327      0.155474827      0.562639356    
  0.743715823      0.328042448      0.155633703      0.561294317    
  0.744536340      0.328386694      0.155790761      0.559960246    
  0.745347500      0.328727156      0.155946031      0.558636248    
  0.746149600      0.329063565      0.156099528      0.557322979    
  0.746942699      0.329396158      0.156251252      0.556020081    
  0.747726917      0.329724997      0.156401232      0.554727614    
  0.748502076      0.330050111      0.156549454      0.553445220    
  0.749268711      0.330371708      0.156696036      0.552173138    
  0.750026762      0.330689520      0.156840980      0.550911009    
  0.750776231      0.331003398      0.156984195      0.549659371    
  0.751517355      0.331314057      0.157125831      0.548417032    
  0.752250314      0.331621379      0.157265753      0.547185421    
  0.752974927      0.331924796      0.157404155      0.545963645    
  0.753691733      0.332225204      0.157540977      0.544751465    
  0.754399955      0.332521915      0.157676280      0.543549240    
  0.755100489      0.332815439      0.157809898      0.542356551    
  0.755793452      0.333105445      0.157942116      0.541173339    
  0.756478429      0.333392322      0.158072844      0.540000260    
  0.757156134      0.333676070      0.158201963      0.538836598    
  0.757826030      0.333956391      0.158329740      0.537682474    
  0.758488238      0.334233493      0.158455938      0.536537766    
  0.759142816      0.334507853      0.158580735      0.535403073    
  0.759790301      0.334778637      0.158704147      0.534277141    
  0.760430872      0.335046500      0.158826083      0.533161104    
  0.761063933      0.335311562      0.158946663      0.532053649    
  0.761689901      0.335573673      0.159066007      0.530955911    
  0.762308896      0.335832536      0.159183830      0.529867411    
  0.762920916      0.336088449      0.159300387      0.528788149    
  0.763525963      0.336341649      0.159415588      0.527718365    
  0.764123619      0.336591929      0.159529433      0.526657462    
  0.764715314      0.336839199      0.159641907      0.525605738    
  0.765300035      0.337083548      0.159753129      0.524563491    
  0.765878201      0.337325275      0.159863085      0.523530066    
  0.766449690      0.337564230      0.159971640      0.522505581    
  0.767014503      0.337800294      0.160078958      0.521490395    
  0.767572939      0.338033587      0.160185099      0.520484030    
  0.768124700      0.338264287      0.160289943      0.519486845    
  0.768670022      0.338492066      0.160393521      0.518498361    
  0.769208670      0.338717461      0.160495967      0.517519414    
  0.769741893      0.338940024      0.160597146      0.516549289    
  0.770268500      0.339159936      0.160697103      0.515587986    
  0.770788312      0.339377195      0.160795957      0.514635801    
  0.771302819      0.339591861      0.160893440      0.513692677    
  0.771810591      0.339803964      0.160989806      0.512758672    
  0.772312403      0.340013504      0.161085129      0.511833370    
  0.772807837      0.340220630      0.161178961      0.510917127    
  0.773297787      0.340424865      0.161271870      0.510010302    
  0.773781598      0.340626985      0.161363572      0.509112239    
  0.774258554      0.340826362      0.161454156      0.508223116    
  0.774730384      0.341023088      0.161543548      0.507343054    
  0.775196075      0.341217577      0.161631808      0.506472170    
  0.775656343      0.341409504      0.161718920      0.505610406    
  0.776110351      0.341598958      0.161804959      0.504757643    
  0.776557744      0.341785878      0.161889881      0.503913760    
  0.777000070      0.341970414      0.161973670      0.503079474    
  0.777436852      0.342152327      0.162056357      0.502254307    
  0.777867019      0.342332006      0.162137836      0.501438379    
  0.778292120      0.342509180      0.162218228      0.500631750    
  0.778710902      0.342683762      0.162297532      0.499833822    
  0.779124081      0.342856050      0.162375629      0.499046236    
  0.779531240      0.343025982      0.162452683      0.498267770    
  0.779932737      0.343193322      0.162528649      0.497498542    
  0.780328512      0.343358308      0.162603527      0.496739537    
  0.780718148      0.343520969      0.162677288      0.495989680    
  0.781102121      0.343680978      0.162749857      0.495249480    
  0.781480551      0.343838662      0.162821382      0.494519442    
  0.781852961      0.343993902      0.162891790      0.493799001    
  0.782219946      0.344146758      0.162961200      0.493088454    
  0.782580376      0.344297171      0.163029402      0.492387921    
  0.782935500      0.344445020      0.163096443      0.491697460    
  0.783284485      0.344590485      0.163162440      0.491017193    
  0.783627570      0.344733477      0.163227141      0.490347058    
  0.783965111      0.344873935      0.163290933      0.489687562    
  0.784296334      0.345012009      0.163353488      0.489038557    
  0.784622073      0.345147461      0.163414925      0.488400251    
  0.784941316      0.345280528      0.163475290      0.487772495    
  0.785254180      0.345410973      0.163534477      0.487155646    
  0.785561383      0.345538914      0.163592443      0.486549884    
  0.785862386      0.345664322      0.163649276      0.485955089    
  0.786157429      0.345787078      0.163704872      0.485371679    
  0.786446452      0.345907301      0.163759291      0.484799683    
  0.786728799      0.346024871      0.163812622      0.484239280    
  0.787004828      0.346139908      0.163864881      0.483690590    
  0.787274420      0.346252173      0.163915738      0.483153760    
  0.787537456      0.346361756      0.163965464      0.482629418    
  0.787794650      0.346468717      0.164013833      0.482116878    
  0.788044453      0.346572816      0.164060995      0.481617063    
  0.788288116      0.346674025      0.164106816      0.481129736    
  0.788524926      0.346772522      0.164151445      0.480655283    
  0.788754821      0.346868187      0.164194807      0.480193943    
  0.788977563      0.346961111      0.164236873      0.479746103    
  0.789194047      0.347050995      0.164277598      0.479311556    
  0.789402485      0.347138017      0.164317027      0.478890747    
  0.789604425      0.347221911      0.164355040      0.478484154    
  0.789798796      0.347302794      0.164391711      0.478091806    
  0.789985657      0.347380638      0.164426893      0.477713913    
  0.790165067      0.347455323      0.164460763      0.477350980    
  0.790337086      0.347526789      0.164493158      0.477003068    
  0.790501058      0.347595036      0.164524093      0.476670653    
  0.790657461      0.347660005      0.164553523      0.476354033    
  0.790805459      0.347721606      0.164581537      0.476053476    
  0.790945590      0.347779810      0.164607927      0.475769371    
  0.791077077      0.347834557      0.164632738      0.475502044    
  0.791200101      0.347885728      0.164655894      0.475251704    
  0.791314304      0.347933292      0.164677307      0.475018948    
  0.791420043      0.347977132      0.164697289      0.474804074    
  0.791515946      0.348017246      0.164715469      0.474607527    
  0.791603625      0.348053634      0.164731994      0.474429727    
  0.791681290      0.348085970      0.164746642      0.474270999    
  0.791749775      0.348114341      0.164759517      0.474131614    
  0.791807890      0.348138660      0.164770529      0.474012434    
  0.791856408      0.348158777      0.164779663      0.473913997    
  0.791894376      0.348174661      0.164786801      0.473836362    
  0.791921854      0.348185956      0.164792046      0.473780245    
  0.791938365      0.348192781      0.164795130      0.473746359    
  0.791943848      0.348195195      0.164796099      0.473734766    
