   1.57079995      0.785399973      0.392699987    
   1.55580008      0.772122800      0.385948539    
   1.54079962      0.759103000      0.379342288    
   1.52579975      0.746338665      0.372878730    
   1.51079977      0.733829796      0.366553545    
   1.49579978      0.721569121      0.360363543    
   1.48079991      0.709558010      0.354306370    
   1.46580136      0.697789967      0.348378152    
   1.45080280      0.686263800      0.342576742    
   1.43580317      0.674972177      0.336896718    
   1.42080343      0.663907707      0.331336766    
   1.40580368      0.653070569      0.325893342    
   1.39080369      0.642449737      0.320563108    
   1.37580431      0.632048130      0.315343499    
   1.36080456      0.621858239      0.310233355    
   1.34580481      0.611870825      0.305227816    
   1.33080411      0.602085650      0.300325125    
   1.31580400      0.592499673      0.295523643    
   1.30080497      0.583104193      0.290820003    
   1.28580689      0.573898673      0.286211729    
   1.27080882      0.564876318      0.281696200    
   1.25581253      0.556034565      0.277272582    
   1.24081933      0.547368228      0.272938192    
   1.22583210      0.538873315      0.268690050    
   1.21084905      0.530546308      0.264525861    
   1.19586647      0.522382855      0.260446668    
   1.18087649      0.514379799      0.256447077    
   1.16587996      0.506534338      0.252525717    
   1.15088999      0.498840839      0.248680875    
   1.13591075      0.491296947      0.244912460    
   1.12093699      0.483899415      0.241217598    
   1.10597265      0.476645678      0.237594053    
   1.09100831      0.469529837      0.234041318    
   1.07607508      0.462550879      0.230556816    
   1.06120658      0.455705881      0.227139190    
   1.04643619      0.448990434      0.223787054    
   1.03179812      0.442403048      0.220498994    
   1.01732016      0.435939401      0.217272997    
   1.00302899      0.429597467      0.214108333    
  0.988930643      0.423376083      0.211003140    
  0.975037038      0.417269647      0.207956478    
  0.961355090      0.411276847      0.204966754    
  0.947888494      0.405396134      0.202032551    
  0.934634149      0.399624646      0.199152857    
  0.921597123      0.393959016      0.196326509    
  0.908781171      0.388396531      0.193552375    
  0.896171927      0.382936954      0.190828964    
  0.883784652      0.377577484      0.188155621    
  0.871604562      0.372314751      0.185530916    
  0.859631360      0.367146730      0.182953522    
  0.847860098      0.362072140      0.180423051    
  0.836292982      0.357089281      0.177938476    
  0.824922562      0.352195710      0.175497890    
  0.813750088      0.347389400      0.173101291    
  0.802768588      0.342668444      0.170747221    
  0.791976273      0.338031292      0.168434903    
  0.781367660      0.333476007      0.166163906    
  0.770941913      0.329000264      0.163932860    
  0.760693014      0.324603289      0.161740467    
  0.750620365      0.320283502      0.159586996    
  0.740718424      0.316038430      0.157470733    
  0.730984867      0.311867207      0.155391410    
  0.721417129      0.307767332      0.153347924    
  0.712012231      0.303739011      0.151339754    
  0.702764809      0.299779028      0.149366036    
  0.693673849      0.295887738      0.147425890    
  0.684733629      0.292061508      0.145519242    
  0.675945699      0.288300782      0.143644780    
  0.667302907      0.284603804      0.141801909    
  0.658803642      0.280968010      0.139989972    
  0.650446653      0.277393848      0.138208613    
  0.642228365      0.273880363      0.136457041    
  0.634145379      0.270423889      0.134734929    
  0.626194954      0.267025948      0.133041516    
  0.618373513      0.263683885      0.131375909    
  0.610683024      0.260396034      0.129737705    
  0.603116274      0.257162988      0.128126681    
  0.595671892      0.253982782      0.126541719    
  0.588347912      0.250854671      0.124982715    
  0.581143141      0.247777447      0.123448819    
  0.574055851      0.244749323      0.121940538    
  0.567079902      0.241770834      0.120455898    
  0.560215235      0.238839105      0.118995264    
  0.553461909      0.235955492      0.117558092    
  0.546812952      0.233116999      0.116143830    
  0.540271163      0.230323613      0.114752114    
  0.533832073      0.227575034      0.113382630    
  0.527494609      0.224869683      0.112034529    
  0.521255195      0.222206235      0.110707454    
  0.515113175      0.219585150      0.109401450    
  0.509068012      0.217005223      0.108115874    
  0.503114581      0.214465290      0.106850088    
  0.497255921      0.211964265      0.105604082    
  0.491485417      0.209502324      0.104377404    
  0.485803217      0.207077712      0.103169329    
  0.480209559      0.204690844      0.101980038    
  0.474698722      0.202340320      0.100808926    
  0.469272196      0.200025201       9.96551290E-02
  0.463928133      0.197745383       9.85195413E-02
  0.458665043      0.195500359       9.74008441E-02
  0.453480363      0.193288743       9.62991118E-02
  0.448373318      0.191110387       9.52138156E-02
  0.443343550      0.188964620       9.41444114E-02
  0.438386679      0.186850369       9.30912048E-02
  0.433505028      0.184767708       9.20538753E-02
  0.428693950      0.182716355       9.10315886E-02
  0.423955053      0.180694357       9.00245085E-02
  0.419283539      0.178702697       8.90322775E-02
  0.414681882      0.176740289       8.80542696E-02
  0.410146117      0.174805626       8.70907232E-02
  0.405676693      0.172899649       8.61414000E-02
  0.401271403      0.171020746       8.52055326E-02
  0.396930516      0.169170022       8.42825100E-02
  0.392649859      0.167344585       8.33739564E-02
  0.388431519      0.165546834       8.24772939E-02
  0.384274036      0.163773343       8.15941542E-02
  0.380173653      0.162025616       8.07229280E-02
  0.376132250      0.160301894       7.98645616E-02
  0.372147053      0.158602044       7.90184215E-02
  0.368218720      0.156927764       7.81839490E-02
  0.364344031      0.155276373       7.73607641E-02
  0.360524982      0.153648004       7.65493885E-02
  0.356758147      0.152041525       7.57491216E-02
  0.353043228      0.150457472       7.49606788E-02
  0.349378347      0.148895621       7.41820931E-02
  0.345765054      0.147355124       7.34148026E-02
  0.342200667      0.145835519       7.26579502E-02
  0.338684767      0.144336075       7.19112307E-02
  0.335214943      0.142857537       7.11742416E-02
  0.331793219      0.141398415       7.04477057E-02
  0.328417867      0.139959633       6.97303638E-02
  0.325086236      0.138539806       6.90231919E-02
  0.321800530      0.137139171       6.83252588E-02
  0.318557531      0.135756850       6.76367655E-02
  0.315358251      0.134392887       6.69572130E-02
  0.312199593      0.133046910       6.62866607E-02
  0.309084117      0.131718829       6.56246319E-02
  0.306007683      0.130407378       6.49714917E-02
  0.302973062      0.129113808       6.43272921E-02
  0.299977303      0.127836600       6.36910796E-02
  0.297016948      0.126575902       6.30625039E-02
  0.294099271      0.125330985       6.24430254E-02
  0.291215867      0.124102958       6.18309192E-02
  0.288370728      0.122890428       6.12263083E-02
  0.285560966      0.121692576       6.06300011E-02
  0.282786518      0.120509997       6.00404888E-02
  0.280047596      0.119342700       5.94588853E-02
  0.277341425      0.118189700       5.88843636E-02
  0.274669677      0.117051043       5.83167970E-02
  0.272032142      0.115926415       5.77567592E-02
  0.269425720      0.114815459       5.72033226E-02
  0.266850948      0.113718569       5.66565916E-02
  0.264308274      0.112634704       5.61168827E-02
  0.261795640      0.111565031       5.55828139E-02
  0.259315163      0.110506982       5.50562441E-02
  0.256863534      0.109461151       5.45363650E-02
  0.254441261      0.108429343       5.40218502E-02
  0.252047479      0.107409425       5.35132773E-02
  0.249681085      0.106400721       5.30108251E-02
  0.247344047      0.105404854       5.25147691E-02
  0.245033473      0.104420036       5.20243160E-02
  0.242750630      0.103446841       5.15395924E-02
  0.240493208      0.102484934       5.10606319E-02
  0.238262013      0.101533845       5.05864136E-02
  0.236055538      0.100593694       5.01179434E-02
  0.233874440       9.96647552E-02   4.96549159E-02
  0.231718808       9.87460241E-02   4.91973683E-02
  0.229586974       9.78372842E-02   4.87442948E-02
  0.227478176       9.69379842E-02   4.82973494E-02
  0.225392565       9.60502550E-02   4.78540137E-02
  0.223329306       9.51711759E-02   4.74161319E-02
  0.221289456       9.43018198E-02   4.69826907E-02
  0.219272122       9.34419185E-02   4.65544648E-02
  0.217276677       9.25915167E-02   4.61308658E-02
  0.215301260       9.17498916E-02   4.57112119E-02
  0.213346496       9.09174085E-02   4.52962592E-02
  0.211413354       9.00933370E-02   4.48861830E-02
  0.209499940       8.92778412E-02   4.44800369E-02
  0.207605764       8.84715021E-02   4.40777205E-02
  0.205732092       8.76722634E-02   4.36799675E-02
  0.203876689       8.68818089E-02   4.32859883E-02
  0.202039003       8.60985816E-02   4.28959727E-02
  0.200220093       8.53234977E-02   4.25100364E-02
  0.198419496       8.45561102E-02   4.21276577E-02
  0.196635291       8.37962702E-02   4.17487845E-02
  0.194869205       8.30435976E-02   4.13736105E-02
  0.193118677       8.22975934E-02   4.10026982E-02
  0.191385865       8.15594941E-02   4.06346880E-02
  0.189668700       8.08278546E-02   4.02696431E-02
  0.187968269       8.01030695E-02   3.99089828E-02
  0.186283827       7.93855190E-02   3.95512059E-02
  0.184612021       7.86727145E-02   3.91969644E-02
  0.182956144       7.79673755E-02   3.88448760E-02
  0.181315377       7.72680268E-02   3.84968147E-02
  0.179688513       7.65749589E-02   3.81509289E-02
  0.178073093       7.58866370E-02   3.78085151E-02
  0.176473632       7.52048343E-02   3.74689326E-02
  0.174886808       7.45286569E-02   3.71324532E-02
  0.173311830       7.38574341E-02   3.67979482E-02
  0.171750903       7.31922761E-02   3.64665911E-02
  0.170200631       7.25315735E-02   3.61374207E-02
  0.168663099       7.18765631E-02   3.58112454E-02
  0.167136252       7.12262318E-02   3.54873314E-02
  0.165619999       7.05795661E-02   3.51657271E-02
  0.164116010       6.99388310E-02   3.48461270E-02
  0.162621453       6.93014115E-02   3.45289707E-02
  0.161135897       6.86689541E-02   3.42132635E-02
  0.159660995       6.80406615E-02   3.39003727E-02
  0.158195734       6.74157590E-02   3.35898250E-02
  0.156742096       6.67959005E-02   3.32811251E-02
  0.155294657       6.61798939E-02   3.29736657E-02
  0.153855085       6.55666217E-02   3.26679274E-02
  0.152425855       6.49573207E-02   3.23646441E-02
  0.151002303       6.43514916E-02   3.20624076E-02
  0.149586961       6.37480989E-02   3.17616872E-02
  0.148179412       6.31481260E-02   3.14631015E-02
  0.146776810       6.25506938E-02   3.11652683E-02
  0.145382807       6.19566701E-02   3.08696125E-02
  0.143995538       6.13647699E-02   3.05746235E-02
  0.142612919       6.07758984E-02   3.02811638E-02
  0.141236037       6.01887405E-02   2.99890339E-02
  0.139863402       5.96041195E-02   2.96972208E-02
  0.138495728       5.90214655E-02   2.94071734E-02
  0.137132540       5.84405884E-02   2.91177034E-02
  0.135773167       5.78611940E-02   2.88293660E-02
  0.134419501       5.72843291E-02   2.85419580E-02
  0.133065268       5.67073189E-02   2.82545071E-02
  0.131715804       5.61322011E-02   2.79680826E-02
  0.130367681       5.55579364E-02   2.76818927E-02
  0.129024342       5.49850389E-02   2.73971371E-02
  0.127679914       5.44125140E-02   2.71109268E-02
  0.126337394       5.38397282E-02   2.68264394E-02
  0.124996200       5.32684624E-02   2.65415106E-02
  0.123654515       5.26973121E-02   2.62564067E-02
  0.122313917       5.21257780E-02   2.59721503E-02
  0.120972581       5.15544973E-02   2.56872382E-02
  0.119630970       5.09823635E-02   2.54026037E-02
  0.118287914       5.04102111E-02   2.51170658E-02
  0.116941981       4.98372242E-02   2.48311050E-02
  0.115593933       4.92627881E-02   2.45451070E-02
  0.114244618       4.86869365E-02   2.42592972E-02
  0.112889946       4.81105968E-02   2.39708647E-02
  0.111533463       4.75324243E-02   2.36832872E-02
  0.110173315       4.69525419E-02   2.33946368E-02
  0.108806729       4.63696271E-02   2.31046956E-02
  0.107435547       4.57853824E-02   2.28130668E-02
  0.106058441       4.51983102E-02   2.25210134E-02
  0.104674503       4.46081571E-02   2.22274922E-02
  0.103283376       4.40163650E-02   2.19309852E-02
  0.101884954       4.34200019E-02   2.16345936E-02
  0.100478530       4.28205505E-02   2.13362724E-02
   9.90625769E-02   4.22178656E-02   2.10351460E-02
   9.76389349E-02   4.16106693E-02   2.07330305E-02
   9.62035358E-02   4.09998447E-02   2.04281490E-02
   9.47587043E-02   4.03832272E-02   2.01217867E-02
   9.33024287E-02   3.97625901E-02   1.98126398E-02
   9.18330178E-02   3.91365625E-02   1.95004325E-02
   9.03516561E-02   3.85052040E-02   1.91860888E-02
   8.88573155E-02   3.78684141E-02   1.88688263E-02
   8.73475522E-02   3.72250974E-02   1.85482427E-02
   8.58232528E-02   3.65758650E-02   1.82245392E-02
   8.42831135E-02   3.59195024E-02   1.78977624E-02
   8.27256143E-02   3.52559090E-02   1.75670087E-02
   8.11513811E-02   3.45852785E-02   1.72323976E-02
   7.95590132E-02   3.39062475E-02   1.68946739E-02
   7.79482871E-02   3.32188755E-02   1.65529288E-02
   7.63158426E-02   3.25234942E-02   1.62060596E-02
   7.46623054E-02   3.18200551E-02   1.58548858E-02
   7.29874223E-02   3.11059561E-02   1.54991858E-02
   7.12883472E-02   3.03829890E-02   1.51376482E-02
   6.95675537E-02   2.96484288E-02   1.47732962E-02
   6.78191558E-02   2.89037023E-02   1.44013111E-02
   6.60459250E-02   2.81471238E-02   1.40253827E-02
   6.42447993E-02   2.73795109E-02   1.36433765E-02
   6.24149591E-02   2.66000740E-02   1.32548250E-02
   6.05556406E-02   2.58079320E-02   1.28589980E-02
   5.86656630E-02   2.50022914E-02   1.24578550E-02
   5.67429662E-02   2.41831038E-02   1.20496051E-02
   5.47866933E-02   2.33495217E-02   1.16344225E-02
   5.27953655E-02   2.25010049E-02   1.12115778E-02
   5.07686920E-02   2.16371473E-02   1.07809212E-02
   4.87033240E-02   2.07573399E-02   1.03423819E-02
   4.65991795E-02   1.98598932E-02   9.89562087E-03
   4.44538258E-02   1.89465154E-02   9.43985768E-03
   4.22673486E-02   1.80141274E-02   8.97585973E-03
   4.00356762E-02   1.70635320E-02   8.50263890E-03
   3.77593376E-02   1.60933714E-02   8.01933184E-03
   3.54345702E-02   1.51023958E-02   7.52526894E-03
   3.30608375E-02   1.40907979E-02   7.02169118E-03
   3.06366924E-02   1.30573856E-02   6.50659949E-03
   2.81589329E-02   1.20009761E-02   5.98048745E-03
   2.56252699E-02   1.09223211E-02   5.44187753E-03
   2.30365675E-02   9.81874298E-03   4.89282049E-03
   2.03874428E-02   8.69005825E-03   4.33013495E-03
   1.76792461E-02   7.53558381E-03   3.75536154E-03
   1.49050187E-02   6.35335222E-03   3.16556869E-03
   1.20654535E-02   5.14306407E-03   2.56272079E-03
   9.15753748E-03   3.90344975E-03   1.94513192E-03
   6.17910922E-03   2.63413042E-03   1.31312036E-03
   3.12736398E-03   1.33291422E-03   6.64850581E-04
   0.00000000       0.00000000       0.00000000    
