   0.00000000       0.00000000       0.00000000    
   5.97663503E-03   1.16115892E-02   2.34842114E-02
   1.21171623E-02   2.28865612E-02   4.68146279E-02
   1.84106864E-02   3.38283852E-02   6.99924827E-02
   2.48466469E-02   4.44408804E-02   9.30188894E-02
   3.14148478E-02   5.47280535E-02  0.115893938    
   3.81055139E-02   6.46940917E-02  0.138617560    
   4.49092127E-02   7.43434876E-02  0.161189631    
   5.18166497E-02   8.36805925E-02  0.183609456    
   5.88190481E-02   9.27104354E-02  0.205875814    
   6.59078881E-02  0.101437740      0.227987453    
   7.30747059E-02  0.109867312      0.249942780    
   8.03116783E-02  0.118004575      0.271739870    
   8.76109526E-02  0.125854164      0.293377161    
   9.49651077E-02  0.133421600      0.314852536    
  0.102366969      0.140712336      0.336163372    
  0.109809496      0.147731602      0.357307732    
  0.117285915      0.154484719      0.378282636    
  0.124789834      0.160977244      0.399085969    
  0.132315025      0.167214721      0.419714928    
  0.139855430      0.173202723      0.440166980    
  0.147405416      0.178946629      0.460439295    
  0.154959247      0.184452176      0.480528980    
  0.162511766      0.189724892      0.500433683    
  0.170057803      0.194770291      0.520150900    
  0.177592531      0.199594215      0.539676726    
  0.185111329      0.204201430      0.559010148    
  0.192609608      0.208597809      0.578147352    
  0.200083569      0.212789387      0.597086191    
  0.207528904      0.216781065      0.615824282    
  0.214941785      0.220578372      0.634358883    
  0.222318783      0.224186763      0.652687907    
  0.229656339      0.227611452      0.670808673    
  0.236951292      0.230857790      0.688718975    
  0.244200766      0.233930767      0.706418514    
  0.251401931      0.236835763      0.723905444    
  0.258552045      0.239577696      0.741179109    
  0.265648842      0.242161870      0.758240819    
  0.272689790      0.244592622      0.775090575    
  0.279673189      0.246875092      0.791729212    
  0.286596596      0.249013811      0.808158338    
  0.293458611      0.251013637      0.824378967    
  0.300257564      0.252879143      0.840393245    
  0.306991786      0.254614204      0.856202841    
  0.313660413      0.256223679      0.871809840    
  0.320261896      0.257711709      0.887215078    
  0.326795012      0.259082288      0.902420938    
  0.333259404      0.260339320      0.917431056    
  0.339653909      0.261486799      0.932246327    
  0.345977783      0.262528718      0.946868300    
  0.352230608      0.263468474      0.961299896    
  0.358411729      0.264309943      0.975543737    
  0.364520758      0.265056461      0.989601016    
  0.370557368      0.265711188       1.00347424    
  0.376521647      0.266278148       1.01716626    
  0.382413208      0.266760439       1.03067863    
  0.388231903      0.267160445       1.04401398    
  0.393977702      0.267481714       1.05717373    
  0.399650872      0.267727375       1.07016122    
  0.405251622      0.267900258       1.08297825    
  0.410779834      0.268002778       1.09562719    
  0.416235864      0.268037945       1.10810995    
  0.421620011      0.268008024       1.12042892    
  0.426933020      0.267916203       1.13258648    
  0.432174742      0.267764211       1.14458513    
  0.437345892      0.267554998       1.15642631    
  0.442446679      0.267290205       1.16811228    
  0.447477698      0.266972989       1.17964435    
  0.452439696      0.266604602       1.19102800    
  0.457333028      0.266187638       1.20226169    
  0.462158412      0.265724123       1.21334970    
  0.466915876      0.265215784       1.22429216    
  0.471607268      0.264664829       1.23509395    
  0.476232082      0.264072746       1.24575472    
  0.480792016      0.263440907       1.25627911    
  0.485286534      0.262772352       1.26666474    
  0.489717305      0.262067765       1.27691746    
  0.494084716      0.261328608       1.28703856    
  0.498389810      0.260556787       1.29703033    
  0.502632856      0.259753555       1.30689323    
  0.506814718      0.258920670       1.31662977    
  0.510936320      0.258059502       1.32624173    
  0.514998198      0.257171035       1.33573103    
  0.519001484      0.256257027       1.34510064    
  0.522946358      0.255318165       1.35435033    
  0.526834249      0.254356176       1.36348414    
  0.530665278      0.253371626       1.37250173    
  0.534440756      0.252366364       1.38140631    
  0.538161099      0.251341462       1.39019954    
  0.541826904      0.250297159       1.39888072    
  0.545440078      0.249235064       1.40745616    
  0.549000025      0.248155951       1.41592371    
  0.552508116      0.247060612       1.42428625    
  0.555965185      0.245950431       1.43254530    
  0.559371710      0.244825780       1.44070184    
  0.562728763      0.243687600       1.44875979    
  0.566036224      0.242536768       1.45671701    
  0.569296241      0.241374403       1.46457803    
  0.572508097      0.240200460       1.47234237    
  0.575673461      0.239016324       1.48001313    
  0.578792512      0.237822175       1.48759103    
  0.581866980      0.236619577       1.49507773    
  0.584896326      0.235407993       1.50247359    
  0.587881804      0.234189242       1.50978148    
  0.590823770      0.232962877       1.51700139    
  0.593723416      0.231730163       1.52413619    
  0.596581101      0.230491042       1.53118515    
  0.599397480      0.229246452       1.53815150    
  0.602172732      0.227996528       1.54503477    
  0.604908586      0.226742357       1.55183804    
  0.607604861      0.225483730       1.55856085    
  0.610262573      0.224221438       1.56520534    
  0.612882376      0.222956315       1.57177305    
  0.615464151      0.221688330       1.57826364    
  0.618009865      0.220418140       1.58468068    
  0.620519042      0.219145954       1.59102213    
  0.622991860      0.217871591       1.59729195    
  0.625429809      0.216596380       1.60348809    
  0.627833366      0.215319902       1.60961640    
  0.630203128      0.214042664       1.61567438    
  0.632539213      0.212765604       1.62166262    
  0.634842396      0.211488262       1.62758446    
  0.637112856      0.210211590       1.63343787    
  0.639351606      0.208934665       1.63922775    
  0.641559124      0.207658872       1.64495218    
  0.643736124      0.206384674       1.65061355    
  0.645882607      0.205111295       1.65621161    
  0.647999048      0.203839660       1.66174769    
  0.650085926      0.202569753       1.66722333    
  0.652144134      0.201301768       1.67263830    
  0.654173851      0.200036019       1.67799497    
  0.656175554      0.198773041       1.68329132    
  0.658149362      0.197511569       1.68853152    
  0.660096645      0.196253613       1.69371545    
  0.662016928      0.194998279       1.69884288    
  0.663911819      0.193746731       1.70391548    
  0.665780365      0.192498147       1.70893395    
  0.667623460      0.191252574       1.71389866    
  0.669441521      0.190010861       1.71881032    
  0.671235323      0.188772529       1.72367072    
  0.673004627      0.187538341       1.72847867    
  0.674750149      0.186307639       1.73323691    
  0.676472127      0.185081244       1.73794401    
  0.678171456      0.183859438       1.74260187    
  0.679848075      0.182641417       1.74721289    
  0.681501925      0.181427777       1.75177407    
  0.683134079      0.180218920       1.75628901    
  0.684744835      0.179014832       1.76075649    
  0.686333895      0.177814856       1.76517892    
  0.687902153      0.176619783       1.76955605    
  0.689450026      0.175429448       1.77388847    
  0.690977216      0.174244046       1.77817512    
  0.692484558      0.173063502       1.78241992    
  0.693972945      0.171888620       1.78662169    
  0.695441127      0.170718282       1.79077971    
  0.696890116      0.169553161       1.79489636    
  0.698320568      0.168393061       1.79897177    
  0.699732602      0.167238474       1.80300629    
  0.701126397      0.166089252       1.80700028    
  0.702502549      0.164945394       1.81095481    
  0.703860343      0.163806602       1.81486964    
  0.705201328      0.162673458       1.81874692    
  0.706525087      0.161545768       1.82258427    
  0.707831621      0.160424024       1.82638431    
  0.709122062      0.159307554       1.83014739    
  0.710395992      0.158196852       1.83387291    
  0.711653352      0.157091349       1.83756196    
  0.712895453      0.155991971       1.84121621    
  0.714121580      0.154897898       1.84483349    
  0.715332389      0.153809831       1.84841597    
  0.716528058      0.152727410       1.85196459    
  0.717708707      0.151650786       1.85547781    
  0.718874574      0.150579989       1.85895729    
  0.720025659      0.149514645       1.86240351    
  0.721163213      0.148456022       1.86581695    
  0.722285569      0.147402242       1.86919701    
  0.723394513      0.146354541       1.87254512    
  0.724489808      0.145312905       1.87586129    
  0.725571573      0.144277319       1.87914515    
  0.726639926      0.143247351       1.88239861    
  0.727695346      0.142223075       1.88562179    
  0.728737295      0.141204879       1.88881266    
  0.729767084      0.140193045       1.89197361    
  0.730783939      0.139186755       1.89510524    
  0.731788695      0.138186678       1.89820719    
  0.732780576      0.137192175       1.90127933    
  0.733760655      0.136203960       1.90432250    
  0.734728992      0.135221541       1.90733731    
  0.735685408      0.134245023       1.91032362    
  0.736630142      0.133274481       1.91328204    
  0.737563550      0.132310018       1.91621268    
  0.738485456      0.131351531       1.91911507    
  0.739396751      0.130399138       1.92199099    
  0.740296721      0.129452392       1.92483985    
  0.741185129      0.128511682       1.92766106    
  0.742063463      0.127576753       1.93045664    
  0.742931604      0.126648650       1.93322611    
  0.743788362      0.125725955       1.93596888    
  0.744635820      0.124809437       1.93868709    
  0.745472252      0.123898879       1.94137788    
  0.746298730      0.122994483       1.94404411    
  0.747115135      0.122095458       1.94668591    
  0.747922003      0.121203020       1.94930196    
  0.748719394      0.120316647       1.95189464    
  0.749506712      0.119435944       1.95446181    
  0.750284195      0.118561424       1.95700443    
  0.751053214      0.117693745       1.95952237    
  0.751811922      0.116830990       1.96201694    
  0.752562046      0.115974821       1.96448839    
  0.753303230      0.115124457       1.96693611    
  0.754035890      0.114280291       1.96936035    
  0.754758954      0.113442093       1.97176111    
  0.755473375      0.112609848       1.97413898    
  0.756179452      0.111784108       1.97649372    
  0.756876588      0.110964470       1.97882462    
  0.757565260      0.110150620       1.98113465    
  0.758245349      0.109343052       1.98342121    
  0.758917570      0.108541541       1.98568594    
  0.759581327      0.107746311       1.98792839    
  0.760236681      0.106957264       1.99014819    
  0.760883927      0.106174029       1.99234629    
  0.761523426      0.105397403       1.99452198    
  0.762154222      0.104626551       1.99667573    
  0.762777984      0.103862584       1.99880683    
  0.763393819      0.103104331       2.00091839    
  0.764001667      0.102352343       2.00300741    
  0.764601648      0.101606779       2.00507355    
  0.765194297      0.100867532       2.00712061    
  0.765779197      0.100134842       2.00914431    
  0.766356766       9.94080752E-02   2.01114750    
  0.766926706       9.86884907E-02   2.01312876    
  0.767489135       9.79747027E-02   2.01508951    
  0.768044889       9.72677022E-02   2.01702929    
  0.768592477       9.65671763E-02   2.01894569    
  0.769132853       9.58728194E-02   2.02084255    
  0.769666433       9.51853916E-02   2.02271819    
  0.770192862       9.45043862E-02   2.02457380    
  0.770712137       9.38299820E-02   2.02640724    
  0.771223664       9.31622386E-02   2.02821779    
  0.771728754       9.25013572E-02   2.03000879    
  0.772226572       9.18468609E-02   2.03177953    
  0.772717357       9.11998525E-02   2.03352690    
  0.773201346       9.05593261E-02   2.03525519    
  0.773677647       8.99252892E-02   2.03696108    
  0.774147511       8.92991349E-02   2.03864551    
  0.774610460       8.86798948E-02   2.04030848    
  0.775066257       8.80673304E-02   2.04194975    
  0.775515497       8.74624327E-02   2.04356956    
  0.775957763       8.68646801E-02   2.04516745    
  0.776392579       8.62741172E-02   2.04674339    
  0.776821017       8.56911391E-02   2.04829836    
  0.777242482       8.51155892E-02   2.04983044    
  0.777657509       8.45472738E-02   2.05134153    
  0.778065085       8.39870274E-02   2.05282903    
  0.778465807       8.34342539E-02   2.05429506    
  0.778859735       8.28893706E-02   2.05573797    
  0.779246449       8.23525563E-02   2.05715847    
  0.779626727       8.18234235E-02   2.05855656    
  0.779999852       8.13028067E-02   2.05993080    
  0.780366063       8.07901323E-02   2.06128287    
  0.780725360       8.02859142E-02   2.06261039    
  0.781077266       7.97901750E-02   2.06391335    
  0.781422436       7.93031231E-02   2.06519318    
  0.781760395       7.88246393E-02   2.06644917    
  0.782091141       7.83550590E-02   2.06768060    
  0.782415032       7.78943971E-02   2.06888819    
  0.782731473       7.74428472E-02   2.07006931    
  0.783041060       7.70003945E-02   2.07122564    
  0.783342838       7.65675455E-02   2.07235575    
  0.783637345       7.61444047E-02   2.07345963    
  0.783924818       7.57307485E-02   2.07453918    
  0.784204125       7.53272697E-02   2.07558966    
  0.784475744       7.49335736E-02   2.07661438    
  0.784740031       7.45501071E-02   2.07761145    
  0.784996510       7.41771087E-02   2.07858038    
  0.785245419       7.38150999E-02   2.07952023    
  0.785486460       7.34633729E-02   2.08043337    
  0.785719216       7.31229782E-02   2.08131504    
  0.785943925       7.27937073E-02   2.08216810    
  0.786160350       7.24759251E-02   2.08299065    
  0.786368310       7.21700117E-02   2.08378172    
  0.786568105       7.18758404E-02   2.08454227    
  0.786759198       7.15937540E-02   2.08527088    
  0.786941588       7.13242143E-02   2.08596659    
  0.787115157       7.10673556E-02   2.08662987    
  0.787279785       7.08234087E-02   2.08725834    
  0.787435293       7.05927536E-02   2.08785343    
  0.787581384       7.03757927E-02   2.08841252    
  0.787717879       7.01726377E-02   2.08893585    
  0.787844539       6.99839145E-02   2.08942199    
  0.787961721       6.98091388E-02   2.08987141    
  0.788068414       6.96496665E-02   2.09028101    
  0.788165748       6.95050433E-02   2.09065366    
  0.788251877       6.93761110E-02   2.09098482    
  0.788327575       6.92627653E-02   2.09127617    
  0.788392246       6.91660345E-02   2.09152460    
  0.788446009       6.90859109E-02   2.09173083    
  0.788488269       6.90229386E-02   2.09189320    
  0.788518488       6.89771175E-02   2.09201002    
  0.788536668       6.89495727E-02   2.09208059    
  0.788542867       6.89404309E-02   2.09210443    
