 -0.999991119     -0.885144889     -0.450096548    
  -1.00003088     -0.867986679     -0.440416723    
 -0.999991119     -0.850955665     -0.430903822    
 -0.999999046     -0.833924592     -0.421679020    
 -0.999999046     -0.817378342     -0.412666798    
 -0.999991119     -0.800740719     -0.403811544    
 -0.999903679     -0.784536183     -0.395214558    
 -0.999903679     -0.768411160     -0.386760622    
 -0.999975204     -0.752774894     -0.378668308    
 -0.999983132     -0.737631321     -0.370663404    
 -0.999983132     -0.722475827     -0.362894922    
 -0.999999046     -0.708055496     -0.355348974    
 -0.999959290     -0.693440437     -0.347973913    
 -0.999983132     -0.679326057     -0.340676308    
 -0.999983132     -0.665827572     -0.333702564    
  -1.00004673     -0.652345002     -0.326846033    
  -1.00000703     -0.639065087     -0.320098788    
 -0.999935448     -0.626365364     -0.313576072    
 -0.999871910     -0.613701344     -0.307218224    
 -0.999871910     -0.601490319     -0.301035255    
 -0.999752700     -0.589450181     -0.294907898    
 -0.999546051     -0.577755749     -0.288959354    
 -0.999148667     -0.566327572     -0.283209473    
 -0.998870552     -0.555133820     -0.277612597    
 -0.998838723     -0.544230163     -0.271946192    
 -0.999331474     -0.533537090     -0.266639382    
 -0.999768555     -0.523030758     -0.261423975    
 -0.999331474     -0.512899935     -0.256322801    
 -0.998616219     -0.502926111     -0.251227617    
 -0.998250663     -0.493168831     -0.246324137    
 -0.997622788     -0.483582377     -0.241569683    
 -0.997622788     -0.474389404     -0.236848995    
 -0.995548546     -0.465263903     -0.232300177    
 -0.991233170     -0.456333160     -0.227841750    
 -0.984692574     -0.447696477     -0.223475695    
 -0.975871086     -0.439159065     -0.219204023    
 -0.965197861     -0.430909783     -0.215066478    
 -0.952744484     -0.422795624     -0.210977599    
 -0.939889669     -0.414758921     -0.207012892    
 -0.926240265     -0.407095760     -0.203110769    
 -0.912129939     -0.399520010     -0.199314952    
 -0.897773087     -0.392047554     -0.195613503    
 -0.883622944     -0.384765863     -0.191979602    
 -0.869135082     -0.377708673     -0.188423201    
 -0.854396820     -0.370832294     -0.184942290    
 -0.840616226     -0.363971800     -0.181560710    
 -0.825818360     -0.357298046     -0.178222850    
 -0.812005997     -0.350848824     -0.174980357    
 -0.798213482     -0.344534725     -0.171826288    
 -0.784750760     -0.338306040     -0.168698028    
 -0.771141052     -0.332190603     -0.165638328    
 -0.758028030     -0.326238066     -0.162705779    
 -0.744831562     -0.320420653     -0.159773231    
 -0.732100010     -0.314730406     -0.156938031    
 -0.719487667     -0.309143454     -0.154154494    
 -0.707240880     -0.303685665     -0.151399776    
 -0.695049763     -0.298382849     -0.148736432    
 -0.683259964     -0.293131679     -0.146159530    
 -0.671509922     -0.287985802     -0.143564746    
 -0.660129368     -0.283004850     -0.141084194    
 -0.648903847     -0.278081506     -0.138621524    
 -0.637849152     -0.273325056     -0.136232376    
 -0.626993179     -0.268554688     -0.133877993    
 -0.616494834     -0.263998896     -0.131581232    
 -0.606064022     -0.259419292     -0.129343078    
 -0.596014678     -0.255082041     -0.127109885    
 -0.585861981     -0.250715017     -0.124964118    
 -0.576186180     -0.246465206     -0.122858085    
 -0.566617668     -0.242386267     -0.120795764    
 -0.557132542     -0.238277510     -0.118757285    
 -0.547885895     -0.234232351     -0.116771460    
 -0.538865745     -0.230431557     -0.114807487    
 -0.530028343     -0.226529434     -0.112894177    
 -0.521429360     -0.222804144     -0.111040473    
 -0.512699306     -0.219190121     -0.109213591    
 -0.504450023     -0.215536356     -0.107401609    
 -0.496292114     -0.212013721     -0.105664134    
 -0.488265365     -0.208540753     -0.103933610    
 -0.480318069     -0.205148265     -0.102259718    
 -0.472486019     -0.201874971     -0.100552045    
 -0.465063244     -0.198565915      -9.89759937E-02
 -0.457644463     -0.195448592      -9.73756090E-02
 -0.450221688     -0.192240879      -9.58114862E-02
 -0.443263859     -0.189232826      -9.42841172E-02
 -0.436119229     -0.186225772      -9.27810892E-02
 -0.429272652     -0.183238581      -9.12989154E-02
 -0.422497600     -0.180356696      -8.98733735E-02
 -0.415960938     -0.177563235      -8.84716734E-02
 -0.409468025     -0.174738958      -8.70669857E-02
 -0.403010845     -0.171995163      -8.57050195E-02
 -0.396895409     -0.169328853      -8.43857750E-02
 -0.390577316     -0.166735053      -8.30670223E-02
 -0.384700298     -0.164129332      -8.17785636E-02
 -0.378813356     -0.161640838      -8.05382952E-02
 -0.372910500     -0.159124538      -7.92860985E-02
 -0.367389113     -0.156701609      -7.80741349E-02
 -0.361768395     -0.154341266      -7.69197941E-02
 -0.356270880     -0.151987866      -7.57058486E-02
 -0.350872666     -0.149668261      -7.45798126E-02
 -0.345645338     -0.147441030      -7.34488145E-02
 -0.340469688     -0.145223737      -7.23530874E-02
 -0.335317850     -0.143051147      -7.12936148E-02
 -0.330458075     -0.140950084      -7.02137724E-02
 -0.325443357     -0.138844058      -6.91552982E-02
 -0.320738554     -0.136756897      -6.81524500E-02
 -0.315926462     -0.134799883      -6.71386719E-02
 -0.311434269     -0.132777289      -6.61487356E-02
 -0.306777149     -0.130827233      -6.52005300E-02
 -0.302384287     -0.128977492      -6.42364249E-02
 -0.297961622     -0.127065182      -6.32882118E-02
 -0.293686002     -0.125260159      -6.23911619E-02
 -0.289392471     -0.123381615      -6.15348406E-02
 -0.285377115     -0.121695794      -6.05702400E-02
 -0.281222671     -0.119850039      -5.97774982E-02
 -0.277165562     -0.118232764      -5.88759780E-02
 -0.273358822     -0.116515160      -5.80817461E-02
 -0.269426912     -0.114914775      -5.72244339E-02
 -0.265679747     -0.113323331      -5.64093404E-02
 -0.261888891     -0.111618638      -5.56314997E-02
 -0.258312613     -0.110092759      -5.48789911E-02
 -0.254603237     -0.108557940      -5.40917106E-02
 -0.251122326     -0.107098617      -5.33511229E-02
 -0.247661278     -0.105603538      -5.25628515E-02
 -0.244325399     -0.104123354      -5.19057103E-02
 -0.240886211     -0.102699794      -5.11527061E-02
 -0.237625837     -0.101307034      -5.04568219E-02
 -0.234393284      -9.99629498E-02  -4.97813039E-02
 -0.231321648      -9.85691920E-02  -4.91326042E-02
 -0.228114918      -9.72747803E-02  -4.84357290E-02
 -0.225023434      -9.59187746E-02  -4.78227921E-02
 -0.222108766      -9.46551561E-02  -4.71447892E-02
 -0.219047070      -9.33756456E-02  -4.65288758E-02
 -0.216199949      -9.21547413E-02  -4.58995514E-02
 -0.213285282      -9.09308568E-02  -4.53035049E-02
 -0.210577250      -8.97318125E-02  -4.47034836E-02
 -0.207698345      -8.85387287E-02  -4.41352539E-02
 -0.205095604      -8.74300823E-02  -4.35426831E-02
 -0.202308103      -8.62379894E-02  -4.29466367E-02
 -0.199717283      -8.51472244E-02  -4.24141698E-02
 -0.197356939      -8.40465203E-02  -4.19050455E-02
 -0.194511816      -8.29944983E-02  -4.12985682E-02
 -0.192226961      -8.18684697E-02  -4.08070795E-02
 -0.189675882      -8.08353201E-02  -4.03073914E-02
 -0.187317535      -7.98568130E-02  -3.97538133E-02
 -0.184963152      -7.88385645E-02  -3.93008180E-02
 -0.182594851      -7.78198242E-02  -3.87735665E-02
 -0.180411339      -7.68666491E-02  -3.83014493E-02
 -0.178116560      -7.59104863E-02  -3.78377736E-02
 -0.175835684      -7.49751925E-02  -3.73358540E-02
 -0.173761442      -7.40637407E-02  -3.68957706E-02
 -0.171651438      -7.31259584E-02  -3.64487357E-02
 -0.169511631      -7.22577199E-02  -3.59805934E-02
 -0.167508915      -7.13114962E-02  -3.56045850E-02
 -0.165365145      -7.05366358E-02  -3.51046510E-02
 -0.163441896      -6.97220340E-02  -3.46586108E-02
 -0.161484882      -6.87872395E-02  -3.43009830E-02
 -0.159585476      -6.79944977E-02  -3.39048617E-02
 -0.157759592      -6.72469512E-02  -3.34968157E-02
 -0.155802563      -6.63911328E-02  -3.30703966E-02
 -0.154038265      -6.56545162E-02  -3.26968729E-02
 -0.152189538      -6.48796558E-02  -3.23149078E-02
 -0.150494769      -6.41271472E-02  -3.19307037E-02
 -0.148746371      -6.34059310E-02  -3.16145532E-02
 -0.147098303      -6.26767650E-02  -3.12313437E-02
 -0.145406529      -6.19292259E-02  -3.08685005E-02
 -0.143708780      -6.12487383E-02  -3.05031743E-02
 -0.142122313      -6.05826564E-02  -3.02049015E-02
 -0.140586495      -5.99533319E-02  -2.97963619E-02
 -0.139040753      -5.91819473E-02  -2.95557082E-02
 -0.137550637      -5.86052723E-02  -2.91921198E-02
 -0.135989979      -5.79570718E-02  -2.88960841E-02
 -0.134488940      -5.73267527E-02  -2.85483897E-02
 -0.133029625      -5.66934533E-02  -2.82399356E-02
 -0.131694481      -5.61083369E-02  -2.79769301E-02
 -0.130317613      -5.54988794E-02  -2.76635084E-02
 -0.128876165      -5.49380966E-02  -2.73384154E-02
 -0.127560899      -5.43663912E-02  -2.70764027E-02
 -0.126278400      -5.37559390E-02  -2.68210974E-02
 -0.124911465      -5.32825775E-02  -2.65168641E-02
 -0.123693548      -5.26969619E-02  -2.62652840E-02
 -0.122512378      -5.22151589E-02  -2.60010362E-02
 -0.121260680      -5.16722612E-02  -2.57290900E-02
 -0.120039783      -5.11591621E-02  -2.54919138E-02
 -0.118947029      -5.06560020E-02  -2.52582133E-02
 -0.117739044      -5.01781702E-02  -2.50115991E-02
 -0.116701923      -4.97336201E-02  -2.47274842E-02
 -0.115520753      -4.92066145E-02  -2.45340168E-02
 -0.114477672      -4.87759709E-02  -2.43363287E-02
 -0.113362074      -4.83190008E-02  -2.40440164E-02
 -0.112296142      -4.78367023E-02  -2.38517914E-02
 -0.111453734      -4.75202985E-02  -2.36161053E-02
 -0.110391773      -4.70225997E-02  -2.34725568E-02
 -0.109384455      -4.66232486E-02  -2.32040882E-02
 -0.108457603      -4.62045260E-02  -2.30590496E-02
 -0.107694663      -4.58881259E-02  -2.28275862E-02
 -0.106630720      -4.54535075E-02  -2.26388369E-02
 -0.105788313      -4.50784974E-02  -2.24319603E-02
 -0.104998551      -4.47481871E-02  -2.23003328E-02
 -0.104061760      -4.43438701E-02  -2.20904741E-02
 -0.103351474      -4.40468378E-02  -2.19446924E-02
 -0.102502108      -4.36673574E-02  -2.17450168E-02
 -0.101789832      -4.33554240E-02  -2.15942655E-02
 -0.101083517      -4.31110449E-02  -2.14402881E-02
 -0.100265943      -4.27156687E-02  -2.13066731E-02
  -9.96371135E-02  -4.24946360E-02  -2.11437549E-02
  -9.90370885E-02  -4.21638303E-02  -2.10471451E-02
  -9.83268023E-02  -4.18861695E-02  -2.08593905E-02
  -9.76840630E-02  -4.16601710E-02  -2.07031760E-02
  -9.69092026E-02  -4.13239002E-02  -2.05799937E-02
  -9.64959487E-02  -4.10671048E-02  -2.04972923E-02
  -9.59714279E-02  -4.08848114E-02  -2.03825533E-02
  -9.52819958E-02  -4.06200700E-02  -2.02188883E-02
  -9.49035063E-02  -4.03886028E-02  -2.01491024E-02
  -9.43561420E-02  -4.02261801E-02  -2.00480223E-02
  -9.38365832E-02  -3.99981923E-02  -1.99057162E-02
  -9.35067758E-02  -3.98288183E-02  -1.98555496E-02
  -9.29335728E-02  -3.96015756E-02  -1.97103862E-02
  -9.24845561E-02  -3.94600146E-02  -1.96659323E-02
  -9.21746120E-02  -3.92581038E-02  -1.95639823E-02
  -9.17921439E-02  -3.91438603E-02  -1.94753204E-02
  -9.15090218E-02  -3.89747322E-02  -1.94542110E-02
  -9.11782160E-02  -3.88436019E-02  -1.93364918E-02
  -9.08792019E-02  -3.87251377E-02  -1.92979965E-02
  -9.06248912E-02  -3.86262946E-02  -1.92224979E-02
  -9.02444124E-02  -3.84576619E-02  -1.91605333E-02
  -9.02821645E-02  -3.84673476E-02  -1.91633906E-02
  -8.99642706E-02  -3.83411832E-02  -1.90949682E-02
  -8.98748636E-02  -3.82843129E-02  -1.90793220E-02
  -8.95559788E-02  -3.81931663E-02  -1.89837068E-02
  -8.96284953E-02  -3.81683297E-02  -1.90806892E-02
  -8.95013437E-02  -3.81857157E-02  -1.89658254E-02
  -8.94129276E-02  -3.80843878E-02  -1.89952552E-02
  -8.94457102E-02  -3.80766876E-02  -1.90069284E-02
  -8.93731937E-02  -3.81022692E-02  -1.89504270E-02
  -8.94223675E-02  -3.80853824E-02  -1.89941376E-02
  -8.94407406E-02  -3.81422527E-02  -1.89756360E-02
  -8.95371065E-02  -3.81434970E-02  -1.90358609E-02
  -8.97288322E-02  -3.81991267E-02  -1.90640483E-02
  -8.98698941E-02  -3.82957347E-02  -1.90665331E-02
  -8.99543390E-02  -3.83901112E-02  -1.90539900E-02
  -9.03114676E-02  -3.84226441E-02  -1.92288309E-02
  -9.04321671E-02  -3.85448337E-02  -1.91718340E-02
  -9.06765461E-02  -3.86588275E-02  -1.92433596E-02
  -9.11056995E-02  -3.88609879E-02  -1.93294138E-02
  -9.14121643E-02  -3.89496498E-02  -1.94419175E-02
  -9.18070450E-02  -3.91381495E-02  -1.94702297E-02
  -9.22625288E-02  -3.93435359E-02  -1.95680801E-02
  -9.27418470E-02  -3.94528098E-02  -1.97671354E-02
  -9.32281241E-02  -3.97575386E-02  -1.97594371E-02
  -9.37615857E-02  -3.99634242E-02  -1.98880825E-02
  -9.43968669E-02  -4.01789956E-02  -2.00750921E-02
  -9.49094668E-02  -4.04797494E-02  -2.01410297E-02
  -9.56932679E-02  -4.07216437E-02  -2.03254316E-02
  -9.63220969E-02  -4.11078334E-02  -2.04241518E-02
  -9.70850363E-02  -4.13758047E-02  -2.06097960E-02
  -9.79607329E-02  -4.17351723E-02  -2.08138172E-02
  -9.87574458E-02  -4.20905650E-02  -2.09562480E-02
  -9.96227041E-02  -4.24526632E-02  -2.11508330E-02
 -0.100650884      -4.28877771E-02  -2.13722382E-02
 -0.101619959      -4.32821624E-02  -2.15802342E-02
 -0.102675952      -4.37575094E-02  -2.17851251E-02
 -0.103833281      -4.42395620E-02  -2.20502410E-02
 -0.104948878      -4.47086990E-02  -2.23074108E-02
 -0.106157862      -4.52687331E-02  -2.25149095E-02
 -0.107381739      -4.58247960E-02  -2.27830056E-02
 -0.108829640      -4.63587530E-02  -2.31246147E-02
 -0.110235810      -4.68959399E-02  -2.34115869E-02
 -0.111658864      -4.76066023E-02  -2.37133354E-02
 -0.113271676      -4.81978059E-02  -2.41025034E-02
 -0.114719577      -4.89706807E-02  -2.42901351E-02
 -0.116559863      -4.96484339E-02  -2.47990098E-02
 -0.118215375      -5.04385680E-02  -2.50618905E-02
 -0.120075040      -5.11741899E-02  -2.54670773E-02
 -0.121989354      -5.19624613E-02  -2.59034336E-02
 -0.123954564      -5.28094657E-02  -2.63884664E-02
 -0.125998512      -5.37093729E-02  -2.67428663E-02
 -0.128179789      -5.46125062E-02  -2.72166599E-02
 -0.130418196      -5.55721372E-02  -2.76788436E-02
 -0.132755190      -5.65677881E-02  -2.81896461E-02
 -0.135111555      -5.75905032E-02  -2.87104379E-02
 -0.137691200      -5.86538240E-02  -2.92359516E-02
 -0.140276298      -5.98297790E-02  -2.97840703E-02
 -0.143023580      -6.08918518E-02  -3.03842127E-02
 -0.145765141      -6.21591993E-02  -3.09331939E-02
 -0.148778155      -6.33730218E-02  -3.15480568E-02
 -0.151755914      -6.46773726E-02  -3.22204679E-02
 -0.154984504      -6.60650432E-02  -3.29375267E-02
 -0.158248842      -6.74398616E-02  -3.35718505E-02
 -0.161609679      -6.88941553E-02  -3.43394466E-02
 -0.165183961      -7.04272985E-02  -3.50741334E-02
 -0.168910876      -7.19103366E-02  -3.59073281E-02
 -0.172580168      -7.35718757E-02  -3.66038010E-02
 -0.176608309      -7.52456486E-02  -3.75123695E-02
 -0.180546448      -7.69649595E-02  -3.83182280E-02
 -0.184948504      -7.88154379E-02  -3.93195227E-02
 -0.189304352      -8.06858763E-02  -4.01898585E-02
 -0.193861067      -8.26409534E-02  -4.11725901E-02
 -0.198561877      -8.46212879E-02  -4.21341024E-02
 -0.203449681      -8.67477432E-02  -4.32179868E-02
 -0.208490923      -8.88609514E-02  -4.43233699E-02
