   0.00000000       0.00000000       0.00000000    
   0.00000000       0.00000000       1.27501404E-02
   0.00000000       0.00000000       2.55002230E-02
   0.00000000       0.00000000       3.82502414E-02
   0.00000000       0.00000000       5.10003120E-02
   0.00000000       0.00000000       6.37502819E-02
   0.00000000       0.00000000       7.65003562E-02
   0.00000000       0.00000000       8.92504007E-02
   0.00000000       0.00000000      0.102000497    
   0.00000000       0.00000000      0.114750497    
   0.00000000       0.00000000      0.127500668    
   0.00000000       0.00000000      0.140250698    
   0.00000000       0.00000000      0.153000802    
   0.00000000       0.00000000      0.165750891    
   0.00000000       0.00000000      0.178500965    
   0.00000000       0.00000000      0.191250935    
   0.00000000       0.00000000      0.204001144    
   0.00000000       0.00000000      0.216751114    
   0.00000000       0.00000000      0.229501292    
   0.00000000       0.00000000      0.242251098    
   0.00000000       0.00000000      0.255001277    
   0.00000000       0.00000000      0.267751515    
   0.00000000       0.00000000      0.280501455    
   0.00000000       0.00000000      0.293251514    
   0.00000000       0.00000000      0.306001782    
   0.00000000       0.00000000      0.318751574    
   0.00000000       0.00000000      0.331501633    
   0.00000000       0.00000000      0.344251871    
   0.00000000       0.00000000      0.357001781    
   0.00000000       0.00000000      0.369751811    
   0.00000000       0.00000000      0.382501721    
   0.00000000       0.00000000      0.395252049    
   0.00000000       0.00000000      0.408002079    
   0.00000000       0.00000000      0.420752466    
   0.00000000       0.00000000      0.433502316    
   0.00000000       0.00000000      0.446252286    
   0.00000000       0.00000000      0.459002346    
   0.00000000       0.00000000      0.471752286    
   0.00000000       0.00000000      0.484501928    
   0.00000000       0.00000000      0.497252285    
   0.00000000       0.00000000      0.510001600    
   0.00000000       0.00000000      0.522751868    
   0.00000000       0.00000000      0.535501719    
   0.00000000       0.00000000      0.548252106    
   0.00000000       0.00000000      0.561002135    
   0.00000000       0.00000000      0.573752224    
   0.00000000       0.00000000      0.586502075    
   0.00000000       0.00000000      0.599252343    
   0.00000000       0.00000000      0.612002254    
   0.00000000       0.00000000      0.624752402    
   0.00000000       0.00000000      0.637502432    
   0.00000000       0.00000000      0.650252223    
   0.00000000       0.00000000      0.663001955    
   0.00000000       0.00000000      0.675751984    
   0.00000000       0.00000000      0.688502073    
   0.00000000       0.00000000      0.701252043    
   0.00000000       0.00000000      0.714001954    
   0.00000000       0.00000000      0.726751685    
   0.00000000       0.00000000      0.739501595    
   0.00000000       0.00000000      0.752251506    
   0.00000000       0.00000000      0.765001535    
   0.00000000       0.00000000      0.777751386    
   0.00000000       0.00000000      0.790501297    
   0.00000000       0.00000000      0.803251207    
   0.00000000       0.00000000      0.816000879    
   0.00000000       0.00000000      0.828750610    
   0.00000000       0.00000000      0.841500163    
   0.00000000       0.00000000      0.854263723    
   0.00000000       0.00000000      0.867062151    
   0.00000000       0.00000000      0.879642129    
   0.00000000       0.00000000      0.891857326    
   0.00000000       0.00000000      0.903675020    
   0.00000000       0.00000000      0.915084720    
   0.00000000       0.00000000      0.926082790    
   0.00000000       0.00000000      0.936667919    
   0.00000000       0.00000000      0.946909428    
   0.00000000       0.00000000      0.956738710    
   0.00000000       0.00000000      0.966087878    
   0.00000000       0.00000000      0.975026727    
   0.00000000       0.00000000      0.983556509    
   0.00000000       0.00000000      0.991678298    
   0.00000000       0.00000000      0.999392927    
   0.00000000       0.00000000       1.00670195    
   0.00000000       0.00000000       1.01360583    
   0.00000000       0.00000000       1.02010584    
   0.00000000       0.00000000       1.02620268    
   0.00000000       0.00000000       1.03189802    
   0.00000000       0.00000000       1.03719234    
   0.00000000       0.00000000       1.04208612    
   0.00000000       0.00000000       1.04658043    
   0.00000000       0.00000000       1.05067551    
   0.00000000       0.00000000       1.05437291    
   0.00000000       0.00000000       1.05767238    
   0.00000000       0.00000000       1.06057489    
   0.00000000       0.00000000       1.06308055    
   0.00000000       0.00000000       1.06532204    
   0.00000000       0.00000000       1.06710136    
   0.00000000       0.00000000       1.06841922    
   0.00000000       0.00000000       1.06934166    
   0.00000000       0.00000000       1.06986845    
   0.00000000       0.00000000       1.07006609    
   0.00000000       0.00000000       1.06980264    
   0.00000000       0.00000000       1.06914377    
   0.00000000       0.00000000       1.06815541    
   0.00000000       0.00000000       1.06677151    
   0.00000000       0.00000000       1.06499219    
   0.00000000       0.00000000       1.06275046    
   0.00000000       0.00000000       1.06011248    
   0.00000000       0.00000000       1.05714405    
   0.00000000       0.00000000       1.05371189    
   0.00000000       0.00000000       1.04988217    
   0.00000000       0.00000000       1.04572010    
   0.00000000       0.00000000       1.04109299    
   0.00000000       0.00000000       1.03606582    
   0.00000000       0.00000000       1.03063810    
   0.00000000       0.00000000       1.02480888    
   0.00000000       0.00000000       1.01857734    
   0.00000000       0.00000000       1.01194298    
   0.00000000       0.00000000       1.00490427    
   0.00000000       0.00000000      0.997527957    
   0.00000000       0.00000000      0.989745200    
   0.00000000       0.00000000      0.981487513    
   0.00000000       0.00000000      0.972821414    
   0.00000000       0.00000000      0.963745773    
   0.00000000       0.00000000      0.954328001    
   0.00000000       0.00000000      0.944498897    
   0.00000000       0.00000000      0.934188783    
   0.00000000       0.00000000      0.923534632    
   0.00000000       0.00000000      0.912468076    
   0.00000000       0.00000000      0.900922060    
   0.00000000       0.00000000      0.888970673    
   0.00000000       0.00000000      0.876629472    
   0.00000000       0.00000000      0.863957942    
   0.00000000       0.00000000      0.851140797    
   0.00000000       0.00000000      0.838390887    
   0.00000000       0.00000000      0.825641274    
   0.00000000       0.00000000      0.812891603    
   0.00000000       0.00000000      0.800142109    
   0.00000000       0.00000000      0.787392437    
   0.00000000       0.00000000      0.774642408    
   0.00000000       0.00000000      0.761892617    
   0.00000000       0.00000000      0.749142587    
   0.00000000       0.00000000      0.736392498    
   0.00000000       0.00000000      0.723642468    
   0.00000000       0.00000000      0.710892618    
   0.00000000       0.00000000      0.698142648    
   0.00000000       0.00000000      0.685392737    
   0.00000000       0.00000000      0.672642827    
   0.00000000       0.00000000      0.659892797    
   0.00000000       0.00000000      0.647142947    
   0.00000000       0.00000000      0.634392977    
   0.00000000       0.00000000      0.621643066    
   0.00000000       0.00000000      0.608893216    
   0.00000000       0.00000000      0.596143007    
   0.00000000       0.00000000      0.583392918    
   0.00000000       0.00000000      0.570642769    
   0.00000000       0.00000000      0.557892919    
   0.00000000       0.00000000      0.545142949    
   0.00000000       0.00000000      0.532392800    
   0.00000000       0.00000000      0.519642830    
   0.00000000       0.00000000      0.506892741    
   0.00000000       0.00000000      0.494142592    
   0.00000000       0.00000000      0.481392801    
   0.00000000       0.00000000      0.468642533    
   0.00000000       0.00000000      0.455892503    
   0.00000000       0.00000000      0.443142474    
   0.00000000       0.00000000      0.430392325    
   0.00000000       0.00000000      0.417642206    
   0.00000000       0.00000000      0.404892206    
   0.00000000       0.00000000      0.392142147    
   0.00000000       0.00000000      0.379391998    
   0.00000000       0.00000000      0.366641998    
   0.00000000       0.00000000      0.353891909    
   0.00000000       0.00000000      0.341141880    
   0.00000000       0.00000000      0.328391820    
   0.00000000       0.00000000      0.315641761    
   0.00000000       0.00000000      0.302891761    
   0.00000000       0.00000000      0.290141791    
   0.00000000       0.00000000      0.277391702    
   0.00000000       0.00000000      0.264641732    
   0.00000000       0.00000000      0.251891702    
   0.00000000       0.00000000      0.239141718    
   0.00000000       0.00000000      0.226391688    
   0.00000000       0.00000000      0.213641718    
   0.00000000       0.00000000      0.200891703    
   0.00000000       0.00000000      0.188141748    
   0.00000000       0.00000000      0.175391749    
   0.00000000       0.00000000      0.162641779    
   0.00000000       0.00000000      0.149891824    
   0.00000000       0.00000000      0.137141854    
   0.00000000       0.00000000      0.124391884    
   0.00000000       0.00000000      0.111641876    
   0.00000000       0.00000000       9.88918766E-02
   0.00000000       0.00000000       8.61418694E-02
   0.00000000       0.00000000       7.33918548E-02
   0.00000000       0.00000000       6.06418438E-02
   0.00000000       0.00000000       4.78918180E-02
   0.00000000       0.00000000       3.51417959E-02
   0.00000000       0.00000000       2.23917589E-02
   0.00000000       0.00000000       9.64172091E-03
   0.00000000       2.83336639E-03  -9.83313657E-04
