   0.00000000       0.00000000       0.00000000       1.00000000    
   0.00000000       0.00000000       4.06410982E-05   1.00000000    
   0.00000000       0.00000000       1.62564189E-04   1.00000000    
   0.00000000       0.00000000       3.65768734E-04  0.999999940    
   0.00000000       0.00000000       6.50254893E-04  0.999999821    
   0.00000000       0.00000000       1.01602217E-03  0.999999523    
   0.00000000       0.00000000       1.46307074E-03  0.999998987    
   0.00000000       0.00000000       1.99140050E-03  0.999998093    
   0.00000000       0.00000000       2.60101119E-03  0.999996722    
   0.00000000       0.00000000       3.29190190E-03  0.999994695    
   0.00000000       0.00000000       4.06407239E-03  0.999991834    
   0.00000000       0.00000000       4.91752103E-03  0.999988019    
   0.00000000       0.00000000       5.85224666E-03  0.999983013    
   0.00000000       0.00000000       6.86824741E-03  0.999976575    
   0.00000000       0.00000000       7.96552002E-03  0.999968410    
   0.00000000       0.00000000       9.14406125E-03  0.999958336    
   0.00000000       0.00000000       1.04038678E-02  0.999945998    
   0.00000000       0.00000000       1.17449332E-02  0.999931157    
   0.00000000       0.00000000       1.31672528E-02  0.999913454    
   0.00000000       0.00000000       1.46708172E-02  0.999892533    
   0.00000000       0.00000000       1.62556190E-02  0.999868035    
   0.00000000       0.00000000       1.79216508E-02  0.999839544    
   0.00000000       0.00000000       1.96688976E-02  0.999806702    
   0.00000000       0.00000000       2.14973483E-02  0.999769032    
   0.00000000       0.00000000       2.34069861E-02  0.999726117    
   0.00000000       0.00000000       2.53977943E-02  0.999677539    
   0.00000000       0.00000000       2.74697524E-02  0.999622762    
   0.00000000       0.00000000       2.96228379E-02  0.999561250    
   0.00000000       0.00000000       3.18570286E-02  0.999492526    
   0.00000000       0.00000000       3.41722928E-02  0.999416053    
   0.00000000       0.00000000       3.65686007E-02  0.999331236    
   0.00000000       0.00000000       3.90459187E-02  0.999237537    
   0.00000000       0.00000000       4.16042097E-02  0.999134302    
   0.00000000       0.00000000       4.42434289E-02  0.999020934    
   0.00000000       0.00000000       4.69635315E-02  0.998896778    
   0.00000000       0.00000000       4.97644693E-02  0.998761177    
   0.00000000       0.00000000       5.26461825E-02  0.998613417    
   0.00000000       0.00000000       5.56086153E-02  0.998452842    
   0.00000000       0.00000000       5.86516969E-02  0.998278677    
   0.00000000       0.00000000       6.17753603E-02  0.998090267    
   0.00000000       0.00000000       6.49795234E-02  0.997886777    
   0.00000000       0.00000000       6.82641119E-02  0.997667491    
   0.00000000       0.00000000       7.16290325E-02  0.997431576    
   0.00000000       0.00000000       7.50741884E-02  0.997178197    
   0.00000000       0.00000000       7.85994828E-02  0.996906519    
   0.00000000       0.00000000       8.22048038E-02  0.996615708    
   0.00000000       0.00000000       8.58900249E-02  0.996304870    
   0.00000000       0.00000000       8.96550268E-02  0.995973110    
   0.00000000       0.00000000       9.34996754E-02  0.995619535    
   0.00000000       0.00000000       9.74238217E-02  0.995243192    
   0.00000000       0.00000000      0.101427324      0.994843185    
   0.00000000       0.00000000      0.105510011      0.994418502    
   0.00000000       0.00000000      0.109671712      0.993968129    
   0.00000000       0.00000000      0.113912240      0.993491054    
   0.00000000       0.00000000      0.118231401      0.992986321    
   0.00000000       0.00000000      0.122629002      0.992452860    
   0.00000000       0.00000000      0.127104819      0.991889596    
   0.00000000       0.00000000      0.131658614      0.991295397    
   0.00000000       0.00000000      0.136290163      0.990669250    
   0.00000000       0.00000000      0.140999198      0.990010023    
   0.00000000       0.00000000      0.145785466      0.989316523    
   0.00000000       0.00000000      0.150648668      0.988587677    
   0.00000000       0.00000000      0.155588523      0.987822294    
   0.00000000       0.00000000      0.160604715      0.987019122    
   0.00000000       0.00000000      0.165696919      0.986177027    
   0.00000000       0.00000000      0.170864791      0.985294759    
   0.00000000       0.00000000      0.176107973      0.984371126    
   0.00000000       0.00000000      0.181426108      0.983404875    
   0.00000000       0.00000000      0.186819121      0.982394636    
   0.00000000       0.00000000      0.192285985      0.981339216    
   0.00000000       0.00000000      0.197824374      0.980237782    
   0.00000000       0.00000000      0.203431472      0.979089499    
   0.00000000       0.00000000      0.209104314      0.977893651    
   0.00000000       0.00000000      0.214839876      0.976649582    
   0.00000000       0.00000000      0.220635146      0.975356698    
   0.00000000       0.00000000      0.226487085      0.974014461    
   0.00000000       0.00000000      0.232393503      0.972622156    
   0.00000000       0.00000000      0.238350525      0.971179485    
   0.00000000       0.00000000      0.244355112      0.969686091    
   0.00000000       0.00000000      0.250404269      0.968141615    
   0.00000000       0.00000000      0.256494939      0.966545820    
   0.00000000       0.00000000      0.262624174      0.964898467    
   0.00000000       0.00000000      0.268788934      0.963199377    
   0.00000000       0.00000000      0.274986267      0.961448431    
   0.00000000       0.00000000      0.281213194      0.959645569    
   0.00000000       0.00000000      0.287466764      0.957790852    
   0.00000000       0.00000000      0.293744028      0.955884337    
   0.00000000       0.00000000      0.300042063      0.953926206    
   0.00000000       0.00000000      0.306357980      0.951916635    
   0.00000000       0.00000000      0.312688857      0.949855864    
   0.00000000       0.00000000      0.319031805      0.947744250    
   0.00000000       0.00000000      0.325383991      0.945582211    
   0.00000000       0.00000000      0.331742555      0.943370223    
   0.00000000       0.00000000      0.338104695      0.941108763    
   0.00000000       0.00000000      0.344467610      0.938798487    
   0.00000000       0.00000000      0.350828916      0.936439872    
   0.00000000       0.00000000      0.357186228      0.934033513    
   0.00000000       0.00000000      0.363536030      0.931580484    
   0.00000000       0.00000000      0.369875640      0.929081619    
   0.00000000       0.00000000      0.376202345      0.926537871    
   0.00000000       0.00000000      0.382513881      0.923950076    
   0.00000000       0.00000000      0.388807237      0.921319485    
   0.00000000       0.00000000      0.395079792      0.918647170    
   0.00000000       0.00000000      0.401329368      0.915934145    
   0.00000000       0.00000000      0.407553017      0.913181901    
   0.00000000       0.00000000      0.413749009      0.910391331    
   0.00000000       0.00000000      0.419914067      0.907564223    
   0.00000000       0.00000000      0.426045746      0.904701948    
   0.00000000       0.00000000      0.432141989      0.901805878    
   0.00000000       0.00000000      0.438200027      0.898877800    
   0.00000000       0.00000000      0.444217473      0.895919323    
   0.00000000       0.00000000      0.450192392      0.892931938    
   0.00000000       0.00000000      0.456122100      0.889917552    
   0.00000000       0.00000000      0.462004334      0.886878014    
   0.00000000       0.00000000      0.467836857      0.883815169    
   0.00000000       0.00000000      0.473617494      0.880730987    
   0.00000000       0.00000000      0.479344040      0.877627432    
   0.00000000       0.00000000      0.485014409      0.874506533    
   0.00000000       0.00000000      0.490626484      0.871370375    
   0.00000000       0.00000000      0.496178180      0.868221104    
   0.00000000       0.00000000      0.501668274      0.865060508    
   0.00000000       0.00000000      0.507093966      0.861891210    
   0.00000000       0.00000000      0.512453318      0.858715534    
   0.00000000       0.00000000      0.517744422      0.855535805    
   0.00000000       0.00000000      0.522965312      0.852354407    
   0.00000000       0.00000000      0.528114974      0.849173307    
   0.00000000       0.00000000      0.533190787      0.845995486    
   0.00000000       0.00000000      0.538190961      0.842823386    
   0.00000000       0.00000000      0.543114483      0.839659095    
   0.00000000       0.00000000      0.547958970      0.836505651    
   0.00000000       0.00000000      0.552722692      0.833365679    
   0.00000000       0.00000000      0.557404101      0.830241740    
   0.00000000       0.00000000      0.562001884      0.827136397    
   0.00000000       0.00000000      0.566515267      0.824051678    
   0.00000000       0.00000000      0.570944846      0.820988834    
   0.00000000       0.00000000      0.575291395      0.817948937    
   0.00000000       0.00000000      0.579555511      0.814933121    
   0.00000000       0.00000000      0.583737850      0.811942577    
   0.00000000       0.00000000      0.587839007      0.808978319    
   0.00000000       0.00000000      0.591859579      0.806041479    
   0.00000000       0.00000000      0.595800221      0.803133070    
   0.00000000       0.00000000      0.599661529      0.800254166    
   0.00000000       0.00000000      0.603444099      0.797405720    
   0.00000000       0.00000000      0.607148588      0.794588745    
   0.00000000       0.00000000      0.610775530      0.791804194    
   0.00000000       0.00000000      0.614325583      0.789053023    
   0.00000000       0.00000000      0.617799342      0.786336184    
   0.00000000       0.00000000      0.621197402      0.783654511    
   0.00000000       0.00000000      0.624520302      0.781008959    
   0.00000000       0.00000000      0.627768695      0.778400302    
   0.00000000       0.00000000      0.630943120      0.775829434    
   0.00000000       0.00000000      0.634044170      0.773297191    
   0.00000000       0.00000000      0.637072444      0.770804286    
   0.00000000       0.00000000      0.640028417      0.768351555    
   0.00000000       0.00000000      0.642912686      0.765939772    
   0.00000000       0.00000000      0.645725846      0.763569653    
   0.00000000       0.00000000      0.648468375      0.761241913    
   0.00000000       0.00000000      0.651140809      0.758957267    
   0.00000000       0.00000000      0.653743684      0.756716371    
   0.00000000       0.00000000      0.656277537      0.754519880    
   0.00000000       0.00000000      0.658742845      0.752368450    
   0.00000000       0.00000000      0.661140144      0.750262678    
   0.00000000       0.00000000      0.663469911      0.748203218    
   0.00000000       0.00000000      0.665732622      0.746190667    
   0.00000000       0.00000000      0.667928696      0.744225562    
   0.00000000       0.00000000      0.670058668      0.742308438    
   0.00000000       0.00000000      0.672122955      0.740439832    
   0.00000000       0.00000000      0.674121976      0.738620281    
   0.00000000       0.00000000      0.676056206      0.736850321    
   0.00000000       0.00000000      0.677926004      0.735130370    
   0.00000000       0.00000000      0.679731846      0.733460963    
   0.00000000       0.00000000      0.681474090      0.731842518    
   0.00000000       0.00000000      0.683153093      0.730275452    
   0.00000000       0.00000000      0.684769273      0.728760183    
   0.00000000       0.00000000      0.686322987      0.727297127    
   0.00000000       0.00000000      0.687814593      0.725886703    
   0.00000000       0.00000000      0.689244390      0.724529207    
   0.00000000       0.00000000      0.690612733      0.723225057    
   0.00000000       0.00000000      0.691919923      0.721974552    
   0.00000000       0.00000000      0.693166256      0.720778048    
   0.00000000       0.00000000      0.694352031      0.719635785    
   0.00000000       0.00000000      0.695477545      0.718548119    
   0.00000000       0.00000000      0.696543038      0.717515290    
   0.00000000       0.00000000      0.697548747      0.716537595    
   0.00000000       0.00000000      0.698494911      0.715615273    
   0.00000000       0.00000000      0.699381769      0.714748561    
   0.00000000       0.00000000      0.700209498      0.713937640    
   0.00000000       0.00000000      0.700978339      0.713182747    
   0.00000000       0.00000000      0.701688468      0.712484062    
   0.00000000       0.00000000      0.702340066      0.711841762    
   0.00000000       0.00000000      0.702933252      0.711256027    
   0.00000000       0.00000000      0.703468144      0.710726976    
   0.00000000       0.00000000      0.703944921      0.710254729    
   0.00000000       0.00000000      0.704363704      0.709839404    
   0.00000000       0.00000000      0.704724550      0.709481120    
   0.00000000       0.00000000      0.705027580      0.709179997    
   0.00000000       0.00000000      0.705272853      0.708936036    
   0.00000000       0.00000000      0.705460489      0.708749354    
   0.00000000       0.00000000      0.705590427      0.708619952    
   0.00000000       0.00000000      0.705662787      0.708547890    
   0.00000000       0.00000000      0.705677569      0.708533168    
