   0.00000000       0.00000000       0.00000000    
   8.12821963E-05   0.00000000       0.00000000    
   3.25128407E-04   0.00000000       0.00000000    
   7.31537468E-04   0.00000000       0.00000000    
   1.30050990E-03   0.00000000       0.00000000    
   2.03204481E-03   0.00000000       0.00000000    
   2.92614265E-03   0.00000000       0.00000000    
   3.98280425E-03   0.00000000       0.00000000    
   5.20202843E-03   0.00000000       0.00000000    
   6.58381684E-03   0.00000000       0.00000000    
   8.12816806E-03   0.00000000       0.00000000    
   9.83508117E-03   0.00000000       0.00000000    
   1.17045622E-02   0.00000000       0.00000000    
   1.37366047E-02   0.00000000       0.00000000    
   1.59312095E-02   0.00000000       0.00000000    
   1.82883795E-02   0.00000000       0.00000000    
   2.08081137E-02   0.00000000       0.00000000    
   2.34904103E-02   0.00000000       0.00000000    
   2.63352692E-02   0.00000000       0.00000000    
   2.93426905E-02   0.00000000       0.00000000    
   3.25126722E-02   0.00000000       0.00000000    
   3.58452275E-02   0.00000000       0.00000000    
   3.93403396E-02   0.00000000       0.00000000    
   4.29980159E-02   0.00000000       0.00000000    
   4.68182489E-02   0.00000000       0.00000000    
   5.08010574E-02   0.00000000       0.00000000    
   5.49464263E-02   0.00000000       0.00000000    
   5.92543483E-02   0.00000000       0.00000000    
   6.37248456E-02   0.00000000       0.00000000    
   6.83578998E-02   0.00000000       0.00000000    
   7.31535181E-02   0.00000000       0.00000000    
   7.81117007E-02   0.00000000       0.00000000    
   8.32324550E-02   0.00000000       0.00000000    
   8.85157660E-02   0.00000000       0.00000000    
   9.39616412E-02   0.00000000       0.00000000    
   9.95700806E-02   0.00000000       0.00000000    
  0.105341084       0.00000000       0.00000000    
  0.111274652       0.00000000       0.00000000    
  0.117370769       0.00000000       0.00000000    
  0.123629451       0.00000000       0.00000000    
  0.130050704       0.00000000       0.00000000    
  0.136634514       0.00000000       0.00000000    
  0.143380880       0.00000000       0.00000000    
  0.150289819       0.00000000       0.00000000    
  0.157361314       0.00000000       0.00000000    
  0.164595380       0.00000000       0.00000000    
  0.171992004       0.00000000       0.00000000    
  0.179551184       0.00000000       0.00000000    
  0.187272921       0.00000000       0.00000000    
  0.195157245       0.00000000       0.00000000    
  0.203204125       0.00000000       0.00000000    
  0.211413592       0.00000000       0.00000000    
  0.219785601       0.00000000       0.00000000    
  0.228320122       0.00000000       0.00000000    
  0.237017274       0.00000000       0.00000000    
  0.245876968       0.00000000       0.00000000    
  0.254899204       0.00000000       0.00000000    
  0.264084011       0.00000000       0.00000000    
  0.273431391       0.00000000       0.00000000    
  0.282941312       0.00000000       0.00000000    
  0.292613834       0.00000000       0.00000000    
  0.302448899       0.00000000       0.00000000    
  0.312446505       0.00000000       0.00000000    
  0.322606653       0.00000000       0.00000000    
  0.332929403       0.00000000       0.00000000    
  0.343414694       0.00000000       0.00000000    
  0.354062527       0.00000000       0.00000000    
  0.364872962       0.00000000       0.00000000    
  0.375846624       0.00000000       0.00000000    
  0.386982203       0.00000000       0.00000000    
  0.398275971       0.00000000       0.00000000    
  0.409722954       0.00000000       0.00000000    
  0.421317995       0.00000000       0.00000000    
  0.433055878       0.00000000       0.00000000    
  0.444931328       0.00000000       0.00000000    
  0.456939161       0.00000000       0.00000000    
  0.469075829       0.00000000       0.00000000    
  0.481334269       0.00000000       0.00000000    
  0.493709296       0.00000000       0.00000000    
  0.506195724       0.00000000       0.00000000    
  0.518788218       0.00000000       0.00000000    
  0.531481802       0.00000000       0.00000000    
  0.544271052       0.00000000       0.00000000    
  0.557150960       0.00000000       0.00000000    
  0.570116282       0.00000000       0.00000000    
  0.583161950       0.00000000       0.00000000    
  0.596282721       0.00000000       0.00000000    
  0.609473586       0.00000000       0.00000000    
  0.622729480       0.00000000       0.00000000    
  0.636045218       0.00000000       0.00000000    
  0.649415612       0.00000000       0.00000000    
  0.662835717       0.00000000       0.00000000    
  0.676300406       0.00000000       0.00000000    
  0.689804673       0.00000000       0.00000000    
  0.703343451       0.00000000       0.00000000    
  0.716912448       0.00000000       0.00000000    
  0.730507493       0.00000000       0.00000000    
  0.744121850       0.00000000       0.00000000    
  0.757750511       0.00000000       0.00000000    
  0.771388412       0.00000000       0.00000000    
  0.785031319       0.00000000       0.00000000    
  0.798673451       0.00000000       0.00000000    
  0.812309623       0.00000000       0.00000000    
  0.825935721       0.00000000       0.00000000    
  0.839545846       0.00000000       0.00000000    
  0.853136718       0.00000000       0.00000000    
  0.866701484       0.00000000       0.00000000    
  0.880235136       0.00000000       0.00000000    
  0.893733501       0.00000000       0.00000000    
  0.907190621       0.00000000       0.00000000    
  0.920601428       0.00000000       0.00000000    
  0.933961749       0.00000000       0.00000000    
  0.947265625       0.00000000       0.00000000    
  0.960507870       0.00000000       0.00000000    
  0.973683536       0.00000000       0.00000000    
  0.986787438       0.00000000       0.00000000    
  0.999814451       0.00000000       0.00000000    
   1.01275945       0.00000000       0.00000000    
   1.02561736       0.00000000       0.00000000    
   1.03838277       0.00000000       0.00000000    
   1.05105257       0.00000000       0.00000000    
   1.06361973       0.00000000       0.00000000    
   1.07607889       0.00000000       0.00000000    
   1.08842504       0.00000000       0.00000000    
   1.10065269       0.00000000       0.00000000    
   1.11275864       0.00000000       0.00000000    
   1.12473571       0.00000000       0.00000000    
   1.13657868       0.00000000       0.00000000    
   1.14828408       0.00000000       0.00000000    
   1.15984488       0.00000000       0.00000000    
   1.17125583       0.00000000       0.00000000    
   1.18251181       0.00000000       0.00000000    
   1.19360828       0.00000000       0.00000000    
   1.20454192       0.00000000       0.00000000    
   1.21531272       0.00000000       0.00000000    
   1.22592092       0.00000000       0.00000000    
   1.23636651       0.00000000       0.00000000    
   1.24664962       0.00000000       0.00000000    
   1.25677013       0.00000000       0.00000000    
   1.26672792       0.00000000       0.00000000    
   1.27652347       0.00000000       0.00000000    
   1.28615630       0.00000000       0.00000000    
   1.29562664       0.00000000       0.00000000    
   1.30493426       0.00000000       0.00000000    
   1.31407952       0.00000000       0.00000000    
   1.32306206       0.00000000       0.00000000    
   1.33188212       0.00000000       0.00000000    
   1.34053969       0.00000000       0.00000000    
   1.34903443       0.00000000       0.00000000    
   1.35736680       0.00000000       0.00000000    
   1.36553657       0.00000000       0.00000000    
   1.37354374       0.00000000       0.00000000    
   1.38138855       0.00000000       0.00000000    
   1.38907063       0.00000000       0.00000000    
   1.39658999       0.00000000       0.00000000    
   1.40394711       0.00000000       0.00000000    
   1.41114151       0.00000000       0.00000000    
   1.41817319       0.00000000       0.00000000    
   1.42504251       0.00000000       0.00000000    
   1.43174922       0.00000000       0.00000000    
   1.43829322       0.00000000       0.00000000    
   1.44467485       0.00000000       0.00000000    
   1.45089388       0.00000000       0.00000000    
   1.45695043       0.00000000       0.00000000    
   1.46284437       0.00000000       0.00000000    
   1.46857572       0.00000000       0.00000000    
   1.47414446       0.00000000       0.00000000    
   1.47955072       0.00000000       0.00000000    
   1.48479438       0.00000000       0.00000000    
   1.48987544       0.00000000       0.00000000    
   1.49479401       0.00000000       0.00000000    
   1.49954998       0.00000000       0.00000000    
   1.50414324       0.00000000       0.00000000    
   1.50857413       0.00000000       0.00000000    
   1.51284242       0.00000000       0.00000000    
   1.51694822       0.00000000       0.00000000    
   1.52089131       0.00000000       0.00000000    
   1.52467191       0.00000000       0.00000000    
   1.52828991       0.00000000       0.00000000    
   1.53174531       0.00000000       0.00000000    
   1.53503823       0.00000000       0.00000000    
   1.53816855       0.00000000       0.00000000    
   1.54113638       0.00000000       0.00000000    
   1.54394162       0.00000000       0.00000000    
   1.54658425       0.00000000       0.00000000    
   1.54906428       0.00000000       0.00000000    
   1.55138183       0.00000000       0.00000000    
   1.55353665       0.00000000       0.00000000    
   1.55552912       0.00000000       0.00000000    
   1.55735910       0.00000000       0.00000000    
   1.55902636       0.00000000       0.00000000    
   1.56053102       0.00000000       0.00000000    
   1.56187308       0.00000000       0.00000000    
   1.56305265       0.00000000       0.00000000    
   1.56406963       0.00000000       0.00000000    
   1.56492400       0.00000000       0.00000000    
   1.56561589       0.00000000       0.00000000    
   1.56614530       0.00000000       0.00000000    
   1.56651199       0.00000000       0.00000000    
   1.56671631       0.00000000       0.00000000    
   1.56675804       0.00000000       0.00000000    
