   1.00000000    
   1.00000024    
   1.00000238    
   1.00000060    
  0.999997079    
  0.999998033    
  0.999999404    
  0.999999464    
   1.00000072    
   1.00000036    
   1.00000024    
   1.00000036    
   1.00000000    
   1.00000072    
   1.00000060    
   1.00000072    
   1.00000083    
   1.00000107    
   1.00000083    
   1.00000107    
   1.00000131    
   1.00000131    
   1.00000143    
   1.00000167    
   1.00000167    
   1.00000167    
   1.00000155    
   1.00000131    
   1.00000167    
   1.00000191    
   1.00000215    
   1.00000155    
   1.00000215    
   1.00000155    
   1.00000167    
   1.00000179    
   1.00000238    
   1.00000215    
   1.00000286    
   1.00000346    
   1.00000262    
   1.00000310    
   1.00000429    
   1.00000334    
   1.00000393    
   1.00000429    
   1.00000358    
   1.00000405    
   1.00000441    
   1.00000477    
   1.00000453    
   1.00000417    
   1.00000477    
   1.00000548    
   1.00000548    
   1.00000596    
   1.00000584    
   1.00000572    
   1.00000668    
   1.00000656    
   1.00000715    
   1.00000668    
   1.00000763    
   1.00000656    
   1.00000799    
   1.00000739    
   1.00000739    
   1.00000787    
   1.00000834    
   1.00000834    
   1.00000858    
   1.00000858    
   1.00000894    
   1.00000930    
   1.00000894    
   1.00000918    
   1.00000942    
   1.00000989    
   1.00000978    
   1.00000942    
   1.00000978    
   1.00000942    
   1.00001001    
   1.00000882    
   1.00000870    
   1.00000918    
   1.00000894    
   1.00000834    
   1.00000834    
   1.00000846    
   1.00000906    
   1.00000870    
   1.00000787    
   1.00000763    
   1.00000787    
   1.00000775    
   1.00000751    
   1.00000691    
   1.00000703    
   1.00000679    
   1.00000656    
   1.00000620    
   1.00000620    
   1.00000596    
   1.00000608    
   1.00000596    
   1.00000584    
   1.00000572    
   1.00000572    
   1.00000525    
   1.00000536    
   1.00000525    
   1.00000513    
   1.00000489    
   1.00000501    
   1.00000489    
   1.00000477    
   1.00000465    
   1.00000465    
   1.00000453    
   1.00000429    
   1.00000429    
   1.00000429    
   1.00000429    
   1.00000405    
   1.00000429    
   1.00000405    
   1.00000381    
   1.00000393    
   1.00000381    
   1.00000370    
   1.00000358    
   1.00000358    
   1.00000346    
   1.00000334    
   1.00000346    
   1.00000310    
   1.00000334    
   1.00000322    
   1.00000310    
   1.00000262    
   1.00000298    
   1.00000274    
   1.00000286    
   1.00000298    
   1.00000286    
   1.00000250    
   1.00000298    
   1.00000238    
   1.00000262    
   1.00000238    
   1.00000286    
   1.00000215    
   1.00000203    
   1.00000215    
   1.00000215    
   1.00000191    
   1.00000167    
   1.00000155    
   1.00000191    
   1.00000179    
   1.00000179    
   1.00000167    
   1.00000107    
   1.00000107    
   1.00000107    
   1.00000083    
   1.00000083    
   1.00000119    
   1.00000095    
   1.00000048    
   1.00000036    
   1.00000048    
   1.00000072    
   1.00000036    
   1.00000060    
   1.00000048    
   1.00000048    
   1.00000024    
   1.00000012    
   1.00000048    
   1.00000012    
   1.00000000    
   1.00000036    
   1.00000024    
   1.00000036    
   1.00000024    
   1.00000000    
   1.00000024    
   1.00000000    
   1.00000000    
   1.00000000    
  0.999999881    
   1.00000024    
   1.00000012    
   1.00000024    
   1.00000000    
   1.00000012    
   1.00000012    
   1.00000000    
   1.00000000    
