   0.00000000       0.00000000       0.00000000       1.00000000    
   0.00000000       0.00000000       4.06253457E-05   1.00000012    
   0.00000000       0.00000000       1.62573328E-04   1.00000119    
   0.00000000       0.00000000       3.65865882E-04   1.00000024    
   0.00000000       0.00000000       6.50325208E-04  0.999998331    
   0.00000000       0.00000000       1.01609330E-03  0.999998510    
   0.00000000       0.00000000       1.46331755E-03  0.999998629    
   0.00000000       0.00000000       1.99177628E-03  0.999997735    
   0.00000000       0.00000000       2.60137790E-03  0.999996960    
   0.00000000       0.00000000       3.29237874E-03  0.999994755    
   0.00000000       0.00000000       4.06467030E-03  0.999991834    
   0.00000000       0.00000000       4.91818320E-03  0.999988079    
   0.00000000       0.00000000       5.85290371E-03  0.999982893    
   0.00000000       0.00000000       6.86890772E-03  0.999976754    
   0.00000000       0.00000000       7.96630513E-03  0.999968588    
   0.00000000       0.00000000       9.14498512E-03  0.999958515    
   0.00000000       0.00000000       1.04048047E-02  0.999946296    
   0.00000000       0.00000000       1.17459912E-02  0.999931574    
   0.00000000       0.00000000       1.31684029E-02  0.999913692    
   0.00000000       0.00000000       1.46720763E-02  0.999892890    
   0.00000000       0.00000000       1.62567329E-02  0.999868512    
   0.00000000       0.00000000       1.79228652E-02  0.999840021    
   0.00000000       0.00000000       1.96702704E-02  0.999807239    
   0.00000000       0.00000000       2.14988086E-02  0.999769688    
   0.00000000       0.00000000       2.34085526E-02  0.999726832    
   0.00000000       0.00000000       2.53994185E-02  0.999678195    
   0.00000000       0.00000000       2.74715498E-02  0.999623358    
   0.00000000       0.00000000       2.96245646E-02  0.999561787    
   0.00000000       0.00000000       3.18588242E-02  0.999493241    
   0.00000000       0.00000000       3.41741182E-02  0.999416828    
   0.00000000       0.00000000       3.65704149E-02  0.999332190    
   0.00000000       0.00000000       3.90478969E-02  0.999238133    
   0.00000000       0.00000000       4.16062288E-02  0.999135137    
   0.00000000       0.00000000       4.42454889E-02  0.999021471    
   0.00000000       0.00000000       4.69656661E-02  0.998897374    
   0.00000000       0.00000000       4.97666039E-02  0.998761773    
   0.00000000       0.00000000       5.26483543E-02  0.998614311    
   0.00000000       0.00000000       5.56107871E-02  0.998453617    
   0.00000000       0.00000000       5.86538389E-02  0.998279810    
   0.00000000       0.00000000       6.17775619E-02  0.998091698    
   0.00000000       0.00000000       6.49817213E-02  0.997887790    
   0.00000000       0.00000000       6.82663843E-02  0.997668684    
   0.00000000       0.00000000       7.16313273E-02  0.997433305    
   0.00000000       0.00000000       7.50764385E-02  0.997179449    
   0.00000000       0.00000000       7.86017105E-02  0.996908069    
   0.00000000       0.00000000       8.22070464E-02  0.996617436    
   0.00000000       0.00000000       8.58922526E-02  0.996306241    
   0.00000000       0.00000000       8.96572545E-02  0.995974720    
   0.00000000       0.00000000       9.35019329E-02  0.995621324    
   0.00000000       0.00000000       9.74260196E-02  0.995245159    
   0.00000000       0.00000000      0.101429485      0.994845033    
   0.00000000       0.00000000      0.105512224      0.994420111    
   0.00000000       0.00000000      0.109673850      0.993970037    
   0.00000000       0.00000000      0.113914341      0.993493319    
   0.00000000       0.00000000      0.118233584      0.992988586    
   0.00000000       0.00000000      0.122631118      0.992455304    
   0.00000000       0.00000000      0.127106860      0.991891980    
   0.00000000       0.00000000      0.131660610      0.991297722    
   0.00000000       0.00000000      0.136292055      0.990672052    
   0.00000000       0.00000000      0.141001076      0.990012765    
   0.00000000       0.00000000      0.145787239      0.989319563    
   0.00000000       0.00000000      0.150650352      0.988590479    
   0.00000000       0.00000000      0.155590236      0.987825513    
   0.00000000       0.00000000      0.160606310      0.987021863    
   0.00000000       0.00000000      0.165698424      0.986180544    
   0.00000000       0.00000000      0.170866191      0.985297978    
   0.00000000       0.00000000      0.176109388      0.984374344    
   0.00000000       0.00000000      0.181427374      0.983408332    
   0.00000000       0.00000000      0.186820209      0.982398391    
   0.00000000       0.00000000      0.192287087      0.981342971    
   0.00000000       0.00000000      0.197825879      0.980241537    
   0.00000000       0.00000000      0.203433797      0.979093075    
   0.00000000       0.00000000      0.209107846      0.977897167    
   0.00000000       0.00000000      0.214845031      0.976652920    
   0.00000000       0.00000000      0.220642298      0.975359380    
   0.00000000       0.00000000      0.226496682      0.974016666    
   0.00000000       0.00000000      0.232405022      0.972623944    
   0.00000000       0.00000000      0.238364592      0.971180856    
   0.00000000       0.00000000      0.244372040      0.969686568    
   0.00000000       0.00000000      0.250424534      0.968140960    
   0.00000000       0.00000000      0.256518781      0.966544271    
   0.00000000       0.00000000      0.262652099      0.964895487    
   0.00000000       0.00000000      0.268821329      0.963195264    
   0.00000000       0.00000000      0.275023520      0.961442113    
   0.00000000       0.00000000      0.281255782      0.959637403    
   0.00000000       0.00000000      0.287515074      0.957780898    
   0.00000000       0.00000000      0.293798327      0.955872118    
   0.00000000       0.00000000      0.300102651      0.953911304    
   0.00000000       0.00000000      0.306425422      0.951899052    
   0.00000000       0.00000000      0.312763602      0.949835420    
   0.00000000       0.00000000      0.319114029      0.947721124    
   0.00000000       0.00000000      0.325474143      0.945555568    
   0.00000000       0.00000000      0.331840843      0.943339527    
   0.00000000       0.00000000      0.338211507      0.941074193    
   0.00000000       0.00000000      0.344583362      0.938759923    
   0.00000000       0.00000000      0.350953639      0.936396956    
   0.00000000       0.00000000      0.357319325      0.933986306    
   0.00000000       0.00000000      0.363677919      0.931528509    
   0.00000000       0.00000000      0.370026499      0.929024994    
   0.00000000       0.00000000      0.376362681      0.926476061    
   0.00000000       0.00000000      0.382683545      0.923883021    
   0.00000000       0.00000000      0.388986528      0.921246827    
   0.00000000       0.00000000      0.395269215      0.918568671    
   0.00000000       0.00000000      0.401528746      0.915849686    
   0.00000000       0.00000000      0.407762676      0.913091242    
   0.00000000       0.00000000      0.413968414      0.910294473    
   0.00000000       0.00000000      0.420143694      0.907460809    
   0.00000000       0.00000000      0.426285952      0.904591620    
   0.00000000       0.00000000      0.432392567      0.901688635    
   0.00000000       0.00000000      0.438461095      0.898753107    
   0.00000000       0.00000000      0.444489479      0.895787060    
   0.00000000       0.00000000      0.450475246      0.892791867    
   0.00000000       0.00000000      0.456416100      0.889769375    
   0.00000000       0.00000000      0.462310016      0.886721134    
   0.00000000       0.00000000      0.468154162      0.883649647    
   0.00000000       0.00000000      0.473946810      0.880556285    
   0.00000000       0.00000000      0.479685724      0.877443075    
   0.00000000       0.00000000      0.485368550      0.874312341    
   0.00000000       0.00000000      0.490993530      0.871165872    
   0.00000000       0.00000000      0.496558219      0.868005991    
   0.00000000       0.00000000      0.502060771      0.864834845    
   0.00000000       0.00000000      0.507499516      0.861654520    
   0.00000000       0.00000000      0.512872100      0.858467519    
   0.00000000       0.00000000      0.518176794      0.855276048    
   0.00000000       0.00000000      0.523411155      0.852082610    
   0.00000000       0.00000000      0.528574347      0.848889530    
   0.00000000       0.00000000      0.533663452      0.845699310    
   0.00000000       0.00000000      0.538677275      0.842514455    
   0.00000000       0.00000000      0.543614209      0.839337528    
   0.00000000       0.00000000      0.548472226      0.836171091    
   0.00000000       0.00000000      0.553249657      0.833017707    
   0.00000000       0.00000000      0.557945073      0.829880059    
   0.00000000       0.00000000      0.562557101      0.826760590    
   0.00000000       0.00000000      0.567084670      0.823661566    
   0.00000000       0.00000000      0.571528375      0.820584357    
   0.00000000       0.00000000      0.575889111      0.817529917    
   0.00000000       0.00000000      0.580166936      0.814499497    
   0.00000000       0.00000000      0.584363282      0.811494231    
   0.00000000       0.00000000      0.588478029      0.808515191    
   0.00000000       0.00000000      0.592512250      0.805563390    
   0.00000000       0.00000000      0.596466124      0.802639902    
   0.00000000       0.00000000      0.600341201      0.799745858    
   0.00000000       0.00000000      0.604136944      0.796882212    
   0.00000000       0.00000000      0.607854784      0.794050038    
   0.00000000       0.00000000      0.611495137      0.791250050    
   0.00000000       0.00000000      0.615058243      0.788483500    
   0.00000000       0.00000000      0.618544817      0.785751104    
   0.00000000       0.00000000      0.621956050      0.783054054    
   0.00000000       0.00000000      0.625291765      0.780392647    
   0.00000000       0.00000000      0.628553092      0.777768373    
   0.00000000       0.00000000      0.631740153      0.775181770    
   0.00000000       0.00000000      0.634854198      0.772633851    
   0.00000000       0.00000000      0.637895107      0.770124674    
   0.00000000       0.00000000      0.640863538      0.767656147    
   0.00000000       0.00000000      0.643760502      0.765228450    
   0.00000000       0.00000000      0.646586061      0.762842417    
   0.00000000       0.00000000      0.649341047      0.760498643    
   0.00000000       0.00000000      0.652025819      0.758197844    
   0.00000000       0.00000000      0.654641092      0.755940855    
   0.00000000       0.00000000      0.657187521      0.753728330    
   0.00000000       0.00000000      0.659665227      0.751560748    
   0.00000000       0.00000000      0.662074804      0.749438941    
   0.00000000       0.00000000      0.664416909      0.747363269    
   0.00000000       0.00000000      0.666691542      0.745334446    
   0.00000000       0.00000000      0.668900013      0.743353128    
   0.00000000       0.00000000      0.671042085      0.741419971    
   0.00000000       0.00000000      0.673118472      0.739535213    
   0.00000000       0.00000000      0.675129712      0.737699628    
   0.00000000       0.00000000      0.677076399      0.735913575    
   0.00000000       0.00000000      0.678958237      0.734177589    
   0.00000000       0.00000000      0.680776119      0.732491910    
   0.00000000       0.00000000      0.682530582      0.730857253    
   0.00000000       0.00000000      0.684221864      0.729274213    
   0.00000000       0.00000000      0.685850382      0.727743030    
   0.00000000       0.00000000      0.687416315      0.726263821    
   0.00000000       0.00000000      0.688920259      0.724837542    
   0.00000000       0.00000000      0.690362155      0.723464251    
   0.00000000       0.00000000      0.691742897      0.722144186    
   0.00000000       0.00000000      0.693062425      0.720877767    
   0.00000000       0.00000000      0.694321156      0.719665408    
   0.00000000       0.00000000      0.695519567      0.718507469    
   0.00000000       0.00000000      0.696657300      0.717404127    
   0.00000000       0.00000000      0.697735250      0.716355741    
   0.00000000       0.00000000      0.698753715      0.715362549    
   0.00000000       0.00000000      0.699712396      0.714424789    
   0.00000000       0.00000000      0.700612128      0.713542581    
   0.00000000       0.00000000      0.701452553      0.712716281    
   0.00000000       0.00000000      0.702234149      0.711946070    
   0.00000000       0.00000000      0.702957392      0.711232126    
   0.00000000       0.00000000      0.703621745      0.710574746    
   0.00000000       0.00000000      0.704227924      0.709973931    
   0.00000000       0.00000000      0.704775929      0.709429979    
   0.00000000       0.00000000      0.705265939      0.708942771    
   0.00000000       0.00000000      0.705698133      0.708512783    
   0.00000000       0.00000000      0.706072271      0.708139837    
   0.00000000       0.00000000      0.706389010      0.707823992    
   0.00000000       0.00000000      0.706648052      0.707565248    
   0.00000000       0.00000000      0.706849277      0.707364261    
   0.00000000       0.00000000      0.706992984      0.707220674    
   0.00000000       0.00000000      0.707079232      0.707134306    
   0.00000000       0.00000000      0.707108080      0.707105517    
