   0.00000000    
   1.27499998E-02
   2.54999995E-02
   3.82499993E-02
   5.09999990E-02
   6.37499988E-02
   7.64999986E-02
   8.92499983E-02
  0.101999998    
  0.114749998    
  0.127499998    
  0.140249997    
  0.152999997    
  0.165749982    
  0.178499997    
  0.191249996    
  0.203999996    
  0.216749996    
  0.229499996    
  0.242250010    
  0.254999995    
  0.267749995    
  0.280499995    
  0.293249995    
  0.305999994    
  0.318749994    
  0.331499964    
  0.344249994    
  0.356999993    
  0.369749993    
  0.382499993    
  0.395249963    
  0.407999992    
  0.420750022    
  0.433499992    
  0.446249992    
  0.458999991    
  0.471749991    
  0.484500021    
  0.497249991    
  0.509999990    
  0.522749960    
  0.535499990    
  0.548250020    
  0.560999990    
  0.573750019    
  0.586499989    
  0.599250019    
  0.611999989    
  0.624749959    
  0.637499988    
  0.650250018    
  0.662999928    
  0.675749958    
  0.688499987    
  0.701250017    
  0.713999987    
  0.726749957    
  0.739499986    
  0.752249956    
  0.764999986    
  0.777750015    
  0.790499926    
  0.803249955    
  0.815999985    
  0.828750014    
  0.841500044    
  0.854249954    
  0.866999984    
  0.879750013    
  0.892499983    
  0.905250013    
  0.917999983    
  0.930749953    
  0.943499982    
  0.956250012    
  0.969000041    
  0.981749952    
  0.994499981    
   1.00724995    
   1.01999998    
   1.03275001    
   1.04549992    
   1.05824995    
   1.07099998    
   1.08375001    
   1.09650004    
   1.10924995    
   1.12199998    
   1.13475001    
   1.14750004    
   1.16025007    
   1.17299998    
   1.18575001    
   1.19850004    
   1.21124995    
   1.22399998    
   1.23675001    
   1.24949992    
   1.26224995    
   1.27499998    
   1.28774989    
   1.30050004    
   1.31324995    
   1.32599986    
   1.33875000    
   1.35149992    
   1.36425006    
   1.37699997    
   1.38974988    
   1.40250003    
   1.41524994    
   1.42799997    
   1.44075000    
   1.45349991    
   1.46624994    
   1.47899997    
   1.49175000    
   1.50449991    
   1.51724994    
   1.52999997    
   1.54274988    
   1.55550003    
   1.56824994    
   1.58099985    
   1.59375000    
   1.60649991    
   1.61925006    
   1.63199997    
   1.64474988    
   1.65750003    
   1.67024994    
   1.68300009    
   1.69575000    
   1.70849991    
   1.72125006    
   1.73399997    
   1.74675000    
   1.75950003    
   1.77224994    
   1.78499997    
   1.79775000    
   1.81050003    
   1.82324994    
   1.83599997    
   1.84875000    
   1.86149991    
   1.87425005    
   1.88699996    
   1.89974988    
   1.91250002    
   1.92524993    
   1.93800008    
   1.95074999    
   1.96349990    
   1.97625005    
   1.98899996    
   2.00174999    
   2.01449990    
   2.02724981    
   2.03999996    
   2.05274987    
   2.06550002    
   2.07824993    
   2.09099984    
   2.10374999    
   2.11649990    
   2.12925005    
   2.14199996    
   2.15474987    
   2.16750002    
   2.18024993    
   2.19300008    
   2.20574999    
   2.21849990    
   2.23125005    
   2.24399996    
   2.25675011    
   2.26950002    
   2.28224993    
   2.29500008    
   2.30774999    
   2.32050014    
   2.33325005    
   2.34599996    
   2.35875010    
   2.37150002    
   2.38424993    
   2.39700007    
   2.40974998    
   2.42249990    
   2.43525004    
   2.44799995    
   2.46074986    
   2.47350001    
   2.48624992    
   2.49899983    
   2.51174998    
   2.52449989    
   2.53724980    
   2.54999995    
