   1.00000000    
  0.936182261    
  0.429365486    
  0.440939397    
  0.371005714    
  0.226754263    
  0.197276622    
  0.144283995    
  0.144099861    
  0.164894700    
  0.176867947    
  0.178376600    
  0.169724584    
  0.150051862    
  0.133532271    
  0.122403406    
  0.112766847    
  0.105424725    
  0.100352399    
   9.63054746E-02
   9.19400752E-02
   8.79640207E-02
   8.61557052E-02
   8.20149556E-02
   7.98030347E-02
   7.84112960E-02
   7.57671297E-02
   7.45753050E-02
   7.20101446E-02
   7.02562407E-02
   6.87827021E-02
   6.74861073E-02
   6.61484748E-02
   6.47166073E-02
   6.30565956E-02
   6.18686415E-02
   6.12028092E-02
   5.97499721E-02
   5.94680309E-02
   5.80843911E-02
   5.74045479E-02
   5.56191653E-02
   5.52316755E-02
   5.49569763E-02
   5.33667095E-02
   5.33014536E-02
   5.29110208E-02
   5.13960086E-02
   5.04612923E-02
   4.92866822E-02
   5.01195379E-02
   4.83141951E-02
   4.79715951E-02
   4.70237397E-02
   4.65833507E-02
   4.59413379E-02
   4.50999551E-02
   4.43306379E-02
   4.41232361E-02
   4.41177748E-02
   4.35277745E-02
   4.25417162E-02
   4.24901880E-02
   4.20479961E-02
   4.09304649E-02
   4.06962372E-02
   4.12621535E-02
   3.95734422E-02
   3.94645669E-02
   3.89015488E-02
   3.91997397E-02
   3.89209688E-02
   3.75123806E-02
   3.72329615E-02
   3.69718261E-02
   3.74232084E-02
   3.71410213E-02
   3.54934819E-02
   3.58727425E-02
   3.49151269E-02
   3.54618803E-02
   3.47034112E-02
   3.39900367E-02
   3.39730866E-02
   3.45310532E-02
   3.35747823E-02
   3.31416130E-02
   3.27260867E-02
   3.26528810E-02
   3.15566361E-02
   3.19907069E-02
   3.20399888E-02
   3.26834060E-02
   3.13003100E-02
   3.10821701E-02
   2.97837295E-02
   2.99462061E-02
   2.99532190E-02
   3.00984308E-02
   3.02416533E-02
   2.97483988E-02
   2.99056135E-02
   2.84438189E-02
   2.79947296E-02
   2.82093547E-02
   2.86427177E-02
   2.83646416E-02
   2.82799248E-02
   2.74981335E-02
   2.78324950E-02
   2.62323078E-02
   2.60068364E-02
   2.60669701E-02
   2.59441398E-02
   2.62967199E-02
   2.62259804E-02
   2.62393802E-02
   2.56921593E-02
   2.56506857E-02
   2.60028169E-02
   2.46069320E-02
   2.43051108E-02
   2.42338330E-02
   2.41706781E-02
   2.40897797E-02
   2.39879880E-02
   2.40342841E-02
   2.39903126E-02
   2.45728083E-02
   2.51841098E-02
   2.31736191E-02
   2.27822177E-02
   2.28432063E-02
   2.23700143E-02
   2.23327223E-02
   2.21868437E-02
   2.21886635E-02
   2.25481391E-02
   2.23965123E-02
   2.19870787E-02
   2.17668433E-02
   2.15471368E-02
   2.14945730E-02
   2.19615884E-02
   2.23615449E-02
   2.18768101E-02
   2.23043486E-02
   2.03132257E-02
   2.05076858E-02
   2.06588190E-02
   2.00595297E-02
   2.01776363E-02
   2.03724820E-02
   2.01370735E-02
   2.05096416E-02
   1.97076183E-02
   1.91886630E-02
   1.94686316E-02
   1.90892089E-02
   1.93253942E-02
   1.94535628E-02
   1.87590085E-02
   1.84216406E-02
   1.85759105E-02
   1.83118321E-02
   1.84369199E-02
   1.82126071E-02
   1.84616316E-02
   1.83220990E-02
   1.82095505E-02
   1.85423773E-02
   1.78799573E-02
   1.81613099E-02
   1.78789273E-02
   1.78802144E-02
   1.76142938E-02
   1.75566878E-02
   1.67598613E-02
   1.68315284E-02
   1.67481564E-02
   1.59625690E-02
   1.60096362E-02
   1.60066169E-02
   1.62482858E-02
   1.61203314E-02
   1.60761774E-02
   1.63121652E-02
   1.59459151E-02
   1.61597561E-02
   1.60793737E-02
   1.58510692E-02
   1.61043275E-02
   1.63631812E-02
   1.63553208E-02
   1.62303559E-02
   1.63899660E-02
   1.55336335E-02
   1.52000347E-02
   1.53230224E-02
   1.53608648E-02
   1.39942123E-02
   1.37958555E-02
   1.38671445E-02
   1.40054338E-02
   1.41137075E-02
   1.41634392E-02
   1.43557303E-02
   1.41604068E-02
   1.43036945E-02
   1.44683747E-02
   1.44561147E-02
   1.39417052E-02
   1.40564824E-02
   1.42239984E-02
   1.43802827E-02
   1.38355894E-02
   1.38595942E-02
   1.36331636E-02
   1.37734627E-02
   1.38970260E-02
   1.38280131E-02
   1.36559764E-02
   1.35176517E-02
   1.29244095E-02
   1.26827974E-02
   1.28437812E-02
   1.28338756E-02
   1.26738315E-02
   1.26364436E-02
   1.26571041E-02
   1.25003075E-02
   1.23695889E-02
   1.18926344E-02
   1.19570075E-02
   1.20920036E-02
   1.21152457E-02
   1.21569512E-02
   1.21336374E-02
   1.21970279E-02
   1.21805621E-02
   1.19901849E-02
   1.20003643E-02
   1.20515358E-02
   1.17629496E-02
   1.18161868E-02
   1.19285937E-02
   1.19611667E-02
   1.19159361E-02
   1.17847510E-02
   1.18333045E-02
   1.17142713E-02
   1.18052755E-02
   1.19243972E-02
   1.20674400E-02
   1.12332916E-02
   1.12601360E-02
   1.10018179E-02
   1.11235259E-02
   1.12479497E-02
   1.06478706E-02
   1.07167475E-02
   1.08313579E-02
   1.04849534E-02
   1.02810943E-02
   1.00255543E-02
   9.89953708E-03
   9.84443538E-03
   9.88514069E-03
   9.90329031E-03
   9.98782367E-03
   9.96675063E-03
   9.97897796E-03
   1.00206444E-02
   1.00654829E-02
   1.00032985E-02
   1.01026818E-02
   1.00499736E-02
   9.95394960E-03
   1.00240679E-02
   1.00686289E-02
   1.01266792E-02
   1.00033022E-02
   1.01038702E-02
   1.00103123E-02
   1.00393528E-02
   9.74848494E-03
   9.72377043E-03
   9.69004538E-03
   9.69300792E-03
   9.64045804E-03
   9.53169633E-03
   9.22267139E-03
   9.30812210E-03
   9.20517091E-03
   9.12363920E-03
   9.06436052E-03
   9.14689619E-03
   9.23094619E-03
   9.24311951E-03
   9.10064764E-03
   9.18384735E-03
   8.70175753E-03
   8.70098919E-03
   8.46487097E-03
   8.53682961E-03
   8.12265836E-03
   8.06988869E-03
   8.03531613E-03
   7.82292895E-03
   7.80560542E-03
   7.84107484E-03
   7.88412523E-03
   7.86742195E-03
   7.92858284E-03
   7.95102958E-03
   8.00214335E-03
   8.00169911E-03
   7.90755264E-03
   7.93101266E-03
   7.91796483E-03
   7.90819619E-03
   7.96944369E-03
   8.02956149E-03
   8.08643177E-03
   8.13252293E-03
   8.19893088E-03
   8.26374348E-03
   8.31443258E-03
   8.38385057E-03
   8.25438742E-03
   8.32280330E-03
   8.37443210E-03
   8.28048773E-03
   8.34306423E-03
   8.39803927E-03
   8.46364908E-03
   8.07839632E-03
   8.13862402E-03
   8.20097234E-03
   8.25834554E-03
   8.23032577E-03
   8.29530414E-03
   8.35888367E-03
   8.40307772E-03
   8.02459382E-03
   8.07290990E-03
   7.71047920E-03
   7.75933173E-03
   7.79021345E-03
   7.64458533E-03
   7.37130083E-03
   7.02929217E-03
   7.00287148E-03
   6.77529629E-03
   6.82135718E-03
   6.83365762E-03
   6.58458611E-03
   6.59530703E-03
   6.46708719E-03
   6.47030724E-03
   6.49212115E-03
   6.43628603E-03
   6.43907441E-03
   6.27273647E-03
   6.27009850E-03
   6.00716518E-03
   6.04335917E-03
   5.89761185E-03
   5.83296921E-03
   5.86127536E-03
   5.89573057E-03
   5.92855550E-03
   5.90640632E-03
   5.94139518E-03
   5.97099215E-03
   5.95457712E-03
   5.98174613E-03
   6.01720344E-03
   6.05351944E-03
   5.98510774E-03
   5.99147566E-03
   5.97528182E-03
   5.97464759E-03
   5.95196430E-03
   5.98574942E-03
   6.01946702E-03
   6.05581002E-03
   6.01615664E-03
   6.05245959E-03
   6.04485068E-03
   6.08150149E-03
   6.11814298E-03
   6.14923751E-03
   6.16213679E-03
   6.20022556E-03
   6.13363041E-03
   5.94898174E-03
   5.98067557E-03
   5.92053402E-03
   5.95569052E-03
   5.97675750E-03
   5.99750690E-03
   6.01353729E-03
   5.96613903E-03
   5.99490898E-03
   6.02696836E-03
   6.06290391E-03
   6.09977450E-03
   6.13152096E-03
   6.16871146E-03
   6.08878443E-03
   6.11408846E-03
   6.00762479E-03
   6.00775378E-03
   5.91197191E-03
   5.82433632E-03
   5.81687083E-03
   5.78501681E-03
   5.67601528E-03
   5.70075121E-03
   5.73062338E-03
   5.76082291E-03
   5.78971254E-03
   5.67830959E-03
   5.71064465E-03
   5.73662622E-03
   5.75444009E-03
   5.78764873E-03
   5.75972255E-03
   5.78899076E-03
   5.82086667E-03
   5.85137494E-03
   5.88571420E-03
   5.92045812E-03
   5.95442532E-03
   5.98762557E-03
   6.02178834E-03
   6.05575508E-03
   6.08831597E-03
   6.11272082E-03
   8.06895364E-03
   5.81236416E-03
   9.50534642E-03
   4.96060913E-03
   4.80497116E-03
   4.81432024E-03
   4.83755441E-03
   4.82747657E-03
   4.82348027E-03
   4.84680245E-03
   4.86971205E-03
   4.88575036E-03
   4.90577705E-03
   4.92142839E-03
   4.94505698E-03
   4.66956291E-03
   4.69141873E-03
   4.71347943E-03
   4.73574875E-03
   8.27259570E-03
   8.20444245E-03
   1.20550683E-02
   8.59506894E-03
   5.70646999E-03
   4.57291724E-03
   6.16748352E-03
   5.02323173E-03
   7.14285159E-03
   4.06304281E-03
   4.04418958E-03
   4.03783517E-03
   4.04525688E-03
   4.04983433E-03
   4.06050868E-03
   4.03658627E-03
   4.05255286E-03
   4.05845465E-03
   4.07495908E-03
   4.06737765E-03
   4.05446859E-03
   4.05429769E-03
   4.05702321E-03
   4.06643050E-03
   4.07924736E-03
   4.07674350E-03
   4.07414138E-03
   4.09077387E-03
   4.10754234E-03
   4.12444863E-03
   4.11002897E-03
   4.12579672E-03
   4.72316192E-03
   4.10871021E-03
   4.10572812E-03
   4.07952536E-03
   4.09620162E-03
   4.10787854E-03
   4.11011465E-03
   4.10235720E-03
   4.11841553E-03
   4.08121431E-03
   4.04873258E-03
   4.02508723E-03
   4.02873335E-03
   4.02500341E-03
   4.04123636E-03
   4.05760109E-03
   4.06790758E-03
   4.05878806E-03
   4.06696228E-03
   4.08353657E-03
   4.05660411E-03
   4.02716128E-03
   4.03834181E-03
   4.05468326E-03
   4.07073321E-03
   4.08733729E-03
   4.10407782E-03
   4.12095571E-03
   4.02179034E-03
   3.97924846E-03
   3.92389484E-03
   3.92046664E-03
   3.92397726E-03
   3.86382639E-03
   3.81136150E-03
   3.75644933E-03
   3.76030756E-03
   3.77358170E-03
   3.77749116E-03
   3.76014924E-03
   3.77431465E-03
   3.78858694E-03
   3.75725026E-03
   3.77139356E-03
   3.74372932E-03
   3.75731173E-03
   3.74175771E-03
   3.74507229E-03
   3.71331559E-03
   3.62439384E-03
   3.63284792E-03
   3.63330962E-03
   3.58631741E-03
   3.50783579E-03
   3.52016254E-03
   3.50910472E-03
   3.50845605E-03
   3.50196240E-03
   3.51424748E-03
   3.45326122E-03
   3.44181131E-03
   3.43703781E-03
   3.44887166E-03
   3.44748585E-03
   3.40898125E-03
   3.39881005E-03
   3.39744030E-03
   3.35558713E-03
   3.33081116E-03
   3.34192370E-03
   3.33899376E-03
   3.27933207E-03
   3.29010375E-03
   3.25054652E-03
   3.26112984E-03
   3.25897639E-03
   3.26961465E-03
   3.18284309E-03
   3.13091022E-03
   3.14072822E-03
   3.10116471E-03
   3.10243573E-03
   3.11207608E-03
   3.03037628E-03
   3.01322737E-03
   2.96578114E-03
   2.96717114E-03
   2.87075224E-03
   2.87900516E-03
   2.82797939E-03
   2.83545512E-03
   2.70431815E-03
   2.66153761E-03
   2.65836879E-03
   2.65406515E-03
   2.66111852E-03
   2.56204745E-03
   2.54734140E-03
   2.48271599E-03
   2.46902974E-03
   2.47034174E-03
   2.47085211E-03
   2.47642607E-03
   2.47613247E-03
   2.47421069E-03
   2.48033996E-03
   2.48379936E-03
   2.48130993E-03
   2.47905659E-03
   2.47486983E-03
   2.46217777E-03
   2.46824743E-03
   2.47133430E-03
   2.47414852E-03
   2.46154028E-03
   2.46374053E-03
   2.46926723E-03
   2.46732472E-03
   2.46924092E-03
   2.46698130E-03
   2.46160966E-03
   2.46067205E-03
   2.45914678E-03
   2.46520154E-03
   2.46224995E-03
   2.45869858E-03
   2.46162526E-03
   2.45574582E-03
   2.45750835E-03
   2.46241060E-03
   2.46848166E-03
   2.45102518E-03
   2.45704013E-03
   2.45933793E-03
   2.46104738E-03
   2.46624602E-03
   2.47088238E-03
   2.45192088E-03
   2.44946755E-03
   2.45547481E-03
   2.44800234E-03
   2.43781088E-03
   2.42871139E-03
   2.43047648E-03
   2.42808857E-03
   2.42090900E-03
   2.42648064E-03
   2.42312159E-03
   2.41642585E-03
   2.41806288E-03
   2.40917993E-03
   2.41197669E-03
   2.41780141E-03
   2.40425928E-03
   2.40639877E-03
   2.40610959E-03
   2.41190591E-03
   2.39356118E-03
   2.39776471E-03
   2.38723215E-03
   2.38430267E-03
   2.38227565E-03
   2.38083676E-03
   2.38061650E-03
   2.37819972E-03
   2.38074525E-03
   2.37298245E-03
   2.36671721E-03
   2.37232517E-03
   2.37229303E-03
   2.37603672E-03
   2.37156777E-03
   2.36420007E-03
   2.35231873E-03
   2.35785847E-03
   2.33596633E-03
   2.32991646E-03
   2.32091662E-03
   2.32470292E-03
   2.32592318E-03
   2.32552527E-03
   2.32544215E-03
   2.32598279E-03
   2.31936644E-03
   2.31367210E-03
   2.30400218E-03
   2.30899104E-03
   2.30382499E-03
   2.30913865E-03
   2.31414894E-03
   2.31289491E-03
   2.43331282E-03
   2.29071430E-03
   2.28265417E-03
   2.27153325E-03
   2.27569323E-03
   2.27250555E-03
   2.27196445E-03
   2.26299791E-03
   2.26812484E-03
   2.26685265E-03
   2.24861689E-03
   2.25231959E-03
   2.25739833E-03
   2.25124415E-03
   2.24743458E-03
   2.24871654E-03
   2.23935605E-03
   2.23060581E-03
   2.19695619E-03
   2.19072588E-03
   2.18687300E-03
   2.17082980E-03
   2.15606461E-03
   2.15966930E-03
   2.14162678E-03
   2.20701634E-03
   2.11462355E-03
   2.11804197E-03
   2.11020513E-03
   2.11218675E-03
   2.10038456E-03
   2.10408657E-03
   2.10425071E-03
   2.08625640E-03
   2.08669202E-03
   2.07924377E-03
   2.06637755E-03
   2.06131395E-03
   2.08387035E-03
   2.88815750E-03
   2.89664743E-03
   2.02288968E-03
   2.00812984E-03
   2.00380827E-03
   1.99909089E-03
   1.98522047E-03
   1.96905970E-03
   1.97294075E-03
   1.94563903E-03
   1.94171211E-03
   1.93627109E-03
   1.93485687E-03
   1.92529883E-03
   1.92085584E-03
   1.91378652E-03
   1.91038719E-03
   1.91179779E-03
   1.90686935E-03
   1.90190563E-03
   1.90552638E-03
   1.90015172E-03
   1.89360755E-03
   1.87722675E-03
   1.87546830E-03
   1.87822687E-03
   1.87607529E-03
   1.86896708E-03
   1.86143431E-03
   1.86490233E-03
   1.86838361E-03
   1.85274926E-03
   1.84928603E-03
   1.85117195E-03
   1.84614689E-03
   1.83568348E-03
   1.83751073E-03
   1.81303953E-03
   1.79424882E-03
   2.09697522E-03
   1.79214485E-03
   1.79225055E-03
   1.78531627E-03
   1.78382138E-03
   1.76703522E-03
   1.76662952E-03
   1.75875076E-03
   1.75554294E-03
   1.75862748E-03
   1.74434669E-03
   1.74739189E-03
   1.74290722E-03
   1.72887556E-03
   1.71795103E-03
   1.71133399E-03
   1.68873032E-03
   1.67679286E-03
   1.66358601E-03
   1.63988711E-03
   1.63173024E-03
   1.63439487E-03
   1.60885777E-03
   1.60136085E-03
   1.58451451E-03
   1.58378482E-03
   1.58468192E-03
   1.58109411E-03
   1.58359599E-03
   1.55595155E-03
   1.54490839E-03
   1.52113708E-03
   1.52345281E-03
   1.52577541E-03
   3.05155804E-03
   1.49754726E-03
   1.47467409E-03
   1.47437910E-03
   1.46333780E-03
   1.46134652E-03
   1.44981674E-03
   1.44205033E-03
   1.60472025E-03
   1.39407883E-03
   1.38061319E-03
   1.37585250E-03
   1.36103784E-03
   1.35285698E-03
   1.35468843E-03
   1.35652488E-03
   1.35585025E-03
   1.35768973E-03
   1.35953433E-03
   1.36138382E-03
   1.36070861E-03
   1.33676548E-03
   1.33559608E-03
   1.33610587E-03
   1.33789226E-03
   4.03696857E-03
   1.31378626E-03
   1.31466601E-03
   1.31511176E-03
   1.31684239E-03
   1.31686497E-03
   3.33662075E-03
   2.34985608E-03
   1.24853407E-03
   1.57985417E-03
   1.24123564E-03
   1.23969594E-03
   1.23818358E-03
   1.23666029E-03
   1.23514375E-03
   1.23362197E-03
   1.23212463E-03
   1.23061624E-03
   1.22910272E-03
   1.28818303E-03
   1.28652470E-03
   3.21252435E-03
   1.22313248E-03
   1.22163736E-03
   1.22014596E-03
   1.21866690E-03
   2.48492183E-03
   1.43503177E-03
   1.43297401E-03
   1.28328486E-03
   1.21132203E-03
   1.20986730E-03
   1.20841875E-03
   1.20697671E-03
   1.20552920E-03
   1.20407692E-03
   1.20263954E-03
   2.00011744E-03
   1.19978061E-03
   1.19834766E-03
   1.19692960E-03
   1.19550060E-03
   1.19407522E-03
   1.19267008E-03
   1.19124562E-03
   1.18983316E-03
   1.18842954E-03
   1.18703209E-03
   1.18562963E-03
   1.18425302E-03
   2.33287201E-03
   1.18146441E-03
   1.18006940E-03
   1.17867766E-03
   1.17728917E-03
   1.17590686E-03
   1.17452489E-03
   1.17314619E-03
   1.17177062E-03
   1.17039832E-03
   1.16902927E-03
   1.16766349E-03
   1.22836931E-03
   1.16496917E-03
   1.16574147E-03
   1.16689375E-03
   1.16825616E-03
   1.16920064E-03
   3.49111087E-03
   1.61874655E-03
   4.18200949E-03
   2.95707630E-03
   2.83428119E-03
   1.47737435E-03
   1.17099716E-03
   2.01124861E-03
   2.01529777E-03
   4.49024560E-03
   3.95354303E-03
   3.13963369E-03
   1.17693737E-03
   1.17832341E-03
   1.91354065E-03
   3.11490824E-03
   2.60646665E-03
   2.59968196E-03
   1.77688117E-03
   1.41291355E-03
   1.18574966E-03
   1.18693779E-03
   2.28902372E-03
   2.29426916E-03
   2.29953905E-03
   2.30483292E-03
   1.47316046E-03
   1.30544510E-03
   1.19600503E-03
   1.19743624E-03
   1.19865534E-03
   1.19944534E-03
   1.20088493E-03
   1.20232801E-03
   1.34837942E-03
   1.34656252E-03
   4.34164889E-03
   4.36054030E-03
   7.46553298E-03
   1.68570480E-03
   1.17620814E-03
   1.17759255E-03
   1.16974255E-03
   1.17111159E-03
   1.17116282E-03
   1.17253524E-03
   1.17059180E-03
   1.17063720E-03
   1.94141548E-03
   1.24232809E-03
   1.16386230E-03
   1.16499094E-03
   1.16634881E-03
   3.87065578E-03
   3.51395295E-03
   2.20905524E-03
   1.81238935E-03
   1.81567704E-03
   1.81897671E-03
   1.70266337E-03
   1.70556479E-03
   1.70847634E-03
   1.50105904E-03
   1.15418318E-03
   1.18472390E-02
   1.12278890E-02
   1.32370107E-02
   5.29624755E-03
   3.19921481E-03
   3.20946611E-03
   2.44449778E-03
   1.12559577E-03
   1.12686341E-03
   1.64701673E-03
   5.44446614E-03
   3.99803789E-03
   7.20535312E-03
   4.77054017E-03
   1.12057533E-02
   1.01494268E-02
   9.11644753E-03
   6.27777586E-03
   6.41368981E-03
   4.96815564E-03
   2.27280823E-03
   7.15392455E-03
   4.00260789E-03
   2.65468634E-03
   1.38325908E-03
   1.07766269E-03
   2.78164190E-03
   2.90189218E-03
   1.37905602E-03
   2.93978141E-03
   2.50184094E-03
   2.16591381E-03
   1.44064846E-03
   5.85753238E-03
   4.78402665E-03
   3.52849741E-03
   3.37242871E-03
   2.37031118E-03
   1.23088935E-03
   1.69877848E-03
   3.46550462E-03
   3.45351547E-03
   1.14139507E-03
   1.14009297E-03
   1.13879377E-03
   1.08769198E-03
   3.74388322E-03
   1.78319961E-03
   1.08791271E-03
   1.29241613E-03
   1.63749023E-03
   1.56954152E-03
   1.08979619E-03
   1.09026441E-03
   1.08115317E-03
   1.08016375E-03
   1.07869226E-03
   1.74656033E-03
   1.07548386E-03
   1.07615592E-03
   2.21795822E-03
   2.21304432E-03
   1.25771831E-03
   1.25930121E-03
   1.07735978E-03
   1.07779156E-03
   1.07822986E-03
   1.07939309E-03
   3.94173712E-03
   2.27370020E-03
   2.97118980E-03
   2.22444185E-03
   2.22939556E-03
   2.23437138E-03
   2.00101011E-03
   2.00501806E-03
   1.08387822E-03
   1.07579737E-03
   1.07695535E-03
   1.07787107E-03
   1.89363863E-03
   1.89005607E-03
   1.88648712E-03
   2.46878713E-03
   1.05821295E-03
   1.05933333E-03
   1.03217375E-03
   1.03250018E-03
   1.03257329E-03
   1.03090995E-03
   1.03197328E-03
   1.03303872E-03
   1.03385234E-03
   1.03492173E-03
   1.03599334E-03
   1.03706715E-03
   1.03814318E-03
   1.03922142E-03
   1.03980326E-03
   1.53093238E-03
   1.53327780E-03
   1.53563055E-03
   1.07969309E-03
   1.04295940E-03
   1.04404776E-03
   1.04513846E-03
   1.04547048E-03
   1.04656408E-03
   1.04740809E-03
   1.21695513E-03
   1.04605081E-03
   4.25440678E-03
   4.27254569E-03
   4.29083919E-03
   1.19151070E-03
   3.99861485E-03
   5.21074655E-03
   5.05199842E-03
   1.83804438E-03
   1.83466903E-03
   1.83130614E-03
   1.03852456E-03
   1.03934144E-03
   1.04042224E-03
   1.04150525E-03
   1.04233401E-03
   1.04342110E-03
   1.04425335E-03
   1.59492367E-03
   3.65216960E-03
   4.94327489E-03
   3.97354225E-03
   2.84344773E-03
   3.05126212E-03
   2.89176614E-03
   2.75905407E-03
   1.84604654E-03
   9.47548600E-04
   2.08521867E-03
   9.44903295E-04
   9.45796550E-04
   9.46430955E-04
   9.47327120E-04
   9.48225032E-04
   1.08239632E-02
   5.97504433E-03
   7.09181838E-03
   4.01163939E-03
   3.99557827E-03
   3.81224649E-03
   3.46340425E-03
   2.55043316E-03
   2.18099449E-03
   1.46483649E-02
   3.66574922E-03
   2.02888157E-03
   2.03300198E-03
   2.10051192E-03
   2.11551134E-03
   9.48869740E-04
   1.24534522E-03
   1.20582420E-03
   5.50201721E-03
   5.47182839E-03
   6.04421925E-03
   5.46026183E-03
   5.49015729E-03
   1.03764632E-03
   2.22056825E-03
   4.09477018E-03
   2.66016647E-03
   1.84493593E-03
   1.26956089E-03
   1.26795017E-03
   9.08810995E-04
   9.07985494E-04
   1.49579032E-03
   1.19442781E-02
   1.15287714E-02
   1.08502135E-02
   9.89944022E-03
   8.70463997E-03
   7.29946978E-03
   5.71933808E-03
   3.96948168E-03
   2.12862855E-03
   1.52455061E-03
   1.56724278E-03
   3.36607569E-03
   5.14115058E-02
   2.89558433E-02
   3.71994195E-03
   4.99543408E-03
   5.02045127E-03
   7.59073254E-03
   6.72864635E-03
   6.41933642E-03
   4.20692237E-03
   4.11428558E-03
   5.74170146E-03
   2.71658041E-03
   2.74726842E-03
   2.95334123E-03
   2.07480951E-03
   1.68701867E-03
   1.16067613E-03
   3.53169162E-03
   3.75278667E-03
   2.18464271E-03
   2.17987527E-03
   2.98697921E-03
   4.74234577E-03
   4.10298584E-03
   3.85407964E-03
   7.10656354E-03
   6.50130352E-03
   2.99507170E-03
   5.30734472E-03
   4.07123193E-03
   4.23733424E-03
   1.14422408E-03
   8.71748140E-04
   8.70988530E-04
   8.70232354E-04
   8.69477401E-04
   8.68721807E-04
   8.67967436E-04
   8.67216440E-04
   8.66464688E-04
   2.54684035E-03
   9.82385362E-04
   9.83350910E-04
   8.63480964E-04
   1.12537236E-03
   1.12410658E-03
   1.17564865E-03
   1.63258880E-03
   2.23470642E-03
   1.85883930E-03
   8.58315267E-04
   8.57580919E-04
   8.56843777E-04
   8.56109895E-04
   8.55379330E-04
   8.54660233E-04
   8.53930076E-04
   8.53201200E-04
   8.52469529E-04
   8.51751247E-04
   8.51026096E-04
   8.50302109E-04
   1.05215539E-03
   8.48868047E-04
   8.48145632E-04
   8.47424730E-04
   8.46706913E-04
   8.45988223E-04
   8.45272851E-04
   1.10966805E-03
   8.43859685E-04
   1.16006576E-03
   8.42441339E-04
   8.41725909E-04
   8.41023691E-04
   8.40318622E-04
   8.39618850E-04
   8.38910230E-04
   8.38204694E-04
   8.37514410E-04
   1.05227507E-03
   1.81338040E-03
   9.27347515E-04
   8.34732840E-04
   1.99203519E-03
   2.56453641E-03
   1.57901924E-03
   1.58151437E-03
   1.80074712E-03
   8.30591074E-04
   8.29905446E-04
   8.29220866E-04
   8.28531571E-04
   8.27849377E-04
   1.60140079E-03
   8.26482370E-04
   8.25809431E-04
   8.25125782E-04
   9.87342326E-04
   8.23767798E-04
   8.23089445E-04
   9.02508909E-04
   8.21741996E-04
   1.78716425E-03
   1.09573861E-03
   8.19726207E-04
   8.19054549E-04
   1.44096569E-03
   8.17722350E-04
   1.14822306E-03
   9.51403752E-04
   1.02319627E-03
   8.15055333E-04
   1.58319133E-03
   8.13728257E-04
   8.13066377E-04
   8.12413287E-04
   8.11755424E-04
   8.11098667E-04
   8.10441095E-04
   8.09784513E-04
   8.09129095E-04
   8.08474666E-04
   8.07821285E-04
   8.07170931E-04
   8.06519645E-04
   2.52739037E-03
   8.05227901E-04
   8.04579759E-04
   9.91959590E-04
   9.90976114E-04
   8.02641618E-04
   8.01999588E-04
   8.01358547E-04
   3.49326339E-03
   3.50548769E-03
   1.43921096E-03
   7.98802648E-04
   7.98164809E-04
   9.32754891E-04
   9.31885268E-04
   9.31017275E-04
   1.26287446E-03
   1.52680569E-03
   5.28671313E-03
   5.25883771E-03
   3.95991839E-03
   2.77942908E-03
   2.66062235E-03
   1.12388758E-02
   7.52841448E-03
   8.13448057E-03
   2.32152245E-03
   1.39436079E-03
   1.39630644E-03
   1.27375172E-03
   2.05506617E-03
   1.99314114E-03
   1.99711765E-03
   1.33470795E-03
   1.33649062E-03
   1.03485247E-03
   1.03592384E-03
   9.35484481E-04
   9.34609794E-04
   9.33736679E-04
   1.19868433E-03
   1.19724835E-03
   4.62086266E-03
   2.43309140E-03
   2.42717867E-03
   1.48114341E-03
   1.28831330E-03
   1.00955670E-03
   1.00853806E-03
   1.52309902E-03
   1.26547217E-02
   1.12540238E-02
   2.15169955E-02
   1.14990287E-02
   3.01301386E-02
   2.43595373E-02
   2.48385835E-02
   1.18777808E-02
   1.84822939E-02
   1.79091003E-02
   2.47138608E-02
   2.45215371E-02
   2.37956401E-02
   2.10209377E-02
   1.58275627E-02
  0.104243591    
   5.97907789E-03
   9.86838993E-03
   5.20421285E-03
   5.17719937E-03
   4.85689333E-03
   4.83336113E-03
   4.32511652E-03
   4.27421229E-03
   3.20876529E-03
   5.08438190E-03
   1.41885560E-02
   1.34055968E-02
   6.54348917E-03
   5.97157935E-03
   5.25232079E-03
   3.49041400E-03
   3.00449575E-03
   2.90484168E-03
   2.76807626E-03
   2.63017183E-03
   2.48353230E-03
   2.32523098E-03
   2.46468605E-03
   3.13892495E-03
   3.70878093E-02
   1.97405200E-02
   1.93298478E-02
   1.91188399E-02
   1.90039929E-02
   6.52856380E-02
   1.51771465E-02
   2.24755984E-02
   1.12805841E-02
   2.73833629E-02
   2.68527307E-02
   2.64857505E-02
   4.65693884E-02
   9.57915559E-03
   4.27047443E-03
   3.85937328E-03
   2.41786032E-03
   1.16417767E-03
   1.16282317E-03
   5.23232669E-03
   4.54414496E-03
   7.11355684E-03
   3.38682602E-03
   2.79135164E-03
   2.51218956E-03
   2.51850858E-03
   2.49166950E-03
   7.36607006E-04
   7.36064569E-04
   7.35522946E-04
   7.34982139E-04
   7.34442205E-04
   7.56921945E-04
   8.88316135E-04
   8.87527422E-04
   2.76402687E-03
   3.10383132E-03
   1.85330503E-03
   2.71942210E-03
   1.73036440E-03
   1.40591629E-03
   2.27322965E-03
   4.49031498E-03
   3.29902023E-03
   2.52113910E-03
   2.43312307E-03
   2.43905024E-03
   2.35902169E-03
   7.55993882E-04
   7.24887068E-04
   7.24366924E-04
   7.23842473E-04
   1.69929815E-03
   7.22800905E-04
   7.22278608E-04
   1.53142167E-03
   9.80277895E-04
   9.81239253E-04
   1.27941684E-03
   1.27778098E-03
   1.57233165E-03
   7.38375704E-04
   1.32758438E-03
   1.32582313E-03
   2.28434382E-03
   7.16603710E-04
   7.16090435E-04
   7.15576170E-04
   7.15067668E-04
   7.14556547E-04
   7.14052934E-04
   7.13543268E-04
   7.13034300E-04
   7.12524343E-04
   7.12016830E-04
   7.11510016E-04
   7.11003959E-04
   7.10500346E-04
   7.09995686E-04
   9.15932818E-04
   7.27956183E-04
   7.08494510E-04
   1.46519928E-03
   7.15065340E-04
   7.53097585E-04
   7.06494902E-04
   7.05995946E-04
   7.05497689E-04
   7.05000130E-04
   7.04511651E-04
   7.04012113E-04
   9.46287473E-04
   8.51088378E-04
   7.51511427E-04
   8.95889942E-04
   7.01553538E-04
   7.01061508E-04
   1.24759541E-03
   1.24915293E-03
   1.34555926E-03
   1.27087301E-03
   4.34708502E-03
   3.74354888E-03
   1.51240220E-03
   1.18900486E-03
   6.96669274E-04
   6.96182426E-04
   6.95697905E-04
   6.95212395E-04
   6.94729213E-04
   6.94253424E-04
   6.93771581E-04
   2.08292226E-03
   2.62220157E-03
   8.50085518E-04
   6.91857596E-04
   6.91384019E-04
   6.90904562E-04
   6.90427434E-04
   6.89950888E-04
   6.89479930E-04
   6.89004664E-04
   1.12884166E-03
   2.42914306E-03
   2.42324942E-03
   1.42690085E-03
   7.97440356E-04
   6.86171930E-04
   6.85701205E-04
   9.90306842E-04
   9.91287990E-04
   1.32477295E-03
   1.32652908E-03
   1.19498884E-03
   1.19641772E-03
   6.96923293E-04
   6.81959034E-04
   6.81494130E-04
   6.81029866E-04
   6.80566183E-04
   6.80103200E-04
   6.79640856E-04
   6.79179037E-04
   6.78717915E-04
   6.78257435E-04
   6.77797594E-04
   6.77338277E-04
   6.76879659E-04
   6.76421623E-04
   6.75964227E-04
   6.75507472E-04
   6.75051357E-04
   6.74595765E-04
   6.74140872E-04
   6.73686562E-04
   6.73232833E-04
   6.72779686E-04
   6.72327238E-04
   6.71875372E-04
   6.71424146E-04
   6.70973503E-04
   6.70523499E-04
   6.70074020E-04
   6.69625239E-04
   6.69176981E-04
   6.68729364E-04
   6.68282388E-04
   6.67839136E-04
   6.67394837E-04
   6.66949607E-04
   6.66504959E-04
   6.66060834E-04
   6.65617350E-04
   6.65174506E-04
   6.64732186E-04
   6.64290390E-04
   6.63849292E-04
   6.63408719E-04
   6.62968785E-04
   6.62529434E-04
   6.62090664E-04
   6.61652477E-04
   6.61214814E-04
   6.60777732E-04
   6.60341291E-04
   6.59905374E-04
   6.59470039E-04
   6.59035286E-04
   6.58601115E-04
   6.58167468E-04
   6.57734403E-04
   6.57301978E-04
   6.56870077E-04
   6.56438759E-04
   6.56007964E-04
   6.55577751E-04
   6.55148062E-04
   6.54719013E-04
   6.54290488E-04
   6.53862488E-04
   6.53435127E-04
   6.53008290E-04
   6.52583549E-04
   4.44338797E-03
   3.33866756E-03
   3.32753966E-03
   1.81023346E-03
   1.24041026E-03
   2.56747170E-03
   2.57407199E-03
   4.14423691E-03
   8.68108124E-03
   4.02137870E-03
   2.51928787E-03
   2.13419413E-03
   2.13873968E-03
   1.33721915E-03
   1.33900845E-03
   1.30133424E-02
   4.89996886E-03
   4.10660915E-03
   3.87226162E-03
   3.75953503E-03
   3.70044005E-03
   1.38755646E-02
   8.25442374E-03
   7.58318324E-03
   7.48564024E-03
   1.27295190E-02
   4.56196582E-03
   2.08448945E-03
   2.08887458E-03
   2.09324248E-03
   3.41735338E-03
   2.86888285E-03
   2.08326313E-03
   2.07892782E-03
   1.40065723E-03
   1.32246874E-03
   1.51646300E-03
   1.94460282E-03
   1.94838794E-03
   1.89732783E-03
   1.10770052E-03
   1.08922436E-03
   9.17281781E-04
   9.16440797E-04
   9.87542444E-04
   2.08783126E-03
   1.50605361E-03
   7.31321983E-04
   6.32480660E-04
   6.32080715E-04
   6.31688861E-04
   6.31289964E-04
   1.05075003E-03
   1.04525476E-03
   9.55955125E-04
   9.56869451E-04
   6.29303104E-04
   1.12508610E-03
   6.28510257E-04
   6.28119917E-04
   6.27725443E-04
   7.61082512E-04
   7.61662028E-04
   1.09566271E-03
   9.58838966E-04
   1.88346615E-03
   6.25372282E-04
   1.83844846E-03
   1.84183137E-03
   1.65168708E-03
   6.23812841E-04
   6.23423839E-04
   6.23038213E-04
   6.22650201E-04
   6.22262596E-04
   6.21875457E-04
   6.21488842E-04
   8.59186577E-04
   8.59925000E-04
   1.63202954E-03
   6.19950122E-04
   6.19567407E-04
   9.78621189E-04
   9.79579287E-04
   1.77446206E-03
   1.01044297E-03
   1.00942247E-03
   6.92053232E-04
   6.91574474E-04
   6.91096357E-04
   6.39651786E-04
   6.39242760E-04
   6.15382451E-04
   6.15003868E-04
   6.14627206E-04
   6.14249555E-04
   6.13872369E-04
   6.13495591E-04
   1.52982690E-03
   1.52748835E-03
   1.52515701E-03
   6.11994765E-04
   6.11620373E-04
   6.11246389E-04
   1.20613712E-03
   1.57296646E-03
   1.83506135E-03
   1.83843193E-03
   1.48983928E-03
   1.49206060E-03
   8.88290291E-04
   6.08272501E-04
   6.07902650E-04
   2.48179189E-03
   2.57236860E-03
   2.56464607E-03
   1.63241196E-03
   1.62974943E-03
   6.05694135E-04
   6.05327368E-04
   6.04961067E-04
   8.87902512E-04
   1.10675290E-03
   1.25073234E-03
   4.80394484E-03
   4.58528986E-03
   3.75166093E-03
   5.29654976E-03
   5.25757764E-03
   1.33585115E-03
   6.65691635E-03
   6.61274930E-03
   3.35727097E-03
   1.18925292E-02
   1.12238843E-02
   5.99531981E-04
   7.49993790E-03
   2.89228745E-03
   2.52223480E-03
   5.98104263E-04
   5.97746635E-04
   8.24985385E-04
   8.25666182E-04
   1.52817019E-03
   1.36199768E-03
   2.37438222E-03
   2.28066836E-03
   2.28587561E-03
   1.85930263E-03
   1.26422429E-03
   5.94197947E-04
   2.18048343E-03
   3.65260825E-03
   3.63929104E-03
   3.62607068E-03
   1.09753932E-03
   1.09633536E-03
   5.91735938E-04
   5.91385935E-04
   5.91036282E-04
   9.98856849E-04
   1.42641715E-03
   3.79621261E-03
   2.14797445E-03
   2.15259334E-03
   2.15723203E-03
   2.02871417E-03
   2.03283387E-03
   1.80307333E-03
   1.80632737E-03
   1.80959317E-03
   9.07379028E-04
   5.86531183E-04
   8.32446443E-04
   9.69283748E-03
   8.84996448E-03
   8.41681939E-03
   7.89777748E-03
   6.46620989E-03
   2.41655065E-03
   1.70945714E-03
   9.41519684E-04
   5.83109970E-04
   6.28152629E-04
   1.26978965E-03
   1.07108364E-02
   1.35709094E-02
   1.12670492E-02
   1.13947121E-02
   1.11141140E-02
   1.05459178E-02
   9.54004284E-03
   8.08388740E-03
   3.00608785E-03
   1.54082803E-03
   6.65238360E-04
   8.03233241E-04
   1.70966762E-03
   2.47167307E-03
   3.12352949E-03
   3.83747509E-03
   4.74831089E-03
   3.68556231E-02
   4.59644757E-03
   1.08002778E-03
   2.17562495E-03
   2.17089686E-03
   2.34888005E-03
   1.17538543E-03
   1.18828460E-03
   9.77644348E-04
   9.76689043E-04
   9.75735602E-04
   9.74784023E-04
   3.03766807E-03
   1.99304800E-03
   3.30368755E-03
   2.37244507E-03
   2.37808027E-03
   1.99594046E-03
   5.70510281E-04
   5.70184842E-04
   5.69859869E-04
   5.69535245E-04
   5.69215044E-04
   5.68896532E-04
   1.44552137E-03
   1.05112977E-03
   5.67928364E-04
   5.67605894E-04
   5.67283831E-04
   5.66962059E-04
   5.66640752E-04
   1.70553545E-03
   1.73774757E-03
   1.07651972E-03
   5.65360300E-04
   1.01186964E-03
   5.70951612E-04
   5.64404123E-04
   5.64085727E-04
   5.63767622E-04
   5.63449925E-04
   5.63135196E-04
   8.18007975E-04
   7.03924394E-04
   1.21105323E-03
   2.34601810E-03
   5.61564288E-04
   5.61248977E-04
   5.60932735E-04
   5.60618180E-04
   5.60303975E-04
   6.26510708E-04
   6.26903377E-04
   5.96158672E-04
   1.49721617E-03
   1.49497797E-03
   9.12571326E-04
   9.44687694E-04
   9.43348045E-04
   1.35536189E-03
   8.72830453E-04
   8.72068922E-04
   5.78297069E-04
   1.18759729E-03
   5.55945735E-04
   6.75657357E-04
   6.76114054E-04
   1.41194963E-03
   5.54714468E-04
   5.54406841E-04
   1.48036715E-03
   9.30111622E-04
   9.68701323E-04
   5.53182093E-04
   1.22172979E-03
   1.14701944E-03
   1.14437868E-03
   1.14306982E-03
   2.63378257E-03
   6.13132783E-04
   7.60835537E-04
   5.50753321E-04
   8.61798821E-04
   7.08454405E-04
   1.33863848E-03
   1.34065631E-03
   1.52331800E-03
   6.83503051E-04
   6.83036051E-04
   1.27333973E-03
   6.37449499E-04
   6.37855963E-04
   9.50504036E-04
   9.49601003E-04
   1.00666890E-03
   5.46544790E-04
   1.63827976E-03
   6.23059692E-04
   6.22671621E-04
   2.12480337E-03
   1.01283472E-03
   1.60173711E-03
   5.44469047E-04
   5.44173934E-04
   5.43876668E-04
   5.43580914E-04
   8.84564884E-04
   5.42991736E-04
   5.42696973E-04
   5.42401278E-04
   5.42109774E-04
   5.41815942E-04
   5.41522459E-04
   5.41229267E-04
   5.40936424E-04
   5.40643872E-04
   5.40351670E-04
   5.40059758E-04
   1.28929538E-03
   6.23252650E-04
   1.41398550E-03
   1.02656975E-03
   1.19206519E-03
   1.13687897E-03
   5.38031629E-04
   5.37742279E-04
   7.04632374E-04
   7.04136037E-04
   7.03640457E-04
   1.37107400E-03
   1.37295516E-03
   1.47414091E-03
   5.35727711E-04
   5.35439525E-04
   5.35152853E-04
   5.34866587E-04
   5.34580613E-04
   5.34294930E-04
   5.34009479E-04
   5.33724437E-04
   5.33439626E-04
   5.33155166E-04
   5.32870996E-04
   5.32587059E-04
   5.32303471E-04
   2.85691046E-03
   1.17349473E-03
   6.41676772E-04
   1.59343227E-03
   5.16832294E-03
   2.64481525E-03
   4.11433075E-03
   2.72153690E-03
   2.72895372E-03
   1.86139205E-03
   1.86486007E-03
   1.86834100E-03
   1.60143990E-03
   1.60400674E-03
   1.36934675E-03
   1.06596330E-03
   7.37347698E-04
   7.28305371E-04
   5.26977354E-04
   5.26699703E-04
   5.26422344E-04
   5.60511136E-04
   9.66507650E-04
   4.26804461E-03
   5.91902062E-03
   5.78448083E-03
   4.92636440E-03
   4.90215514E-03
   4.87818243E-03
   5.83450368E-04
   1.60667114E-03
   1.83677976E-03
   1.96765107E-03
   2.06787791E-03
   2.23828596E-03
   2.20999401E-03
   4.08695685E-03
   4.10369411E-03
   2.19872803E-03
   2.20356788E-03
   8.24395509E-04
   8.23716167E-04
   1.22534949E-03
   1.22384902E-03
   1.65673567E-03
   1.65399327E-03
   2.06923718E-03
   2.07352336E-03
   2.62045115E-03
   1.16713450E-03
   1.15033437E-03
   2.30362080E-03
   5.17711393E-04
   5.17443405E-04
   5.17175708E-04
   5.16908302E-04
   1.68971170E-03
   1.69256923E-03
   1.66657218E-03
   3.17846565E-03
   5.15579188E-04
   5.15313353E-04
   5.15047926E-04
   5.14783955E-04
   2.44074804E-03
   2.12150649E-03
   2.12601200E-03
   1.53400330E-03
   1.53165183E-03
   1.50789984E-03
   3.00176791E-03
   5.12679340E-04
   5.12416591E-04
   5.12154016E-04
   5.11891791E-04
   5.11629798E-04
   5.11368096E-04
   5.11107850E-04
   5.10847894E-04
   5.10587066E-04
   5.10326412E-04
   6.51832321E-04
   9.07695212E-04
   9.04947694E-04
   9.02025844E-04
   2.32894532E-03
   2.33437563E-03
   2.33983132E-03
   5.07328706E-03
   1.74442586E-03
   1.55570288E-03
   1.12594373E-03
   1.12467667E-03
   5.22695598E-04
   5.22422488E-04
   5.22149610E-04
   5.21877024E-04
   5.76500490E-04
   5.05692034E-04
   5.05436386E-04
   5.05180971E-04
   6.72480906E-04
   1.10522541E-03
   5.72619552E-04
   5.72947552E-04
   5.48150798E-04
   5.48451324E-04
   5.03405172E-04
   1.81156781E-03
   1.97148160E-03
   1.97537197E-03
   1.76052318E-03
   1.72440358E-03
   1.19901809E-03
   6.94992195E-04
   6.95475319E-04
   6.35299715E-04
   5.17228851E-04
   2.62704981E-03
   3.15349642E-03
   5.00139722E-04
   4.99889662E-04
