   0.00000000       0.00000000       0.00000000    
   8.12506987E-05   0.00000000       0.00000000    
   3.25147063E-04   0.00000000       0.00000000    
   7.31731998E-04   0.00000000       0.00000000    
   1.30064855E-03   0.00000000       0.00000000    
   2.03218497E-03   0.00000000       0.00000000    
   2.92663532E-03   0.00000000       0.00000000    
   3.98355443E-03   0.00000000       0.00000000    
   5.20276325E-03   0.00000000       0.00000000    
   6.58477098E-03   0.00000000       0.00000000    
   8.12936388E-03   0.00000000       0.00000000    
   9.83640738E-03   0.00000000       0.00000000    
   1.17058745E-02   0.00000000       0.00000000    
   1.37379281E-02   0.00000000       0.00000000    
   1.59327835E-02   0.00000000       0.00000000    
   1.82902310E-02   0.00000000       0.00000000    
   2.08099950E-02   0.00000000       0.00000000    
   2.34925356E-02   0.00000000       0.00000000    
   2.63375789E-02   0.00000000       0.00000000    
   2.93452218E-02   0.00000000       0.00000000    
   3.25149186E-02   0.00000000       0.00000000    
   3.58476751E-02   0.00000000       0.00000000    
   3.93431075E-02   0.00000000       0.00000000    
   4.30009663E-02   0.00000000       0.00000000    
   4.68214229E-02   0.00000000       0.00000000    
   5.08043431E-02   0.00000000       0.00000000    
   5.49500547E-02   0.00000000       0.00000000    
   5.92578389E-02   0.00000000       0.00000000    
   6.37284890E-02   0.00000000       0.00000000    
   6.83616102E-02   0.00000000       0.00000000    
   7.31572211E-02   0.00000000       0.00000000    
   7.81157166E-02   0.00000000       0.00000000    
   8.32365751E-02   0.00000000       0.00000000    
   8.85199383E-02   0.00000000       0.00000000    
   9.39659774E-02   0.00000000       0.00000000    
   9.95744318E-02   0.00000000       0.00000000    
  0.105345540       0.00000000       0.00000000    
  0.111279108       0.00000000       0.00000000    
  0.117375210       0.00000000       0.00000000    
  0.123634063       0.00000000       0.00000000    
  0.130055249       0.00000000       0.00000000    
  0.136639252       0.00000000       0.00000000    
  0.143385753       0.00000000       0.00000000    
  0.150294527       0.00000000       0.00000000    
  0.157366052       0.00000000       0.00000000    
  0.164600194       0.00000000       0.00000000    
  0.171996742       0.00000000       0.00000000    
  0.179555967       0.00000000       0.00000000    
  0.187277839       0.00000000       0.00000000    
  0.195162058       0.00000000       0.00000000    
  0.203208879       0.00000000       0.00000000    
  0.211418420       0.00000000       0.00000000    
  0.219790354       0.00000000       0.00000000    
  0.228324920       0.00000000       0.00000000    
  0.237022236       0.00000000       0.00000000    
  0.245881870       0.00000000       0.00000000    
  0.254904002       0.00000000       0.00000000    
  0.264088690       0.00000000       0.00000000    
  0.273436010       0.00000000       0.00000000    
  0.282945961       0.00000000       0.00000000    
  0.292618334       0.00000000       0.00000000    
  0.302453160       0.00000000       0.00000000    
  0.312450975       0.00000000       0.00000000    
  0.322610825       0.00000000       0.00000000    
  0.332933635       0.00000000       0.00000000    
  0.343418628       0.00000000       0.00000000    
  0.354066521       0.00000000       0.00000000    
  0.364876777       0.00000000       0.00000000    
  0.375850201       0.00000000       0.00000000    
  0.386985898       0.00000000       0.00000000    
  0.398280531       0.00000000       0.00000000    
  0.409729183       0.00000000       0.00000000    
  0.421326846       0.00000000       0.00000000    
  0.433068156       0.00000000       0.00000000    
  0.444947720       0.00000000       0.00000000    
  0.456960678       0.00000000       0.00000000    
  0.469101399       0.00000000       0.00000000    
  0.481365263       0.00000000       0.00000000    
  0.493746221       0.00000000       0.00000000    
  0.506239533       0.00000000       0.00000000    
  0.518839717       0.00000000       0.00000000    
  0.531541765       0.00000000       0.00000000    
  0.544340611       0.00000000       0.00000000    
  0.557230532       0.00000000       0.00000000    
  0.570207059       0.00000000       0.00000000    
  0.583265007       0.00000000       0.00000000    
  0.596398473       0.00000000       0.00000000    
  0.609602690       0.00000000       0.00000000    
  0.622873187       0.00000000       0.00000000    
  0.636204660       0.00000000       0.00000000    
  0.649591386       0.00000000       0.00000000    
  0.663028657       0.00000000       0.00000000    
  0.676510751       0.00000000       0.00000000    
  0.690033674       0.00000000       0.00000000    
  0.703592062       0.00000000       0.00000000    
  0.717180848       0.00000000       0.00000000    
  0.730794430       0.00000000       0.00000000    
  0.744428337       0.00000000       0.00000000    
  0.758077145       0.00000000       0.00000000    
  0.771736324       0.00000000       0.00000000    
  0.785400331       0.00000000       0.00000000    
  0.799064219       0.00000000       0.00000000    
  0.812723696       0.00000000       0.00000000    
  0.826372623       0.00000000       0.00000000    
  0.840006649       0.00000000       0.00000000    
  0.853620291       0.00000000       0.00000000    
  0.867209077       0.00000000       0.00000000    
  0.880767703       0.00000000       0.00000000    
  0.894290745       0.00000000       0.00000000    
  0.907772958       0.00000000       0.00000000    
  0.921210170       0.00000000       0.00000000    
  0.934596717       0.00000000       0.00000000    
  0.947927773       0.00000000       0.00000000    
  0.961198568       0.00000000       0.00000000    
  0.974402905       0.00000000       0.00000000    
  0.987536669       0.00000000       0.00000000    
   1.00059438       0.00000000       0.00000000    
   1.01357067       0.00000000       0.00000000    
   1.02646112       0.00000000       0.00000000    
   1.03925943       0.00000000       0.00000000    
   1.05196118       0.00000000       0.00000000    
   1.06456184       0.00000000       0.00000000    
   1.07705545       0.00000000       0.00000000    
   1.08943689       0.00000000       0.00000000    
   1.10169983       0.00000000       0.00000000    
   1.11384165       0.00000000       0.00000000    
   1.12585413       0.00000000       0.00000000    
   1.13773370       0.00000000       0.00000000    
   1.14947534       0.00000000       0.00000000    
   1.16107309       0.00000000       0.00000000    
   1.17252147       0.00000000       0.00000000    
   1.18381596       0.00000000       0.00000000    
   1.19495189       0.00000000       0.00000000    
   1.20592499       0.00000000       0.00000000    
   1.21673524       0.00000000       0.00000000    
   1.22738338       0.00000000       0.00000000    
   1.23786807       0.00000000       0.00000000    
   1.24819112       0.00000000       0.00000000    
   1.25835097       0.00000000       0.00000000    
   1.26834846       0.00000000       0.00000000    
   1.27818263       0.00000000       0.00000000    
   1.28785598       0.00000000       0.00000000    
   1.29736531       0.00000000       0.00000000    
   1.30671287       0.00000000       0.00000000    
   1.31589818       0.00000000       0.00000000    
   1.32492018       0.00000000       0.00000000    
   1.33377922       0.00000000       0.00000000    
   1.34247696       0.00000000       0.00000000    
   1.35101104       0.00000000       0.00000000    
   1.35938334       0.00000000       0.00000000    
   1.36759233       0.00000000       0.00000000    
   1.37564003       0.00000000       0.00000000    
   1.38352430       0.00000000       0.00000000    
   1.39124560       0.00000000       0.00000000    
   1.39880514       0.00000000       0.00000000    
   1.40620148       0.00000000       0.00000000    
   1.41343558       0.00000000       0.00000000    
   1.42050672       0.00000000       0.00000000    
   1.42741561       0.00000000       0.00000000    
   1.43416262       0.00000000       0.00000000    
   1.44074667       0.00000000       0.00000000    
   1.44716787       0.00000000       0.00000000    
   1.45342684       0.00000000       0.00000000    
   1.45952213       0.00000000       0.00000000    
   1.46545613       0.00000000       0.00000000    
   1.47122693       0.00000000       0.00000000    
   1.47683513       0.00000000       0.00000000    
   1.48228109       0.00000000       0.00000000    
   1.48756528       0.00000000       0.00000000    
   1.49268556       0.00000000       0.00000000    
   1.49764335       0.00000000       0.00000000    
   1.50243914       0.00000000       0.00000000    
   1.50707233       0.00000000       0.00000000    
   1.51154315       0.00000000       0.00000000    
   1.51585102       0.00000000       0.00000000    
   1.51999676       0.00000000       0.00000000    
   1.52397907       0.00000000       0.00000000    
   1.52779961       0.00000000       0.00000000    
   1.53145730       0.00000000       0.00000000    
   1.53495240       0.00000000       0.00000000    
   1.53828561       0.00000000       0.00000000    
   1.54145491       0.00000000       0.00000000    
   1.54446220       0.00000000       0.00000000    
   1.54730773       0.00000000       0.00000000    
   1.54998970       0.00000000       0.00000000    
   1.55251002       0.00000000       0.00000000    
   1.55486703       0.00000000       0.00000000    
   1.55706155       0.00000000       0.00000000    
   1.55909419       0.00000000       0.00000000    
   1.56096327       0.00000000       0.00000000    
   1.56267011       0.00000000       0.00000000    
   1.56421447       0.00000000       0.00000000    
   1.56559634       0.00000000       0.00000000    
   1.56681609       0.00000000       0.00000000    
   1.56787241       0.00000000       0.00000000    
   1.56876719       0.00000000       0.00000000    
   1.56949925       0.00000000       0.00000000    
   1.57006812       0.00000000       0.00000000    
   1.57047451       0.00000000       0.00000000    
   1.57071841       0.00000000       0.00000000    
   1.57079995       0.00000000       0.00000000    
