   0.00000000       0.00000000       1.00001168    
   0.00000000       0.00000000       1.00000775    
   0.00000000       0.00000000       1.00000024    
   0.00000000       0.00000000       1.00000763    
   0.00000000       0.00000000      0.999996185    
   0.00000000       0.00000000       1.00000644    
   0.00000000       0.00000000       1.00000238    
   0.00000000       0.00000000       1.00000989    
   0.00000000       0.00000000      0.999997079    
   0.00000000       0.00000000       1.00001585    
   0.00000000       0.00000000       1.00000119    
   0.00000000       0.00000000       1.00000811    
   0.00000000       0.00000000       1.00000703    
   0.00000000       0.00000000       1.00000930    
   0.00000000       0.00000000      0.999992967    
   0.00000000       0.00000000       1.00002098    
   0.00000000       0.00000000      0.999992967    
   0.00000000       0.00000000       1.00002098    
   0.00000000       0.00000000      0.999978960    
   0.00000000       0.00000000       1.00001276    
   0.00000000       0.00000000       1.00002337    
   0.00000000       0.00000000      0.999995351    
   0.00000000       0.00000000       1.00000000    
   0.00000000       0.00000000       1.00002801    
   0.00000000       0.00000000      0.999978960    
   0.00000000       0.00000000       1.00000465    
   0.00000000       0.00000000       1.00003040    
   0.00000000       0.00000000      0.999990642    
   0.00000000       0.00000000       1.00000465    
   0.00000000       0.00000000      0.999985993    
   0.00000000       0.00000000       1.00002575    
   0.00000000       0.00000000      0.999985993    
   0.00000000       0.00000000       1.00003970    
   0.00000000       0.00000000      0.999988317    
   0.00000000       0.00000000      0.999995351    
   0.00000000       0.00000000       1.00000465    
   0.00000000       0.00000000       1.00000238    
   0.00000000       0.00000000      0.999957919    
   0.00000000       0.00000000       1.00004673    
   0.00000000       0.00000000      0.999927521    
   0.00000000       0.00000000       1.00003040    
   0.00000000       0.00000000      0.999978960    
   0.00000000       0.00000000       1.00003505    
   0.00000000       0.00000000      0.999997675    
   0.00000000       0.00000000       1.00001168    
   0.00000000       0.00000000      0.999978960    
   0.00000000       0.00000000       1.00002098    
   0.00000000       0.00000000      0.999978960    
   0.00000000       0.00000000       1.00001168    
   0.00000000       0.00000000       1.00000703    
   0.00000000       0.00000000      0.999983609    
   0.00000000       0.00000000      0.999978960    
   0.00000000       0.00000000       1.00000703    
   0.00000000       0.00000000       1.00000703    
   0.00000000       0.00000000      0.999997675    
   0.00000000       0.00000000      0.999997675    
   0.00000000       0.00000000      0.999978960    
   0.00000000       0.00000000      0.999992967    
   0.00000000       0.00000000      0.999988317    
   0.00000000       0.00000000       1.00000703    
   0.00000000       0.00000000      0.999988317    
   0.00000000       0.00000000      0.999992967    
   0.00000000       0.00000000      0.999997675    
   0.00000000       0.00000000      0.999974310    
   0.00000000       0.00000000      0.999983609    
   0.00000000       0.00000000      0.999950886    
   0.00000000       0.00000000       1.00002098    
   0.00000000       0.00000000       1.00628531    
   0.00000000       0.00000000      0.991353810    
   0.00000000       0.00000000      0.963225126    
   0.00000000       0.00000000      0.932202637    
   0.00000000       0.00000000      0.900254548    
   0.00000000       0.00000000      0.867993236    
   0.00000000       0.00000000      0.835596383    
   0.00000000       0.00000000      0.803255558    
   0.00000000       0.00000000      0.770910144    
   0.00000000       0.00000000      0.738634825    
   0.00000000       0.00000000      0.706438959    
   0.00000000       0.00000000      0.674336553    
   0.00000000       0.00000000      0.642327726    
   0.00000000       0.00000000      0.610370278    
   0.00000000       0.00000000      0.578553081    
   0.00000000       0.00000000      0.546763957    
   0.00000000       0.00000000      0.515077651    
   0.00000000       0.00000000      0.483438075    
   0.00000000       0.00000000      0.451938778    
   0.00000000       0.00000000      0.420476884    
   0.00000000       0.00000000      0.389052391    
   0.00000000       0.00000000      0.357721359    
   0.00000000       0.00000000      0.326381028    
   0.00000000       0.00000000      0.295199603    
   0.00000000       0.00000000      0.263971448    
   0.00000000       0.00000000      0.232836783    
   0.00000000       0.00000000      0.201702118    
   0.00000000       0.00000000      0.170623556    
   0.00000000       0.00000000      0.139544994    
   0.00000000       0.00000000      0.108531877    
   0.00000000       0.00000000       7.75187612E-02
   0.00000000       0.00000000       4.64776009E-02
   0.00000000       0.00000000       1.55112324E-02
   0.00000000       0.00000000      -1.54925333E-02
   0.00000000       0.00000000      -4.65149991E-02
   0.00000000       0.00000000      -7.75094107E-02
   0.00000000       0.00000000     -0.108541228    
   0.00000000       0.00000000     -0.139535651    
   0.00000000       0.00000000     -0.170642257    
   0.00000000       0.00000000     -0.201720819    
   0.00000000       0.00000000     -0.232799381    
   0.00000000       0.00000000     -0.263999492    
   0.00000000       0.00000000     -0.295152843    
   0.00000000       0.00000000     -0.326446474    
   0.00000000       0.00000000     -0.357683986    
   0.00000000       0.00000000     -0.389052391    
   0.00000000       0.00000000     -0.420458198    
   0.00000000       0.00000000     -0.451929450    
   0.00000000       0.00000000     -0.483484834    
   0.00000000       0.00000000     -0.515058935    
   0.00000000       0.00000000     -0.546763957    
   0.00000000       0.00000000     -0.578534365    
   0.00000000       0.00000000     -0.610403001    
   0.00000000       0.00000000     -0.642323017    
   0.00000000       0.00000000     -0.674341261    
   0.00000000       0.00000000     -0.706448317    
   0.00000000       0.00000000     -0.738648832    
   0.00000000       0.00000000     -0.770896077    
   0.00000000       0.00000000     -0.803241551    
   0.00000000       0.00000000     -0.835619748    
   0.00000000       0.00000000     -0.867979228    
   0.00000000       0.00000000     -0.900245190    
   0.00000000       0.00000000     -0.932183921    
   0.00000000       0.00000000     -0.963257849    
   0.00000000       0.00000000     -0.991349161    
   0.00000000       0.00000000      -1.00631809    
   0.00000000       0.00000000     -0.999997675    
   0.00000000       0.00000000     -0.999964952    
   0.00000000       0.00000000     -0.999978960    
   0.00000000       0.00000000     -0.999960244    
   0.00000000       0.00000000     -0.999969602    
   0.00000000       0.00000000      -1.00000703    
   0.00000000       0.00000000     -0.999978960    
   0.00000000       0.00000000      -1.00000238    
   0.00000000       0.00000000      -1.00000703    
   0.00000000       0.00000000      -1.00000703    
   0.00000000       0.00000000     -0.999988317    
   0.00000000       0.00000000     -0.999997675    
   0.00000000       0.00000000     -0.999992967    
   0.00000000       0.00000000     -0.999992967    
   0.00000000       0.00000000      -1.00000703    
   0.00000000       0.00000000     -0.999988317    
   0.00000000       0.00000000     -0.999997675    
   0.00000000       0.00000000     -0.999992967    
   0.00000000       0.00000000     -0.999983609    
   0.00000000       0.00000000      -1.00001633    
   0.00000000       0.00000000      -1.00000703    
   0.00000000       0.00000000      -1.00001633    
   0.00000000       0.00000000     -0.999988317    
   0.00000000       0.00000000     -0.999992967    
   0.00000000       0.00000000      -1.00001633    
   0.00000000       0.00000000     -0.999997675    
   0.00000000       0.00000000      -1.00000703    
   0.00000000       0.00000000      -1.00001872    
   0.00000000       0.00000000     -0.999983609    
   0.00000000       0.00000000      -1.00002337    
   0.00000000       0.00000000      -1.00000238    
   0.00000000       0.00000000      -1.00000000    
   0.00000000       0.00000000      -1.00001168    
   0.00000000       0.00000000      -1.00001168    
   0.00000000       0.00000000      -1.00000000    
   0.00000000       0.00000000      -1.00000238    
   0.00000000       0.00000000      -1.00001168    
   0.00000000       0.00000000     -0.999997675    
   0.00000000       0.00000000      -1.00000703    
   0.00000000       0.00000000      -1.00000238    
   0.00000000       0.00000000      -1.00000465    
   0.00000000       0.00000000      -1.00000465    
   0.00000000       0.00000000      -1.00000000    
   0.00000000       0.00000000     -0.999995351    
   0.00000000       0.00000000      -1.00000703    
   0.00000000       0.00000000     -0.999997675    
   0.00000000       0.00000000      -1.00000238    
   0.00000000       0.00000000     -0.999997675    
   0.00000000       0.00000000      -1.00000346    
   0.00000000       0.00000000     -0.999997675    
   0.00000000       0.00000000      -1.00000238    
   0.00000000       0.00000000     -0.999996543    
   0.00000000       0.00000000      -1.00000119    
   0.00000000       0.00000000     -0.999997675    
   0.00000000       0.00000000     -0.999996543    
   0.00000000       0.00000000     -0.999997675    
   0.00000000       0.00000000     -0.999997675    
   0.00000000       0.00000000      -1.00000119    
   0.00000000       0.00000000      -1.00000000    
   0.00000000       0.00000000      -1.00000060    
   0.00000000       0.00000000      -1.00000119    
   0.00000000       0.00000000      -1.00000060    
   0.00000000       0.00000000      -1.00000203    
   0.00000000       0.00000000      -1.00000155    
   0.00000000       0.00000000      -1.00000286    
   0.00000000       0.00000000      -1.00000310    
   0.00000000       0.00000000      -1.00000334    
