   0.00000000       0.00000000       0.00000000    
   0.00000000       0.00000000       1.27501488E-02
   0.00000000       0.00000000       2.55002473E-02
   0.00000000       0.00000000       3.82502489E-02
   0.00000000       0.00000000       5.10003455E-02
   0.00000000       0.00000000       6.37502968E-02
   0.00000000       0.00000000       7.65003785E-02
   0.00000000       0.00000000       8.92504081E-02
   0.00000000       0.00000000      0.102000535    
   0.00000000       0.00000000      0.114750497    
   0.00000000       0.00000000      0.127500698    
   0.00000000       0.00000000      0.140250713    
   0.00000000       0.00000000      0.153000817    
   0.00000000       0.00000000      0.165750906    
   0.00000000       0.00000000      0.178501025    
   0.00000000       0.00000000      0.191250935    
   0.00000000       0.00000000      0.204001203    
   0.00000000       0.00000000      0.216751114    
   0.00000000       0.00000000      0.229501382    
   0.00000000       0.00000000      0.242251113    
   0.00000000       0.00000000      0.255001277    
   0.00000000       0.00000000      0.267751575    
   0.00000000       0.00000000      0.280501515    
   0.00000000       0.00000000      0.293251514    
   0.00000000       0.00000000      0.306001872    
   0.00000000       0.00000000      0.318751603    
   0.00000000       0.00000000      0.331501663    
   0.00000000       0.00000000      0.344252050    
   0.00000000       0.00000000      0.357001930    
   0.00000000       0.00000000      0.369751990    
   0.00000000       0.00000000      0.382501811    
   0.00000000       0.00000000      0.395252138    
   0.00000000       0.00000000      0.408001959    
   0.00000000       0.00000000      0.420752466    
   0.00000000       0.00000000      0.433502316    
   0.00000000       0.00000000      0.446252257    
   0.00000000       0.00000000      0.459002316    
   0.00000000       0.00000000      0.471752346    
   0.00000000       0.00000000      0.484501809    
   0.00000000       0.00000000      0.497252405    
   0.00000000       0.00000000      0.510001481    
   0.00000000       0.00000000      0.522751868    
   0.00000000       0.00000000      0.535501599    
   0.00000000       0.00000000      0.548252046    
   0.00000000       0.00000000      0.561002016    
   0.00000000       0.00000000      0.573752165    
   0.00000000       0.00000000      0.586501896    
   0.00000000       0.00000000      0.599252164    
   0.00000000       0.00000000      0.612001896    
   0.00000000       0.00000000      0.624752045    
   0.00000000       0.00000000      0.637502134    
   0.00000000       0.00000000      0.650251925    
   0.00000000       0.00000000      0.663001657    
   0.00000000       0.00000000      0.675751746    
   0.00000000       0.00000000      0.688501835    
   0.00000000       0.00000000      0.701251805    
   0.00000000       0.00000000      0.714001775    
   0.00000000       0.00000000      0.726751506    
   0.00000000       0.00000000      0.739501417    
   0.00000000       0.00000000      0.752251267    
   0.00000000       0.00000000      0.765001357    
   0.00000000       0.00000000      0.777751207    
   0.00000000       0.00000000      0.790501118    
   0.00000000       0.00000000      0.803251088    
   0.00000000       0.00000000      0.816000760    
   0.00000000       0.00000000      0.828750551    
   0.00000000       0.00000000      0.841499925    
   0.00000000       0.00000000      0.854250193    
   0.00000000       0.00000000      0.867080331    
   0.00000000       0.00000000      0.879720092    
   0.00000000       0.00000000      0.892001212    
   0.00000000       0.00000000      0.903886795    
   0.00000000       0.00000000      0.915365040    
   0.00000000       0.00000000      0.926431954    
   0.00000000       0.00000000      0.937085807    
   0.00000000       0.00000000      0.947327316    
   0.00000000       0.00000000      0.957156420    
   0.00000000       0.00000000      0.966574013    
   0.00000000       0.00000000      0.975581110    
   0.00000000       0.00000000      0.984178901    
   0.00000000       0.00000000      0.992368579    
   0.00000000       0.00000000       1.00015080    
   0.00000000       0.00000000       1.00752735    
   0.00000000       0.00000000       1.01449859    
   0.00000000       0.00000000       1.02106583    
   0.00000000       0.00000000       1.02722967    
   0.00000000       0.00000000       1.03299189    
   0.00000000       0.00000000       1.03835297    
   0.00000000       0.00000000       1.04331338    
   0.00000000       0.00000000       1.04787433    
   0.00000000       0.00000000       1.05203569    
   0.00000000       0.00000000       1.05579948    
   0.00000000       0.00000000       1.05916512    
   0.00000000       0.00000000       1.06213379    
   0.00000000       0.00000000       1.06470549    
   0.00000000       0.00000000       1.06688094    
   0.00000000       0.00000000       1.06866014    
   0.00000000       0.00000000       1.07004392    
   0.00000000       0.00000000       1.07103229    
   0.00000000       0.00000000       1.07162488    
   0.00000000       0.00000000       1.07182264    
   0.00000000       0.00000000       1.07162511    
   0.00000000       0.00000000       1.07103205    
   0.00000000       0.00000000       1.07004380    
   0.00000000       0.00000000       1.06865990    
   0.00000000       0.00000000       1.06688082    
   0.00000000       0.00000000       1.06470513    
   0.00000000       0.00000000       1.06213319    
   0.00000000       0.00000000       1.05916500    
   0.00000000       0.00000000       1.05579901    
   0.00000000       0.00000000       1.05203581    
   0.00000000       0.00000000       1.04787362    
   0.00000000       0.00000000       1.04331315    
   0.00000000       0.00000000       1.03835273    
   0.00000000       0.00000000       1.03299189    
   0.00000000       0.00000000       1.02722979    
   0.00000000       0.00000000       1.02106535    
   0.00000000       0.00000000       1.01449835    
   0.00000000       0.00000000       1.00752711    
   0.00000000       0.00000000       1.00015080    
   0.00000000       0.00000000      0.992368162    
   0.00000000       0.00000000      0.984178543    
   0.00000000       0.00000000      0.975580692    
   0.00000000       0.00000000      0.966573477    
   0.00000000       0.00000000      0.957155704    
   0.00000000       0.00000000      0.947326779    
   0.00000000       0.00000000      0.937085450    
   0.00000000       0.00000000      0.926431298    
   0.00000000       0.00000000      0.915364563    
   0.00000000       0.00000000      0.903886437    
   0.00000000       0.00000000      0.892001092    
   0.00000000       0.00000000      0.879719555    
   0.00000000       0.00000000      0.867079854    
   0.00000000       0.00000000      0.854249299    
   0.00000000       0.00000000      0.841499329    
   0.00000000       0.00000000      0.828749776    
   0.00000000       0.00000000      0.816000044    
   0.00000000       0.00000000      0.803250551    
   0.00000000       0.00000000      0.790500939    
   0.00000000       0.00000000      0.777750850    
   0.00000000       0.00000000      0.765001118    
   0.00000000       0.00000000      0.752251089    
   0.00000000       0.00000000      0.739500999    
   0.00000000       0.00000000      0.726750910    
   0.00000000       0.00000000      0.714001060    
   0.00000000       0.00000000      0.701251090    
   0.00000000       0.00000000      0.688501179    
   0.00000000       0.00000000      0.675751269    
   0.00000000       0.00000000      0.663001180    
   0.00000000       0.00000000      0.650251329    
   0.00000000       0.00000000      0.637501359    
   0.00000000       0.00000000      0.624751449    
   0.00000000       0.00000000      0.612001657    
   0.00000000       0.00000000      0.599251449    
   0.00000000       0.00000000      0.586501360    
   0.00000000       0.00000000      0.573751152    
   0.00000000       0.00000000      0.561001301    
   0.00000000       0.00000000      0.548251390    
   0.00000000       0.00000000      0.535501182    
   0.00000000       0.00000000      0.522751212    
   0.00000000       0.00000000      0.510001123    
   0.00000000       0.00000000      0.497250885    
   0.00000000       0.00000000      0.484501094    
   0.00000000       0.00000000      0.471750796    
   0.00000000       0.00000000      0.459000766    
   0.00000000       0.00000000      0.446250767    
   0.00000000       0.00000000      0.433500618    
   0.00000000       0.00000000      0.420750469    
   0.00000000       0.00000000      0.408000469    
   0.00000000       0.00000000      0.395250440    
   0.00000000       0.00000000      0.382500291    
   0.00000000       0.00000000      0.369750321    
   0.00000000       0.00000000      0.357000232    
   0.00000000       0.00000000      0.344250202    
   0.00000000       0.00000000      0.331500143    
   0.00000000       0.00000000      0.318750083    
   0.00000000       0.00000000      0.306000084    
   0.00000000       0.00000000      0.293250144    
   0.00000000       0.00000000      0.280500054    
   0.00000000       0.00000000      0.267750084    
   0.00000000       0.00000000      0.255000055    
   0.00000000       0.00000000      0.242250085    
   0.00000000       0.00000000      0.229500040    
   0.00000000       0.00000000      0.216750070    
   0.00000000       0.00000000      0.204000041    
   0.00000000       0.00000000      0.191250086    
   0.00000000       0.00000000      0.178500071    
   0.00000000       0.00000000      0.165750101    
   0.00000000       0.00000000      0.153000146    
   0.00000000       0.00000000      0.140250176    
   0.00000000       0.00000000      0.127500206    
   0.00000000       0.00000000      0.114750192    
   0.00000000       0.00000000      0.102000192    
   0.00000000       0.00000000       8.92501846E-02
   0.00000000       0.00000000       7.65001699E-02
   0.00000000       0.00000000       6.37501627E-02
   0.00000000       0.00000000       5.10001369E-02
   0.00000000       0.00000000       3.82501185E-02
   0.00000000       0.00000000       2.55000815E-02
   0.00000000       0.00000000       1.27500426E-02
   0.00000000       0.00000000       0.00000000    
