   0.00000000       0.00000000       0.00000000    
   1.38286312E-04   0.00000000       0.00000000    
   5.49854303E-04   0.00000000       0.00000000    
   1.22979213E-03   0.00000000       0.00000000    
   2.17323634E-03   0.00000000       0.00000000    
   3.37538170E-03   0.00000000       0.00000000    
   4.83148079E-03   0.00000000       0.00000000    
   6.53685164E-03   0.00000000       0.00000000    
   8.48687999E-03   0.00000000       0.00000000    
   1.06770173E-02   0.00000000       0.00000000    
   1.31027792E-02   0.00000000       0.00000000    
   1.57597512E-02   0.00000000       0.00000000    
   1.86435822E-02   0.00000000       0.00000000    
   2.17499901E-02   0.00000000       0.00000000    
   2.50747576E-02   0.00000000       0.00000000    
   2.86137257E-02   0.00000000       0.00000000    
   3.23634893E-02   0.00000000       0.00000000    
   3.63193303E-02   0.00000000       0.00000000    
   4.04772907E-02   0.00000000       0.00000000    
   4.48334627E-02   0.00000000       0.00000000    
   4.93839905E-02   0.00000000       0.00000000    
   5.41250929E-02   0.00000000       0.00000000    
   5.90530299E-02   0.00000000       0.00000000    
   6.41641319E-02   0.00000000       0.00000000    
   6.94547892E-02   0.00000000       0.00000000    
   7.49214143E-02   0.00000000       0.00000000    
   8.05605054E-02   0.00000000       0.00000000    
   8.63685980E-02   0.00000000       0.00000000    
   9.23422873E-02   0.00000000       0.00000000    
   9.84782055E-02   0.00000000       0.00000000    
  0.104773045       0.00000000       0.00000000    
  0.111224644       0.00000000       0.00000000    
  0.117829219       0.00000000       0.00000000    
  0.124583080       0.00000000       0.00000000    
  0.131483108       0.00000000       0.00000000    
  0.138526708       0.00000000       0.00000000    
  0.145710379       0.00000000       0.00000000    
  0.153031096       0.00000000       0.00000000    
  0.160485908       0.00000000       0.00000000    
  0.168071926       0.00000000       0.00000000    
  0.175786272       0.00000000       0.00000000    
  0.183626086       0.00000000       0.00000000    
  0.191588610       0.00000000       0.00000000    
  0.199671105       0.00000000       0.00000000    
  0.207870826       0.00000000       0.00000000    
  0.216185078       0.00000000       0.00000000    
  0.224611238       0.00000000       0.00000000    
  0.233146653       0.00000000       0.00000000    
  0.241788819       0.00000000       0.00000000    
  0.250535131       0.00000000       0.00000000    
  0.259383082       0.00000000       0.00000000    
  0.268330157       0.00000000       0.00000000    
  0.277373970       0.00000000       0.00000000    
  0.286512077       0.00000000       0.00000000    
  0.295742095       0.00000000       0.00000000    
  0.305061549       0.00000000       0.00000000    
  0.314468235       0.00000000       0.00000000    
  0.323960125       0.00000000       0.00000000    
  0.333534598       0.00000000       0.00000000    
  0.343189389       0.00000000       0.00000000    
  0.352922291       0.00000000       0.00000000    
  0.362731367       0.00000000       0.00000000    
  0.372614115       0.00000000       0.00000000    
  0.382568359       0.00000000       0.00000000    
  0.392591983       0.00000000       0.00000000    
  0.402682781       0.00000000       0.00000000    
  0.412838787       0.00000000       0.00000000    
  0.423057765       0.00000000       0.00000000    
  0.433337718       0.00000000       0.00000000    
  0.443676621       0.00000000       0.00000000    
  0.454072386       0.00000000       0.00000000    
  0.464523017       0.00000000       0.00000000    
  0.475026906       0.00000000       0.00000000    
  0.485581696       0.00000000       0.00000000    
  0.496185362       0.00000000       0.00000000    
  0.506836116       0.00000000       0.00000000    
  0.517531931       0.00000000       0.00000000    
  0.528270841       0.00000000       0.00000000    
  0.539050937       0.00000000       0.00000000    
  0.549870431       0.00000000       0.00000000    
  0.560727417       0.00000000       0.00000000    
  0.571619928       0.00000000       0.00000000    
  0.582546175       0.00000000       0.00000000    
  0.593504310       0.00000000       0.00000000    
  0.604492426       0.00000000       0.00000000    
  0.615508795       0.00000000       0.00000000    
  0.626551628       0.00000000       0.00000000    
  0.637618899       0.00000000       0.00000000    
  0.648708940       0.00000000       0.00000000    
  0.659819961       0.00000000       0.00000000    
  0.670950174       0.00000000       0.00000000    
  0.682097733       0.00000000       0.00000000    
  0.693260849       0.00000000       0.00000000    
  0.704437852       0.00000000       0.00000000    
  0.715626955       0.00000000       0.00000000    
  0.726826191       0.00000000       0.00000000    
  0.738034070       0.00000000       0.00000000    
  0.749248624       0.00000000       0.00000000    
  0.760468185       0.00000000       0.00000000    
  0.771691024       0.00000000       0.00000000    
  0.782915235       0.00000000       0.00000000    
  0.794139206       0.00000000       0.00000000    
  0.805361092       0.00000000       0.00000000    
  0.816579223       0.00000000       0.00000000    
  0.827791750       0.00000000       0.00000000    
  0.838996887       0.00000000       0.00000000    
  0.850192964       0.00000000       0.00000000    
  0.861378193       0.00000000       0.00000000    
  0.872550786       0.00000000       0.00000000    
  0.883709073       0.00000000       0.00000000    
  0.894851029       0.00000000       0.00000000    
  0.905974984       0.00000000       0.00000000    
  0.917079329       0.00000000       0.00000000    
  0.928161919       0.00000000       0.00000000    
  0.939221263       0.00000000       0.00000000    
  0.950255394       0.00000000       0.00000000    
  0.961262643       0.00000000       0.00000000    
  0.972240984       0.00000000       0.00000000    
  0.983189285       0.00000000       0.00000000    
  0.994105339       0.00000000       0.00000000    
   1.00498724       0.00000000       0.00000000    
   1.01583338       0.00000000       0.00000000    
   1.02664196       0.00000000       0.00000000    
   1.03741038       0.00000000       0.00000000    
   1.04813766       0.00000000       0.00000000    
   1.05882144       0.00000000       0.00000000    
   1.06945956       0.00000000       0.00000000    
   1.08004987       0.00000000       0.00000000    
   1.09059107       0.00000000       0.00000000    
   1.10108066       0.00000000       0.00000000    
   1.11151683       0.00000000       0.00000000    
   1.12189758       0.00000000       0.00000000    
   1.13222098       0.00000000       0.00000000    
   1.14248455       0.00000000       0.00000000    
   1.15268695       0.00000000       0.00000000    
   1.16282547       0.00000000       0.00000000    
   1.17289829       0.00000000       0.00000000    
   1.18290353       0.00000000       0.00000000    
   1.19283867       0.00000000       0.00000000    
   1.20270157       0.00000000       0.00000000    
   1.21249044       0.00000000       0.00000000    
   1.22220290       0.00000000       0.00000000    
   1.23183632       0.00000000       0.00000000    
   1.24138951       0.00000000       0.00000000    
   1.25085986       0.00000000       0.00000000    
   1.26024437       0.00000000       0.00000000    
   1.26954198       0.00000000       0.00000000    
   1.27874947       0.00000000       0.00000000    
   1.28786421       0.00000000       0.00000000    
   1.29688394       0.00000000       0.00000000    
   1.30580652       0.00000000       0.00000000    
   1.31462908       0.00000000       0.00000000    
   1.32334936       0.00000000       0.00000000    
   1.33196449       0.00000000       0.00000000    
   1.34047222       0.00000000       0.00000000    
   1.34886956       0.00000000       0.00000000    
   1.35715425       0.00000000       0.00000000    
   1.36532342       0.00000000       0.00000000    
   1.37337446       0.00000000       0.00000000    
   1.38130486       0.00000000       0.00000000    
   1.38911152       0.00000000       0.00000000    
   1.39679170       0.00000000       0.00000000    
   1.40434277       0.00000000       0.00000000    
   1.41176152       0.00000000       0.00000000    
   1.41904509       0.00000000       0.00000000    
   1.42619073       0.00000000       0.00000000    
   1.43319523       0.00000000       0.00000000    
   1.44005573       0.00000000       0.00000000    
   1.44676900       0.00000000       0.00000000    
   1.45333254       0.00000000       0.00000000    
   1.45974255       0.00000000       0.00000000    
   1.46599567       0.00000000       0.00000000    
   1.47208929       0.00000000       0.00000000    
   1.47801971       0.00000000       0.00000000    
   1.48378348       0.00000000       0.00000000    
   1.48937762       0.00000000       0.00000000    
   1.49479806       0.00000000       0.00000000    
   1.50004125       0.00000000       0.00000000    
   1.50510383       0.00000000       0.00000000    
   1.50998199       0.00000000       0.00000000    
   1.51467204       0.00000000       0.00000000    
   1.51917028       0.00000000       0.00000000    
   1.52347291       0.00000000       0.00000000    
   1.52757609       0.00000000       0.00000000    
   1.53147578       0.00000000       0.00000000    
   1.53516805       0.00000000       0.00000000    
   1.53864896       0.00000000       0.00000000    
   1.54191411       0.00000000       0.00000000    
   1.54495955       0.00000000       0.00000000    
   1.54778099       0.00000000       0.00000000    
   1.55037415       0.00000000       0.00000000    
   1.55273473       0.00000000       0.00000000    
   1.55485821       0.00000000       0.00000000    
   1.55673981       0.00000000       0.00000000    
   1.55837548       0.00000000       0.00000000    
   1.55976021       0.00000000       0.00000000    
   1.56088948       0.00000000       0.00000000    
   1.56175911       0.00000000       0.00000000    
   1.56236374       0.00000000       0.00000000    
   1.56269836       0.00000000       0.00000000    
   1.56275880       0.00000000       0.00000000    
