   0.00000000       0.00000000       0.00000000       1.00000000    
   0.00000000       0.00000000       6.91431560E-05   1.00000000    
   0.00000000       0.00000000       2.74927152E-04  0.999999940    
   0.00000000       0.00000000       6.14896067E-04  0.999999762    
   0.00000000       0.00000000       1.08661805E-03  0.999999344    
   0.00000000       0.00000000       1.68769015E-03  0.999998510    
   0.00000000       0.00000000       2.41573830E-03  0.999997020    
   0.00000000       0.00000000       3.26842023E-03  0.999994576    
   0.00000000       0.00000000       4.24342789E-03  0.999990940    
   0.00000000       0.00000000       5.33848396E-03  0.999985695    
   0.00000000       0.00000000       6.55134302E-03  0.999978483    
   0.00000000       0.00000000       7.87979458E-03  0.999968886    
   0.00000000       0.00000000       9.32165701E-03  0.999956489    
   0.00000000       0.00000000       1.08747818E-02  0.999940813    
   0.00000000       0.00000000       1.25370501E-02  0.999921381    
   0.00000000       0.00000000       1.43063748E-02  0.999897659    
   0.00000000       0.00000000       1.61810368E-02  0.999869108    
   0.00000000       0.00000000       1.81586668E-02  0.999835134    
   0.00000000       0.00000000       2.02372633E-02  0.999795198    
   0.00000000       0.00000000       2.24148519E-02  0.999748766    
   0.00000000       0.00000000       2.46894844E-02  0.999695182    
   0.00000000       0.00000000       2.70592403E-02  0.999633849    
   0.00000000       0.00000000       2.95222234E-02  0.999564171    
   0.00000000       0.00000000       3.20765637E-02  0.999485433    
   0.00000000       0.00000000       3.47204134E-02  0.999397099    
   0.00000000       0.00000000       3.74519452E-02  0.999298453    
   0.00000000       0.00000000       4.02693599E-02  0.999188900    
   0.00000000       0.00000000       4.31708768E-02  0.999067724    
   0.00000000       0.00000000       4.61547375E-02  0.998934329    
   0.00000000       0.00000000       4.92192060E-02  0.998787999    
   0.00000000       0.00000000       5.23625650E-02  0.998628139    
   0.00000000       0.00000000       5.55836596E-02  0.998454034    
   0.00000000       0.00000000       5.88805340E-02  0.998265028    
   0.00000000       0.00000000       6.22512624E-02  0.998060524    
   0.00000000       0.00000000       6.56942055E-02  0.997839808    
   0.00000000       0.00000000       6.92079887E-02  0.997602284    
   0.00000000       0.00000000       7.27907494E-02  0.997347295    
   0.00000000       0.00000000       7.64409006E-02  0.997074187    
   0.00000000       0.00000000       8.01568627E-02  0.996782362    
   0.00000000       0.00000000       8.39370787E-02  0.996471167    
   0.00000000       0.00000000       8.77799988E-02  0.996140003    
   0.00000000       0.00000000       9.16840956E-02  0.995788276    
   0.00000000       0.00000000       9.56478566E-02  0.995415390    
   0.00000000       0.00000000       9.96697769E-02  0.995020747    
   0.00000000       0.00000000      0.103748366      0.994603753    
   0.00000000       0.00000000      0.107882150      0.994163871    
   0.00000000       0.00000000      0.112069666      0.993700504    
   0.00000000       0.00000000      0.116309464      0.993213177    
   0.00000000       0.00000000      0.120600112      0.992701352    
   0.00000000       0.00000000      0.124940179      0.992164433    
   0.00000000       0.00000000      0.129328251      0.991602004    
   0.00000000       0.00000000      0.133762926      0.991013527    
   0.00000000       0.00000000      0.138242811      0.990398526    
   0.00000000       0.00000000      0.142766535      0.989756525    
   0.00000000       0.00000000      0.147332713      0.989087105    
   0.00000000       0.00000000      0.151939988      0.988389850    
   0.00000000       0.00000000      0.156587020      0.987664282    
   0.00000000       0.00000000      0.161272645      0.986909986    
   0.00000000       0.00000000      0.165995359      0.986126602    
   0.00000000       0.00000000      0.170753837      0.985313773    
   0.00000000       0.00000000      0.175546765      0.984471142    
   0.00000000       0.00000000      0.180373013      0.983598351    
   0.00000000       0.00000000      0.185231119      0.982695043    
   0.00000000       0.00000000      0.190119803      0.981760979    
   0.00000000       0.00000000      0.195037782      0.980795801    
   0.00000000       0.00000000      0.199983805      0.979799271    
   0.00000000       0.00000000      0.204956606      0.978771150    
   0.00000000       0.00000000      0.209954932      0.977711141    
   0.00000000       0.00000000      0.214977548      0.976619065    
   0.00000000       0.00000000      0.220023230      0.975494683    
   0.00000000       0.00000000      0.225090742      0.974337876    
   0.00000000       0.00000000      0.230178878      0.973148406    
   0.00000000       0.00000000      0.235286593      0.971926093    
   0.00000000       0.00000000      0.240412533      0.970670879    
   0.00000000       0.00000000      0.245555490      0.969382584    
   0.00000000       0.00000000      0.250714302      0.968061149    
   0.00000000       0.00000000      0.255887777      0.966706514    
   0.00000000       0.00000000      0.261074752      0.965318620    
   0.00000000       0.00000000      0.266274065      0.963897407    
   0.00000000       0.00000000      0.271484584      0.962442815    
   0.00000000       0.00000000      0.276705146      0.960954905    
   0.00000000       0.00000000      0.281934619      0.959433675    
   0.00000000       0.00000000      0.287171900      0.957879126    
   0.00000000       0.00000000      0.292415857      0.956291318    
   0.00000000       0.00000000      0.297665358      0.954670310    
   0.00000000       0.00000000      0.302919328      0.953016222    
   0.00000000       0.00000000      0.308176637      0.951329172    
   0.00000000       0.00000000      0.313436210      0.949609280    
   0.00000000       0.00000000      0.318696976      0.947856665    
   0.00000000       0.00000000      0.323957860      0.946071506    
   0.00000000       0.00000000      0.329217792      0.944253981    
   0.00000000       0.00000000      0.334475726      0.942404330    
   0.00000000       0.00000000      0.339730591      0.940522730    
   0.00000000       0.00000000      0.344981372      0.938609481    
   0.00000000       0.00000000      0.350227028      0.936664820    
   0.00000000       0.00000000      0.355466515      0.934688985    
   0.00000000       0.00000000      0.360698819      0.932682335    
   0.00000000       0.00000000      0.365922928      0.930645168    
   0.00000000       0.00000000      0.371137857      0.928577781    
   0.00000000       0.00000000      0.376342595      0.926480591    
   0.00000000       0.00000000      0.381536156      0.924353957    
   0.00000000       0.00000000      0.386717588      0.922198236    
   0.00000000       0.00000000      0.391885877      0.920013905    
   0.00000000       0.00000000      0.397040099      0.917801321    
   0.00000000       0.00000000      0.402179271      0.915561020    
   0.00000000       0.00000000      0.407302439      0.913293421    
   0.00000000       0.00000000      0.412408680      0.910999000    
   0.00000000       0.00000000      0.417497069      0.908678353    
   0.00000000       0.00000000      0.422566682      0.906331897    
   0.00000000       0.00000000      0.427616596      0.903960288    
   0.00000000       0.00000000      0.432645887      0.901564002    
   0.00000000       0.00000000      0.437653661      0.899143696    
   0.00000000       0.00000000      0.442639053      0.896699965    
   0.00000000       0.00000000      0.447601140      0.894233406    
   0.00000000       0.00000000      0.452539086      0.891744673    
   0.00000000       0.00000000      0.457451999      0.889234424    
   0.00000000       0.00000000      0.462339014      0.886703372    
   0.00000000       0.00000000      0.467199296      0.884152174    
   0.00000000       0.00000000      0.472032249      0.881581426    
   0.00000000       0.00000000      0.476836920      0.878991902    
   0.00000000       0.00000000      0.481612355      0.876384497    
   0.00000000       0.00000000      0.486357987      0.873759806    
   0.00000000       0.00000000      0.491072863      0.871118665    
   0.00000000       0.00000000      0.495756030      0.868462026    
   0.00000000       0.00000000      0.500406981      0.865790486    
   0.00000000       0.00000000      0.505024791      0.863104999    
   0.00000000       0.00000000      0.509608507      0.860406578    
   0.00000000       0.00000000      0.514157355      0.857696056    
   0.00000000       0.00000000      0.518670738      0.854974270    
   0.00000000       0.00000000      0.523147762      0.852242172    
   0.00000000       0.00000000      0.527587652      0.849500775    
   0.00000000       0.00000000      0.531989813      0.846750915    
   0.00000000       0.00000000      0.536353350      0.843993723    
   0.00000000       0.00000000      0.540677488      0.841230154    
   0.00000000       0.00000000      0.544961691      0.838461101    
   0.00000000       0.00000000      0.549205065      0.835687757    
   0.00000000       0.00000000      0.553406954      0.832911134    
   0.00000000       0.00000000      0.557566762      0.830132246    
   0.00000000       0.00000000      0.561683595      0.827352285    
   0.00000000       0.00000000      0.565756798      0.824572325    
   0.00000000       0.00000000      0.569785833      0.821793377    
   0.00000000       0.00000000      0.573769867      0.819016755    
   0.00000000       0.00000000      0.577708185      0.816243529    
   0.00000000       0.00000000      0.581600428      0.813474774    
   0.00000000       0.00000000      0.585445821      0.810711741    
   0.00000000       0.00000000      0.589243472      0.807955742    
   0.00000000       0.00000000      0.592993081      0.805207789    
   0.00000000       0.00000000      0.596693754      0.802469254    
   0.00000000       0.00000000      0.600344718      0.799741566    
   0.00000000       0.00000000      0.603945315      0.797025979    
   0.00000000       0.00000000      0.607495070      0.794323683    
   0.00000000       0.00000000      0.610993147      0.791636109    
   0.00000000       0.00000000      0.614438951      0.788964629    
   0.00000000       0.00000000      0.617831767      0.786310554    
   0.00000000       0.00000000      0.621170998      0.783675313    
   0.00000000       0.00000000      0.624455929      0.781060278    
   0.00000000       0.00000000      0.627685964      0.778466880    
   0.00000000       0.00000000      0.630860448      0.775896549    
   0.00000000       0.00000000      0.633978724      0.773350716    
   0.00000000       0.00000000      0.637040198      0.770830810    
   0.00000000       0.00000000      0.640044153      0.768338382    
   0.00000000       0.00000000      0.642989933      0.765874863    
   0.00000000       0.00000000      0.645876884      0.763441801    
   0.00000000       0.00000000      0.648704350      0.761040747    
   0.00000000       0.00000000      0.651471615      0.758673251    
   0.00000000       0.00000000      0.654178023      0.756340802    
   0.00000000       0.00000000      0.656822920      0.754045069    
   0.00000000       0.00000000      0.659405589      0.751787603    
   0.00000000       0.00000000      0.661925375      0.749569952    
   0.00000000       0.00000000      0.664381683      0.747393668    
   0.00000000       0.00000000      0.666773677      0.745260477    
   0.00000000       0.00000000      0.669100523      0.743172109    
   0.00000000       0.00000000      0.671361744      0.741129994    
   0.00000000       0.00000000      0.673556387      0.739136040    
   0.00000000       0.00000000      0.675683677      0.737191916    
   0.00000000       0.00000000      0.677743018      0.735299110    
   0.00000000       0.00000000      0.679733336      0.733459592    
   0.00000000       0.00000000      0.681653857      0.731675029    
   0.00000000       0.00000000      0.683503747      0.729947209    
   0.00000000       0.00000000      0.685282111      0.728277922    
   0.00000000       0.00000000      0.686988056      0.726668894    
   0.00000000       0.00000000      0.688620687      0.725121915    
   0.00000000       0.00000000      0.690179050      0.723638773    
   0.00000000       0.00000000      0.691662192      0.722221315    
   0.00000000       0.00000000      0.693069100      0.720871329    
   0.00000000       0.00000000      0.694398761      0.719590604    
   0.00000000       0.00000000      0.695650101      0.718380988    
   0.00000000       0.00000000      0.696821988      0.717244327    
   0.00000000       0.00000000      0.697913349      0.716182411    
   0.00000000       0.00000000      0.698922992      0.715197146    
   0.00000000       0.00000000      0.699849725      0.714290321    
   0.00000000       0.00000000      0.700692296      0.713463843    
   0.00000000       0.00000000      0.701449394      0.712719500    
   0.00000000       0.00000000      0.702119648      0.712059200    
   0.00000000       0.00000000      0.702701747      0.711484790    
   0.00000000       0.00000000      0.703194201      0.710998058    
   0.00000000       0.00000000      0.703595519      0.710600913    
   0.00000000       0.00000000      0.703904450      0.710294902    
   0.00000000       0.00000000      0.704119146      0.710082054    
   0.00000000       0.00000000      0.704237938      0.709964216    
   0.00000000       0.00000000      0.704259396      0.709942937    
