   0.00000000       0.00000000       0.00000000    
   0.00000000       0.00000000       1.57571360E-02
   0.00000000       0.00000000       3.12325470E-02
   0.00000000       0.00000000       4.64284979E-02
   0.00000000       0.00000000       6.13481477E-02
   0.00000000       0.00000000       7.59948790E-02
   0.00000000       0.00000000       9.03721079E-02
   0.00000000       0.00000000      0.104483724    
   0.00000000       0.00000000      0.118333645    
   0.00000000       0.00000000      0.131925330    
   0.00000000       0.00000000      0.145262763    
   0.00000000       0.00000000      0.158349931    
   0.00000000       0.00000000      0.171190307    
   0.00000000       0.00000000      0.183787748    
   0.00000000       0.00000000      0.196145996    
   0.00000000       0.00000000      0.208268747    
   0.00000000       0.00000000      0.220198184    
   0.00000000       0.00000000      0.231860504    
   0.00000000       0.00000000      0.243297786    
   0.00000000       0.00000000      0.254513472    
   0.00000000       0.00000000      0.265510947    
   0.00000000       0.00000000      0.276293695    
   0.00000000       0.00000000      0.286864728    
   0.00000000       0.00000000      0.297227204    
   0.00000000       0.00000000      0.307384521    
   0.00000000       0.00000000      0.317339480    
   0.00000000       0.00000000      0.327095240    
   0.00000000       0.00000000      0.336654693    
   0.00000000       0.00000000      0.346020728    
   0.00000000       0.00000000      0.355196267    
   0.00000000       0.00000000      0.364215016    
   0.00000000       0.00000000      0.373079240    
   0.00000000       0.00000000      0.381699651    
   0.00000000       0.00000000      0.390140355    
   0.00000000       0.00000000      0.398433298    
   0.00000000       0.00000000      0.406522274    
   0.00000000       0.00000000      0.414438963    
   0.00000000       0.00000000      0.422185779    
   0.00000000       0.00000000      0.429765314    
   0.00000000       0.00000000      0.437179744    
   0.00000000       0.00000000      0.444431424    
   0.00000000       0.00000000      0.451522321    
   0.00000000       0.00000000      0.458454847    
   0.00000000       0.00000000      0.465230972    
   0.00000000       0.00000000      0.471852809    
   0.00000000       0.00000000      0.478322387    
   0.00000000       0.00000000      0.484641731    
   0.00000000       0.00000000      0.490812540    
   0.00000000       0.00000000      0.496837080    
   0.00000000       0.00000000      0.502716839    
   0.00000000       0.00000000      0.508453727    
   0.00000000       0.00000000      0.514049470    
   0.00000000       0.00000000      0.519505978    
   0.00000000       0.00000000      0.524824619    
   0.00000000       0.00000000      0.530007243    
   0.00000000       0.00000000      0.535055399    
   0.00000000       0.00000000      0.539992452    
   0.00000000       0.00000000      0.544775963    
   0.00000000       0.00000000      0.549429595    
   0.00000000       0.00000000      0.553954661    
   0.00000000       0.00000000      0.558352411    
   0.00000000       0.00000000      0.562645316    
   0.00000000       0.00000000      0.566792667    
   0.00000000       0.00000000      0.570816696    
   0.00000000       0.00000000      0.574718714    
   0.00000000       0.00000000      0.578499854    
   0.00000000       0.00000000      0.582161307    
   0.00000000       0.00000000      0.585704088    
   0.00000000       0.00000000      0.589129388    
   0.00000000       0.00000000      0.592438102    
   0.00000000       0.00000000      0.595631421    
   0.00000000       0.00000000      0.598710418    
   0.00000000       0.00000000      0.601694643    
   0.00000000       0.00000000      0.604547322    
   0.00000000       0.00000000      0.607288241    
   0.00000000       0.00000000      0.609918296    
   0.00000000       0.00000000      0.612438202    
   0.00000000       0.00000000      0.614848673    
   0.00000000       0.00000000      0.617150545    
   0.00000000       0.00000000      0.619344592    
   0.00000000       0.00000000      0.621431291    
   0.00000000       0.00000000      0.623411357    
   0.00000000       0.00000000      0.625285566    
   0.00000000       0.00000000      0.627054334    
   0.00000000       0.00000000      0.628718197    
   0.00000000       0.00000000      0.630277634    
   0.00000000       0.00000000      0.631733298    
   0.00000000       0.00000000      0.633085489    
   0.00000000       0.00000000      0.634334445    
   0.00000000       0.00000000      0.635480702    
   0.00000000       0.00000000      0.636524856    
   0.00000000       0.00000000      0.637467086    
   0.00000000       0.00000000      0.638307571    
   0.00000000       0.00000000      0.639046490    
   0.00000000       0.00000000      0.639684439    
   0.00000000       0.00000000      0.640221179    
   0.00000000       0.00000000      0.640657067    
   0.00000000       0.00000000      0.640992284    
   0.00000000       0.00000000      0.641226709    
   0.00000000       0.00000000      0.641360760    
   0.00000000       0.00000000      0.641394198    
   0.00000000       0.00000000      0.641327202    
   0.00000000       0.00000000      0.641159773    
   0.00000000       0.00000000      0.640891671    
   0.00000000       0.00000000      0.640522957    
   0.00000000       0.00000000      0.640053511    
   0.00000000       0.00000000      0.639483035    
   0.00000000       0.00000000      0.638811469    
   0.00000000       0.00000000      0.638038695    
   0.00000000       0.00000000      0.637164354    
   0.00000000       0.00000000      0.636188269    
   0.00000000       0.00000000      0.635110199    
   0.00000000       0.00000000      0.633929491    
   0.00000000       0.00000000      0.632646084    
   0.00000000       0.00000000      0.631259441    
   0.00000000       0.00000000      0.629769325    
   0.00000000       0.00000000      0.628175139    
   0.00000000       0.00000000      0.626493871    
   0.00000000       0.00000000      0.624725103    
   0.00000000       0.00000000      0.622815728    
   0.00000000       0.00000000      0.620817840    
   0.00000000       0.00000000      0.618731022    
   0.00000000       0.00000000      0.616501212    
   0.00000000       0.00000000      0.614181280    
   0.00000000       0.00000000      0.611770749    
   0.00000000       0.00000000      0.609214246    
   0.00000000       0.00000000      0.606547356    
   0.00000000       0.00000000      0.603787899    
   0.00000000       0.00000000      0.600897729    
   0.00000000       0.00000000      0.597894669    
   0.00000000       0.00000000      0.594796896    
   0.00000000       0.00000000      0.591565192    
   0.00000000       0.00000000      0.588217676    
   0.00000000       0.00000000      0.584772885    
   0.00000000       0.00000000      0.581190705    
   0.00000000       0.00000000      0.577489555    
   0.00000000       0.00000000      0.573688447    
   0.00000000       0.00000000      0.569745958    
   0.00000000       0.00000000      0.565680981    
   0.00000000       0.00000000      0.561513007    
   0.00000000       0.00000000      0.557199240    
   0.00000000       0.00000000      0.552759230    
   0.00000000       0.00000000      0.548213065    
   0.00000000       0.00000000      0.543559432    
   0.00000000       0.00000000      0.538732231    
   0.00000000       0.00000000      0.533795297    
   0.00000000       0.00000000      0.528747082    
   0.00000000       0.00000000      0.523519397    
   0.00000000       0.00000000      0.518154979    
   0.00000000       0.00000000      0.512675405    
   0.00000000       0.00000000      0.507032812    
   0.00000000       0.00000000      0.501248538    
   0.00000000       0.00000000      0.495320737    
   0.00000000       0.00000000      0.489247710    
   0.00000000       0.00000000      0.483027607    
   0.00000000       0.00000000      0.476658374    
   0.00000000       0.00000000      0.470138282    
   0.00000000       0.00000000      0.463465184    
   0.00000000       0.00000000      0.456637114    
   0.00000000       0.00000000      0.449652106    
   0.00000000       0.00000000      0.442507863    
   0.00000000       0.00000000      0.435202181    
   0.00000000       0.00000000      0.427733004    
   0.00000000       0.00000000      0.420097947    
   0.00000000       0.00000000      0.412294626    
   0.00000000       0.00000000      0.404320836    
   0.00000000       0.00000000      0.396173954    
   0.00000000       0.00000000      0.387851655    
   0.00000000       0.00000000      0.379381299    
   0.00000000       0.00000000      0.370700389    
   0.00000000       0.00000000      0.361836284    
   0.00000000       0.00000000      0.352817446    
   0.00000000       0.00000000      0.343578726    
   0.00000000       0.00000000      0.334148467    
   0.00000000       0.00000000      0.324556619    
   0.00000000       0.00000000      0.314734846    
   0.00000000       0.00000000      0.304712772    
   0.00000000       0.00000000      0.294487387    
   0.00000000       0.00000000      0.284055740    
   0.00000000       0.00000000      0.273414522    
   0.00000000       0.00000000      0.262560606    
   0.00000000       0.00000000      0.251490802    
   0.00000000       0.00000000      0.240201637    
   0.00000000       0.00000000      0.228689700    
   0.00000000       0.00000000      0.216951773    
   0.00000000       0.00000000      0.204984128    
   0.00000000       0.00000000      0.192783222    
   0.00000000       0.00000000      0.180345699    
   0.00000000       0.00000000      0.167667672    
   0.00000000       0.00000000      0.154745355    
   0.00000000       0.00000000      0.141575292    
   0.00000000       0.00000000      0.128153518    
   0.00000000       0.00000000      0.114476107    
   0.00000000       0.00000000      0.100539520    
   0.00000000       0.00000000       8.63397866E-02
   0.00000000       0.00000000       7.18731284E-02
   0.00000000       0.00000000       5.71813211E-02
   0.00000000       0.00000000       4.21699807E-02
   0.00000000       0.00000000       2.68812068E-02
   0.00000000       0.00000000       1.13590518E-02
   0.00000000       3.51203326E-03  -1.81105640E-03
