   1.00000000    
  0.999999523    
   1.00000012    
   1.00000012    
   1.00000119    
   1.00000095    
  0.999999762    
   1.00000024    
   1.00000048    
  0.999998748    
  0.999999881    
   1.00000250    
   1.00000215    
   1.00000238    
   1.00000060    
   1.00000286    
   1.00000286    
   1.00000131    
   1.00000012    
  0.999998868    
  0.999999285    
  0.999999642    
  0.999996901    
   1.00000203    
  0.999998510    
  0.999998450    
  0.999999881    
   1.00000167    
  0.999999344    
   1.00000119    
   1.00000155    
  0.999998927    
  0.999995887    
   1.00000167    
  0.999999642    
  0.999998152    
  0.999998391    
  0.999999821    
  0.999997854    
  0.999998212    
  0.999999702    
   1.00000060    
  0.999999821    
  0.999995589    
  0.999994516    
  0.999993443    
  0.999993265    
  0.999993801    
  0.999996006    
  0.999993563    
  0.999995053    
  0.999993563    
  0.999993801    
  0.999994576    
  0.999995530    
  0.999996424    
  0.999996245    
  0.999995649    
  0.999993801    
  0.999996066    
  0.999995530    
  0.999996364    
  0.999996066    
  0.999996960    
  0.999997020    
  0.999995828    
  0.999996603    
  0.999996722    
  0.999996305    
  0.999996066    
  0.999997795    
  0.999996722    
  0.999996841    
  0.999997497    
  0.999996543    
  0.999997199    
  0.999996901    
  0.999996603    
  0.999997020    
  0.999996245    
  0.999997199    
  0.999996662    
  0.999997497    
  0.999996901    
  0.999996901    
  0.999997377    
  0.999997318    
  0.999996781    
  0.999997318    
  0.999996722    
  0.999997377    
  0.999997258    
  0.999997437    
  0.999997377    
  0.999996901    
  0.999997795    
  0.999997556    
  0.999997318    
  0.999997616    
  0.999997973    
  0.999997795    
  0.999997437    
  0.999997735    
  0.999997079    
  0.999997973    
  0.999997556    
  0.999997795    
  0.999997675    
  0.999997556    
  0.999997735    
  0.999997735    
  0.999997735    
  0.999997735    
  0.999997556    
  0.999997973    
  0.999997795    
  0.999997437    
  0.999997914    
  0.999997735    
  0.999997914    
  0.999997675    
  0.999998152    
  0.999998093    
  0.999998212    
  0.999998033    
  0.999997973    
  0.999998152    
  0.999998093    
  0.999998212    
  0.999998212    
  0.999998212    
  0.999998212    
  0.999998212    
  0.999998212    
  0.999998093    
  0.999998212    
  0.999998212    
  0.999998331    
  0.999998450    
  0.999998331    
  0.999998569    
  0.999998450    
  0.999998450    
  0.999998450    
  0.999998569    
  0.999998450    
  0.999998450    
  0.999998569    
  0.999998689    
  0.999998569    
  0.999998569    
  0.999998689    
  0.999998689    
  0.999998748    
  0.999998808    
  0.999998569    
  0.999998868    
  0.999998808    
  0.999998808    
  0.999998808    
  0.999998927    
  0.999998868    
  0.999998868    
  0.999998927    
  0.999999046    
  0.999999166    
  0.999999046    
  0.999998927    
  0.999999046    
  0.999999046    
  0.999999166    
  0.999999166    
  0.999999166    
  0.999999106    
  0.999999166    
  0.999999166    
  0.999999344    
  0.999999225    
  0.999999285    
  0.999999344    
  0.999999225    
  0.999999523    
  0.999999404    
  0.999999523    
  0.999999523    
  0.999999285    
  0.999999404    
  0.999999642    
  0.999999583    
  0.999999762    
  0.999999642    
  0.999999642    
  0.999999702    
  0.999999881    
  0.999999762    
   1.00000000    
  0.999999881    
  0.999999881    
   1.00000000    
   1.00000000    
   1.00000000    
