   0.00000000       0.00000000       0.00000000       1.00000000    
   0.00000000       0.00000000       6.92340691E-05  0.999999762    
   0.00000000       0.00000000       2.75454571E-04   1.00000000    
   0.00000000       0.00000000       6.16289384E-04  0.999999881    
   0.00000000       0.00000000       1.08928094E-03   1.00000000    
   0.00000000       0.00000000       1.69198611E-03  0.999999046    
   0.00000000       0.00000000       2.42205360E-03  0.999996960    
   0.00000000       0.00000000       3.27712344E-03  0.999994755    
   0.00000000       0.00000000       4.25494695E-03  0.999991179    
   0.00000000       0.00000000       5.35321981E-03  0.999985039    
   0.00000000       0.00000000       6.56962814E-03  0.999978364    
   0.00000000       0.00000000       7.90200382E-03  0.999970019    
   0.00000000       0.00000000       9.34816897E-03  0.999957383    
   0.00000000       0.00000000       1.09059606E-02  0.999941707    
   0.00000000       0.00000000       1.25732040E-02  0.999921262    
   0.00000000       0.00000000       1.43479472E-02  0.999898493    
   0.00000000       0.00000000       1.62278842E-02  0.999869764    
   0.00000000       0.00000000       1.82111561E-02  0.999834836    
   0.00000000       0.00000000       2.02957150E-02  0.999794066    
   0.00000000       0.00000000       2.24796701E-02  0.999746740    
   0.00000000       0.00000000       2.47609541E-02  0.999693036    
   0.00000000       0.00000000       2.71376278E-02  0.999631524    
   0.00000000       0.00000000       2.96078566E-02  0.999560058    
   0.00000000       0.00000000       3.21695879E-02  0.999483466    
   0.00000000       0.00000000       3.48213948E-02  0.999392807    
   0.00000000       0.00000000       3.75610478E-02  0.999293566    
   0.00000000       0.00000000       4.03868966E-02  0.999184072    
   0.00000000       0.00000000       4.32970338E-02  0.999063075    
   0.00000000       0.00000000       4.62899283E-02  0.998927712    
   0.00000000       0.00000000       4.93637137E-02  0.998781443    
   0.00000000       0.00000000       5.25165237E-02  0.998620808    
   0.00000000       0.00000000       5.57469390E-02  0.998444378    
   0.00000000       0.00000000       5.90529479E-02  0.998252809    
   0.00000000       0.00000000       6.24332875E-02  0.998049974    
   0.00000000       0.00000000       6.58858418E-02  0.997826993    
   0.00000000       0.00000000       6.94094598E-02  0.997587323    
   0.00000000       0.00000000       7.30020925E-02  0.997330964    
   0.00000000       0.00000000       7.66624436E-02  0.997057021    
   0.00000000       0.00000000       8.03888217E-02  0.996762514    
   0.00000000       0.00000000       8.41797590E-02  0.996449709    
   0.00000000       0.00000000       8.80335420E-02  0.996117353    
   0.00000000       0.00000000       9.19488743E-02  0.995764017    
   0.00000000       0.00000000       9.59239826E-02  0.995388567    
   0.00000000       0.00000000       9.99574438E-02  0.994989514    
   0.00000000       0.00000000      0.104047626      0.994569540    
   0.00000000       0.00000000      0.108193457      0.994126558    
   0.00000000       0.00000000      0.112393081      0.993660450    
   0.00000000       0.00000000      0.116645239      0.993170500    
   0.00000000       0.00000000      0.120948367      0.992656767    
   0.00000000       0.00000000      0.125301212      0.992115498    
   0.00000000       0.00000000      0.129702151      0.991550505    
   0.00000000       0.00000000      0.134149954      0.990957797    
   0.00000000       0.00000000      0.138643086      0.990339279    
   0.00000000       0.00000000      0.143180206      0.989693880    
   0.00000000       0.00000000      0.147759959      0.989021003    
   0.00000000       0.00000000      0.152381092      0.988319993    
   0.00000000       0.00000000      0.157041997      0.987590015    
   0.00000000       0.00000000      0.161741450      0.986830950    
   0.00000000       0.00000000      0.166478217      0.986041963    
   0.00000000       0.00000000      0.171250954      0.985225439    
   0.00000000       0.00000000      0.176058099      0.984377503    
   0.00000000       0.00000000      0.180898666      0.983499885    
   0.00000000       0.00000000      0.185771182      0.982591033    
   0.00000000       0.00000000      0.190674469      0.981651783    
   0.00000000       0.00000000      0.195607051      0.980680823    
   0.00000000       0.00000000      0.200567901      0.979677677    
   0.00000000       0.00000000      0.205555543      0.978643715    
   0.00000000       0.00000000      0.210568979      0.977577329    
   0.00000000       0.00000000      0.215606764      0.976478398    
   0.00000000       0.00000000      0.220667556      0.975347042    
   0.00000000       0.00000000      0.225750506      0.974184036    
   0.00000000       0.00000000      0.230854034      0.972986698    
   0.00000000       0.00000000      0.235977069      0.971756995    
   0.00000000       0.00000000      0.241118520      0.970494390    
   0.00000000       0.00000000      0.246277034      0.969197690    
   0.00000000       0.00000000      0.251451612      0.967868447    
   0.00000000       0.00000000      0.256640911      0.966505229    
   0.00000000       0.00000000      0.261843741      0.965108514    
   0.00000000       0.00000000      0.267058909      0.963678658    
   0.00000000       0.00000000      0.272285402      0.962214589    
   0.00000000       0.00000000      0.277522057      0.960717797    
   0.00000000       0.00000000      0.282767743      0.959186673    
   0.00000000       0.00000000      0.288021088      0.957622766    
   0.00000000       0.00000000      0.293281317      0.956024587    
   0.00000000       0.00000000      0.298547149      0.954393268    
   0.00000000       0.00000000      0.303817511      0.952728868    
   0.00000000       0.00000000      0.309091270      0.951030970    
   0.00000000       0.00000000      0.314367265      0.949299753    
   0.00000000       0.00000000      0.319644511      0.947536111    
   0.00000000       0.00000000      0.324921995      0.945739090    
   0.00000000       0.00000000      0.330198556      0.943910122    
   0.00000000       0.00000000      0.335473120      0.942048311    
   0.00000000       0.00000000      0.340744615      0.940154552    
   0.00000000       0.00000000      0.346012056      0.938228667    
   0.00000000       0.00000000      0.351274431      0.936270893    
   0.00000000       0.00000000      0.356530607      0.934282482    
   0.00000000       0.00000000      0.361779690      0.932262301    
   0.00000000       0.00000000      0.367020577      0.930211365    
   0.00000000       0.00000000      0.372252315      0.928130269    
   0.00000000       0.00000000      0.377473831      0.926019132    
   0.00000000       0.00000000      0.382684201      0.923878014    
   0.00000000       0.00000000      0.387882441      0.921707451    
   0.00000000       0.00000000      0.393067598      0.919508338    
   0.00000000       0.00000000      0.398238629      0.917280257    
   0.00000000       0.00000000      0.403394610      0.915024996    
   0.00000000       0.00000000      0.408534616      0.912741482    
   0.00000000       0.00000000      0.413657725      0.910431266    
   0.00000000       0.00000000      0.418762892      0.908094347    
   0.00000000       0.00000000      0.423849314      0.905731380    
   0.00000000       0.00000000      0.428916067      0.903343081    
   0.00000000       0.00000000      0.433962226      0.900929809    
   0.00000000       0.00000000      0.438986748      0.898492277    
   0.00000000       0.00000000      0.443988889      0.896031022    
   0.00000000       0.00000000      0.448967755      0.893546581    
   0.00000000       0.00000000      0.453922480      0.891040027    
   0.00000000       0.00000000      0.458852112      0.888511419    
   0.00000000       0.00000000      0.463755786      0.885961652    
   0.00000000       0.00000000      0.468632817      0.883391857    
   0.00000000       0.00000000      0.473482192      0.880802095    
   0.00000000       0.00000000      0.478303134      0.878193617    
   0.00000000       0.00000000      0.483094841      0.875566721    
   0.00000000       0.00000000      0.487856388      0.872922838    
   0.00000000       0.00000000      0.492587060      0.870262086    
   0.00000000       0.00000000      0.497286022      0.867585599    
   0.00000000       0.00000000      0.501952410      0.864894092    
   0.00000000       0.00000000      0.506585598      0.862188518    
   0.00000000       0.00000000      0.511184752      0.859469771    
   0.00000000       0.00000000      0.515748918      0.856738687    
   0.00000000       0.00000000      0.520277560      0.853996158    
   0.00000000       0.00000000      0.524769723      0.851243198    
   0.00000000       0.00000000      0.529224753      0.848480642    
   0.00000000       0.00000000      0.533641875      0.845709503    
   0.00000000       0.00000000      0.538020432      0.842930734    
   0.00000000       0.00000000      0.542359591      0.840145409    
   0.00000000       0.00000000      0.546658695      0.837354422    
   0.00000000       0.00000000      0.550916970      0.834559023    
   0.00000000       0.00000000      0.555133700      0.831760049    
   0.00000000       0.00000000      0.559308171      0.828958809    
   0.00000000       0.00000000      0.563439846      0.826156139    
   0.00000000       0.00000000      0.567527711      0.823353291    
   0.00000000       0.00000000      0.571571410      0.820551455    
   0.00000000       0.00000000      0.575570047      0.817751527    
   0.00000000       0.00000000      0.579523027      0.814954937    
   0.00000000       0.00000000      0.583429575      0.812162817    
   0.00000000       0.00000000      0.587289214      0.809376240    
   0.00000000       0.00000000      0.591101110      0.806596518    
   0.00000000       0.00000000      0.594864607      0.803824961    
   0.00000000       0.00000000      0.598579168      0.801062763    
   0.00000000       0.00000000      0.602244079      0.798311174    
   0.00000000       0.00000000      0.605858624      0.795571387    
   0.00000000       0.00000000      0.609422266      0.792844951    
   0.00000000       0.00000000      0.612934291      0.790133059    
   0.00000000       0.00000000      0.616394043      0.787437022    
   0.00000000       0.00000000      0.619800925      0.784758270    
   0.00000000       0.00000000      0.623154283      0.782098174    
   0.00000000       0.00000000      0.626453400      0.779457986    
   0.00000000       0.00000000      0.629697740      0.776839495    
   0.00000000       0.00000000      0.632886589      0.774243712    
   0.00000000       0.00000000      0.636019349      0.771672308    
   0.00000000       0.00000000      0.639095366      0.769126713    
   0.00000000       0.00000000      0.642114043      0.766608417    
   0.00000000       0.00000000      0.645074606      0.764118850    
   0.00000000       0.00000000      0.647976458      0.761659622    
   0.00000000       0.00000000      0.650819004      0.759232223    
   0.00000000       0.00000000      0.653601527      0.756838202    
   0.00000000       0.00000000      0.656323314      0.754479170    
   0.00000000       0.00000000      0.658983707      0.752156556    
   0.00000000       0.00000000      0.661582053      0.749872088    
   0.00000000       0.00000000      0.664117754      0.747627378    
   0.00000000       0.00000000      0.666589916      0.745423973    
   0.00000000       0.00000000      0.668997943      0.743263662    
   0.00000000       0.00000000      0.671341062      0.741147995    
   0.00000000       0.00000000      0.673618555      0.739078581    
   0.00000000       0.00000000      0.675829709      0.737057209    
   0.00000000       0.00000000      0.677973688      0.735085607    
   0.00000000       0.00000000      0.680049777      0.733165383    
   0.00000000       0.00000000      0.682057202      0.731298387    
   0.00000000       0.00000000      0.683995068      0.729486108    
   0.00000000       0.00000000      0.685862541      0.727730632    
   0.00000000       0.00000000      0.687658846      0.726033509    
   0.00000000       0.00000000      0.689382970      0.724396527    
   0.00000000       0.00000000      0.691034198      0.722821712    
   0.00000000       0.00000000      0.692611456      0.721310437    
   0.00000000       0.00000000      0.694113910      0.719864845    
   0.00000000       0.00000000      0.695540428      0.718486667    
   0.00000000       0.00000000      0.696890056      0.717177510    
   0.00000000       0.00000000      0.698161840      0.715939581    
   0.00000000       0.00000000      0.699354649      0.714774609    
   0.00000000       0.00000000      0.700467229      0.713684261    
   0.00000000       0.00000000      0.701498687      0.712670565    
   0.00000000       0.00000000      0.702447593      0.711735249    
   0.00000000       0.00000000      0.703312814      0.710880280    
   0.00000000       0.00000000      0.704093099      0.710107446    
   0.00000000       0.00000000      0.704787135      0.709418774    
   0.00000000       0.00000000      0.705393493      0.708815753    
   0.00000000       0.00000000      0.705910802      0.708300769    
   0.00000000       0.00000000      0.706337512      0.707875133    
   0.00000000       0.00000000      0.706672251      0.707540989    
   0.00000000       0.00000000      0.706913412      0.707300127    
   0.00000000       0.00000000      0.707059205      0.707154393    
   0.00000000       0.00000000      0.707108080      0.707105517    
