   0.00000000       0.00000000      0.903094232    
   0.00000000       0.00000000      0.886975646    
   0.00000000       0.00000000      0.870976925    
   0.00000000       0.00000000      0.855155945    
   0.00000000       0.00000000      0.839528918    
   0.00000000       0.00000000      0.824092090    
   0.00000000       0.00000000      0.808875918    
   0.00000000       0.00000000      0.793889582    
   0.00000000       0.00000000      0.779096127    
   0.00000000       0.00000000      0.764527440    
   0.00000000       0.00000000      0.750195086    
   0.00000000       0.00000000      0.736055255    
   0.00000000       0.00000000      0.722137511    
   0.00000000       0.00000000      0.708433568    
   0.00000000       0.00000000      0.694945037    
   0.00000000       0.00000000      0.681644738    
   0.00000000       0.00000000      0.668566585    
   0.00000000       0.00000000      0.655674934    
   0.00000000       0.00000000      0.642980039    
   0.00000000       0.00000000      0.630475819    
   0.00000000       0.00000000      0.618178487    
   0.00000000       0.00000000      0.606051505    
   0.00000000       0.00000000      0.594099939    
   0.00000000       0.00000000      0.582351029    
   0.00000000       0.00000000      0.570755363    
   0.00000000       0.00000000      0.559347034    
   0.00000000       0.00000000      0.548100471    
   0.00000000       0.00000000      0.537020802    
   0.00000000       0.00000000      0.526108086    
   0.00000000       0.00000000      0.515357077    
   0.00000000       0.00000000      0.504761100    
   0.00000000       0.00000000      0.494311541    
   0.00000000       0.00000000      0.484013557    
   0.00000000       0.00000000      0.473882467    
   0.00000000       0.00000000      0.463870585    
   0.00000000       0.00000000      0.454005182    
   0.00000000       0.00000000      0.444272578    
   0.00000000       0.00000000      0.434691578    
   0.00000000       0.00000000      0.425234854    
   0.00000000       0.00000000      0.415917814    
   0.00000000       0.00000000      0.406706333    
   0.00000000       0.00000000      0.397636205    
   0.00000000       0.00000000      0.388680190    
   0.00000000       0.00000000      0.379843384    
   0.00000000       0.00000000      0.371122360    
   0.00000000       0.00000000      0.362523973    
   0.00000000       0.00000000      0.354012430    
   0.00000000       0.00000000      0.345642239    
   0.00000000       0.00000000      0.337348670    
   0.00000000       0.00000000      0.329167515    
   0.00000000       0.00000000      0.321085125    
   0.00000000       0.00000000      0.313115120    
   0.00000000       0.00000000      0.305220068    
   0.00000000       0.00000000      0.297430575    
   0.00000000       0.00000000      0.289736480    
   0.00000000       0.00000000      0.282117307    
   0.00000000       0.00000000      0.274583280    
   0.00000000       0.00000000      0.267148018    
   0.00000000       0.00000000      0.259787709    
   0.00000000       0.00000000      0.252502292    
   0.00000000       0.00000000      0.245295256    
   0.00000000       0.00000000      0.238166541    
   0.00000000       0.00000000      0.231109351    
   0.00000000       0.00000000      0.224123687    
   0.00000000       0.00000000      0.217206135    
   0.00000000       0.00000000      0.210356712    
   0.00000000       0.00000000      0.203565195    
   0.00000000       0.00000000      0.196845189    
   0.00000000       0.00000000      0.190169469    
   0.00000000       0.00000000      0.183565274    
   0.00000000       0.00000000      0.177025795    
   0.00000000       0.00000000      0.170516968    
   0.00000000       0.00000000      0.164076254    
   0.00000000       0.00000000      0.157679826    
   0.00000000       0.00000000      0.151337892    
   0.00000000       0.00000000      0.145036831    
   0.00000000       0.00000000      0.138776645    
   0.00000000       0.00000000      0.132564142    
   0.00000000       0.00000000      0.126399308    
   0.00000000       0.00000000      0.120258331    
   0.00000000       0.00000000      0.114154816    
   0.00000000       0.00000000      0.108102389    
   0.00000000       0.00000000      0.102073804    
   0.00000000       0.00000000       9.60724726E-02
   0.00000000       0.00000000       9.00983810E-02
   0.00000000       0.00000000       8.41651633E-02
   0.00000000       0.00000000       7.82523826E-02
   0.00000000       0.00000000       7.23464116E-02
   0.00000000       0.00000000       6.64745048E-02
   0.00000000       0.00000000       6.06366582E-02
   0.00000000       0.00000000       5.48124313E-02
   0.00000000       0.00000000       4.89950180E-02
   0.00000000       0.00000000       4.31844182E-02
   0.00000000       0.00000000       3.74180935E-02
   0.00000000       0.00000000       3.16313319E-02
   0.00000000       0.00000000       2.58650091E-02
   0.00000000       0.00000000       2.01157164E-02
   0.00000000       0.00000000       1.43527985E-02
   0.00000000       0.00000000       8.61712825E-03
   0.00000000       0.00000000       2.86783488E-03
   0.00000000       0.00000000      -2.87124095E-03
   0.00000000       0.00000000      -8.61031655E-03
   0.00000000       0.00000000      -1.43630160E-02
   0.00000000       0.00000000      -2.01089047E-02
   0.00000000       0.00000000      -2.58650091E-02
   0.00000000       0.00000000      -3.16347405E-02
   0.00000000       0.00000000      -3.74112800E-02
   0.00000000       0.00000000      -4.31912281E-02
   0.00000000       0.00000000      -4.89950180E-02
   0.00000000       0.00000000      -5.48056178E-02
   0.00000000       0.00000000      -6.06264398E-02
   0.00000000       0.00000000      -6.64915368E-02
   0.00000000       0.00000000      -7.23532289E-02
   0.00000000       0.00000000      -7.82523826E-02
   0.00000000       0.00000000      -8.41583535E-02
   0.00000000       0.00000000      -9.01017860E-02
   0.00000000       0.00000000      -9.60724726E-02
   0.00000000       0.00000000     -0.102073804    
   0.00000000       0.00000000     -0.108095579    
   0.00000000       0.00000000     -0.114165030    
   0.00000000       0.00000000     -0.120261736    
   0.00000000       0.00000000     -0.126389101    
   0.00000000       0.00000000     -0.132567540    
   0.00000000       0.00000000     -0.138780043    
   0.00000000       0.00000000     -0.145036831    
   0.00000000       0.00000000     -0.151334494    
   0.00000000       0.00000000     -0.157683238    
   0.00000000       0.00000000     -0.164079666    
   0.00000000       0.00000000     -0.170520380    
   0.00000000       0.00000000     -0.177015573    
   0.00000000       0.00000000     -0.183568686    
   0.00000000       0.00000000     -0.190176278    
   0.00000000       0.00000000     -0.196845189    
   0.00000000       0.00000000     -0.203565195    
   0.00000000       0.00000000     -0.210353300    
   0.00000000       0.00000000     -0.217206135    
   0.00000000       0.00000000     -0.224120274    
   0.00000000       0.00000000     -0.231105939    
   0.00000000       0.00000000     -0.238169938    
   0.00000000       0.00000000     -0.245298654    
   0.00000000       0.00000000     -0.252502292    
   0.00000000       0.00000000     -0.259780884    
   0.00000000       0.00000000     -0.267148018    
   0.00000000       0.00000000     -0.274586678    
   0.00000000       0.00000000     -0.282110482    
   0.00000000       0.00000000     -0.289743274    
   0.00000000       0.00000000     -0.297427177    
   0.00000000       0.00000000     -0.305220068    
   0.00000000       0.00000000     -0.313118517    
   0.00000000       0.00000000     -0.321088523    
   0.00000000       0.00000000     -0.329167515    
   0.00000000       0.00000000     -0.337350368    
   0.00000000       0.00000000     -0.345632017    
   0.00000000       0.00000000     -0.354017526    
   0.00000000       0.00000000     -0.362522274    
   0.00000000       0.00000000     -0.371122360    
   0.00000000       0.00000000     -0.379846781    
   0.00000000       0.00000000     -0.388683587    
   0.00000000       0.00000000     -0.397631109    
   0.00000000       0.00000000     -0.406708032    
   0.00000000       0.00000000     -0.415914387    
   0.00000000       0.00000000     -0.425234854    
   0.00000000       0.00000000     -0.434689850    
   0.00000000       0.00000000     -0.444284499    
   0.00000000       0.00000000     -0.454000056    
   0.00000000       0.00000000     -0.463868886    
   0.00000000       0.00000000     -0.473868847    
   0.00000000       0.00000000     -0.484020382    
   0.00000000       0.00000000     -0.494311541    
   0.00000000       0.00000000     -0.504752576    
   0.00000000       0.00000000     -0.515362203    
   0.00000000       0.00000000     -0.526106358    
   0.00000000       0.00000000     -0.537025928    
   0.00000000       0.00000000     -0.548105597    
   0.00000000       0.00000000     -0.559341908    
   0.00000000       0.00000000     -0.570758760    
   0.00000000       0.00000000     -0.582349300    
   0.00000000       0.00000000     -0.594103336    
   0.00000000       0.00000000     -0.606048107    
   0.00000000       0.00000000     -0.618173420    
   0.00000000       0.00000000     -0.630477488    
   0.00000000       0.00000000     -0.642978251    
   0.00000000       0.00000000     -0.655678332    
   0.00000000       0.00000000     -0.668556333    
   0.00000000       0.00000000     -0.681648910    
   0.00000000       0.00000000     -0.694947600    
   0.00000000       0.00000000     -0.708430946    
   0.00000000       0.00000000     -0.722137511    
   0.00000000       0.00000000     -0.736064553    
   0.00000000       0.00000000     -0.750184059    
   0.00000000       0.00000000     -0.764529228    
   0.00000000       0.00000000     -0.779104233    
   0.00000000       0.00000000     -0.793875992    
   0.00000000       0.00000000     -0.808877170    
   0.00000000       0.00000000     -0.824092984    
   0.00000000       0.00000000     -0.839531839    
   0.00000000       0.00000000     -0.855153561    
   0.00000000       0.00000000     -0.870976925    
   0.00000000       0.00000000     -0.886980355    
   0.00000000       0.00000000     -0.903093219    
