   0.00000000       0.00000000       0.00000000    
   1.38468109E-04   0.00000000       0.00000000    
   5.50909201E-04   0.00000000       0.00000000    
   1.23257900E-03   0.00000000       0.00000000    
   2.17856350E-03   0.00000000       0.00000000    
   3.38397548E-03   0.00000000       0.00000000    
   4.84411139E-03   0.00000000       0.00000000    
   6.55425899E-03   0.00000000       0.00000000    
   8.50992091E-03   0.00000000       0.00000000    
   1.07064843E-02   0.00000000       0.00000000    
   1.31393503E-02   0.00000000       0.00000000    
   1.58041939E-02   0.00000000       0.00000000    
   1.86966285E-02   0.00000000       0.00000000    
   2.18123775E-02   0.00000000       0.00000000    
   2.51470767E-02   0.00000000       0.00000000    
   2.86969189E-02   0.00000000       0.00000000    
   3.24572362E-02   0.00000000       0.00000000    
   3.64243500E-02   0.00000000       0.00000000    
   4.05942164E-02   0.00000000       0.00000000    
   4.49631028E-02   0.00000000       0.00000000    
   4.95269485E-02   0.00000000       0.00000000    
   5.42819127E-02   0.00000000       0.00000000    
   5.92242815E-02   0.00000000       0.00000000    
   6.43503368E-02   0.00000000       0.00000000    
   6.96568191E-02   0.00000000       0.00000000    
   7.51397163E-02   0.00000000       0.00000000    
   8.07957575E-02   0.00000000       0.00000000    
   8.66212249E-02   0.00000000       0.00000000    
   9.26129222E-02   0.00000000       0.00000000    
   9.87676308E-02   0.00000000       0.00000000    
  0.105081469       0.00000000       0.00000000    
  0.111551650       0.00000000       0.00000000    
  0.118174411       0.00000000       0.00000000    
  0.124947943       0.00000000       0.00000000    
  0.131867170       0.00000000       0.00000000    
  0.138930500       0.00000000       0.00000000    
  0.146134049       0.00000000       0.00000000    
  0.153475448       0.00000000       0.00000000    
  0.160951152       0.00000000       0.00000000    
  0.168558836       0.00000000       0.00000000    
  0.176295280       0.00000000       0.00000000    
  0.184157923       0.00000000       0.00000000    
  0.192143381       0.00000000       0.00000000    
  0.200248867       0.00000000       0.00000000    
  0.208471999       0.00000000       0.00000000    
  0.216810614       0.00000000       0.00000000    
  0.225261375       0.00000000       0.00000000    
  0.233822048       0.00000000       0.00000000    
  0.242489919       0.00000000       0.00000000    
  0.251262069       0.00000000       0.00000000    
  0.260136545       0.00000000       0.00000000    
  0.269110382       0.00000000       0.00000000    
  0.278181434       0.00000000       0.00000000    
  0.287347227       0.00000000       0.00000000    
  0.296605349       0.00000000       0.00000000    
  0.305953592       0.00000000       0.00000000    
  0.315388948       0.00000000       0.00000000    
  0.324909478       0.00000000       0.00000000    
  0.334512949       0.00000000       0.00000000    
  0.344197839       0.00000000       0.00000000    
  0.353960335       0.00000000       0.00000000    
  0.363799572       0.00000000       0.00000000    
  0.373712599       0.00000000       0.00000000    
  0.383697808       0.00000000       0.00000000    
  0.393752307       0.00000000       0.00000000    
  0.403874338       0.00000000       0.00000000    
  0.414062023       0.00000000       0.00000000    
  0.424313247       0.00000000       0.00000000    
  0.434625596       0.00000000       0.00000000    
  0.444996864       0.00000000       0.00000000    
  0.455426276       0.00000000       0.00000000    
  0.465909958       0.00000000       0.00000000    
  0.476447135       0.00000000       0.00000000    
  0.487035871       0.00000000       0.00000000    
  0.497673422       0.00000000       0.00000000    
  0.508358955       0.00000000       0.00000000    
  0.519089520       0.00000000       0.00000000    
  0.529863477       0.00000000       0.00000000    
  0.540678859       0.00000000       0.00000000    
  0.551533818       0.00000000       0.00000000    
  0.562427044       0.00000000       0.00000000    
  0.573356032       0.00000000       0.00000000    
  0.584318757       0.00000000       0.00000000    
  0.595313787       0.00000000       0.00000000    
  0.606339276       0.00000000       0.00000000    
  0.617393374       0.00000000       0.00000000    
  0.628473997       0.00000000       0.00000000    
  0.639579237       0.00000000       0.00000000    
  0.650707841       0.00000000       0.00000000    
  0.661857605       0.00000000       0.00000000    
  0.673027098       0.00000000       0.00000000    
  0.684214056       0.00000000       0.00000000    
  0.695416927       0.00000000       0.00000000    
  0.706633747       0.00000000       0.00000000    
  0.717862964       0.00000000       0.00000000    
  0.729102969       0.00000000       0.00000000    
  0.740351617       0.00000000       0.00000000    
  0.751607299       0.00000000       0.00000000    
  0.762868464       0.00000000       0.00000000    
  0.774133027       0.00000000       0.00000000    
  0.785399199       0.00000000       0.00000000    
  0.796665311       0.00000000       0.00000000    
  0.807930052       0.00000000       0.00000000    
  0.819190800       0.00000000       0.00000000    
  0.830446720       0.00000000       0.00000000    
  0.841695249       0.00000000       0.00000000    
  0.852935314       0.00000000       0.00000000    
  0.864164412       0.00000000       0.00000000    
  0.875381410       0.00000000       0.00000000    
  0.886584401       0.00000000       0.00000000    
  0.897771418       0.00000000       0.00000000    
  0.908940673       0.00000000       0.00000000    
  0.920090377       0.00000000       0.00000000    
  0.931218863       0.00000000       0.00000000    
  0.942324519       0.00000000       0.00000000    
  0.953405023       0.00000000       0.00000000    
  0.964458704       0.00000000       0.00000000    
  0.975484312       0.00000000       0.00000000    
  0.986479402       0.00000000       0.00000000    
  0.997442365       0.00000000       0.00000000    
   1.00837123       0.00000000       0.00000000    
   1.01926422       0.00000000       0.00000000    
   1.03011942       0.00000000       0.00000000    
   1.04093504       0.00000000       0.00000000    
   1.05170882       0.00000000       0.00000000    
   1.06243944       0.00000000       0.00000000    
   1.07312489       0.00000000       0.00000000    
   1.08376253       0.00000000       0.00000000    
   1.09435141       0.00000000       0.00000000    
   1.10488868       0.00000000       0.00000000    
   1.11537278       0.00000000       0.00000000    
   1.12580156       0.00000000       0.00000000    
   1.13617337       0.00000000       0.00000000    
   1.14648581       0.00000000       0.00000000    
   1.15673685       0.00000000       0.00000000    
   1.16692472       0.00000000       0.00000000    
   1.17704690       0.00000000       0.00000000    
   1.18710160       0.00000000       0.00000000    
   1.19708681       0.00000000       0.00000000    
   1.20699966       0.00000000       0.00000000    
   1.21683896       0.00000000       0.00000000    
   1.22660184       0.00000000       0.00000000    
   1.23628616       0.00000000       0.00000000    
   1.24588978       0.00000000       0.00000000    
   1.25541067       0.00000000       0.00000000    
   1.26484621       0.00000000       0.00000000    
   1.27419400       0.00000000       0.00000000    
   1.28345227       0.00000000       0.00000000    
   1.29261804       0.00000000       0.00000000    
   1.30168903       0.00000000       0.00000000    
   1.31066310       0.00000000       0.00000000    
   1.31953764       0.00000000       0.00000000    
   1.32831001       0.00000000       0.00000000    
   1.33697772       0.00000000       0.00000000    
   1.34553850       0.00000000       0.00000000    
   1.35398924       0.00000000       0.00000000    
   1.36232793       0.00000000       0.00000000    
   1.37055147       0.00000000       0.00000000    
   1.37865734       0.00000000       0.00000000    
   1.38664281       0.00000000       0.00000000    
   1.39450538       0.00000000       0.00000000    
   1.40224171       0.00000000       0.00000000    
   1.40984917       0.00000000       0.00000000    
   1.41732526       0.00000000       0.00000000    
   1.42466664       0.00000000       0.00000000    
   1.43187034       0.00000000       0.00000000    
   1.43893349       0.00000000       0.00000000    
   1.44585299       0.00000000       0.00000000    
   1.45262611       0.00000000       0.00000000    
   1.45924926       0.00000000       0.00000000    
   1.46571946       0.00000000       0.00000000    
   1.47203338       0.00000000       0.00000000    
   1.47818780       0.00000000       0.00000000    
   1.48417962       0.00000000       0.00000000    
   1.49000502       0.00000000       0.00000000    
   1.49566102       0.00000000       0.00000000    
   1.50114405       0.00000000       0.00000000    
   1.50645041       0.00000000       0.00000000    
   1.51157653       0.00000000       0.00000000    
   1.51651907       0.00000000       0.00000000    
   1.52127385       0.00000000       0.00000000    
   1.52583766       0.00000000       0.00000000    
   1.53020644       0.00000000       0.00000000    
   1.53437650       0.00000000       0.00000000    
   1.53834355       0.00000000       0.00000000    
   1.54210389       0.00000000       0.00000000    
   1.54565358       0.00000000       0.00000000    
   1.54898846       0.00000000       0.00000000    
   1.55210388       0.00000000       0.00000000    
   1.55499649       0.00000000       0.00000000    
   1.55766118       0.00000000       0.00000000    
   1.56009388       0.00000000       0.00000000    
   1.56229043       0.00000000       0.00000000    
   1.56424606       0.00000000       0.00000000    
   1.56595623       0.00000000       0.00000000    
   1.56741643       0.00000000       0.00000000    
   1.56862175       0.00000000       0.00000000    
   1.56956768       0.00000000       0.00000000    
   1.57024944       0.00000000       0.00000000    
   1.57066178       0.00000000       0.00000000    
   1.57079995       0.00000000       0.00000000    
