   0.00000000       0.00000000       0.00000000    
   0.00000000       0.00000000       1.58041492E-02
   0.00000000       0.00000000       3.13262232E-02
   0.00000000       0.00000000       4.65683192E-02
   0.00000000       0.00000000       6.15335479E-02
   0.00000000       0.00000000       7.62253031E-02
   0.00000000       0.00000000       9.06469151E-02
   0.00000000       0.00000000      0.104802243    
   0.00000000       0.00000000      0.118695311    
   0.00000000       0.00000000      0.132329494    
   0.00000000       0.00000000      0.145708725    
   0.00000000       0.00000000      0.158837140    
   0.00000000       0.00000000      0.171718106    
   0.00000000       0.00000000      0.184355512    
   0.00000000       0.00000000      0.196753100    
   0.00000000       0.00000000      0.208914638    
   0.00000000       0.00000000      0.220843419    
   0.00000000       0.00000000      0.232543334    
   0.00000000       0.00000000      0.244017646    
   0.00000000       0.00000000      0.255269796    
   0.00000000       0.00000000      0.266303122    
   0.00000000       0.00000000      0.277121246    
   0.00000000       0.00000000      0.287727147    
   0.00000000       0.00000000      0.298123896    
   0.00000000       0.00000000      0.308315039    
   0.00000000       0.00000000      0.318303257    
   0.00000000       0.00000000      0.328091830    
   0.00000000       0.00000000      0.337683588    
   0.00000000       0.00000000      0.347081453    
   0.00000000       0.00000000      0.356288344    
   0.00000000       0.00000000      0.365307093    
   0.00000000       0.00000000      0.374140412    
   0.00000000       0.00000000      0.382790864    
   0.00000000       0.00000000      0.391261101    
   0.00000000       0.00000000      0.399554044    
   0.00000000       0.00000000      0.407671779    
   0.00000000       0.00000000      0.415616870    
   0.00000000       0.00000000      0.423391640    
   0.00000000       0.00000000      0.430998743    
   0.00000000       0.00000000      0.438440353    
   0.00000000       0.00000000      0.445718914    
   0.00000000       0.00000000      0.452836275    
   0.00000000       0.00000000      0.459794909    
   0.00000000       0.00000000      0.466596812    
   0.00000000       0.00000000      0.473244071    
   0.00000000       0.00000000      0.479738712    
   0.00000000       0.00000000      0.486082882    
   0.00000000       0.00000000      0.492278099    
   0.00000000       0.00000000      0.498326838    
   0.00000000       0.00000000      0.504230440    
   0.00000000       0.00000000      0.509990871    
   0.00000000       0.00000000      0.515609860    
   0.00000000       0.00000000      0.521089375    
   0.00000000       0.00000000      0.526430726    
   0.00000000       0.00000000      0.531635761    
   0.00000000       0.00000000      0.536706150    
   0.00000000       0.00000000      0.541643202    
   0.00000000       0.00000000      0.546448410    
   0.00000000       0.00000000      0.551123500    
   0.00000000       0.00000000      0.555669785    
   0.00000000       0.00000000      0.560088575    
   0.00000000       0.00000000      0.564381242    
   0.00000000       0.00000000      0.568549156    
   0.00000000       0.00000000      0.572593570    
   0.00000000       0.00000000      0.576515734    
   0.00000000       0.00000000      0.580316842    
   0.00000000       0.00000000      0.583998084    
   0.00000000       0.00000000      0.587560475    
   0.00000000       0.00000000      0.591005266    
   0.00000000       0.00000000      0.594333231    
   0.00000000       0.00000000      0.597545624    
   0.00000000       0.00000000      0.600643575    
   0.00000000       0.00000000      0.603627622    
   0.00000000       0.00000000      0.606498957    
   0.00000000       0.00000000      0.609258354    
   0.00000000       0.00000000      0.611906767    
   0.00000000       0.00000000      0.614444911    
   0.00000000       0.00000000      0.616873503    
   0.00000000       0.00000000      0.619193375    
   0.00000000       0.00000000      0.621405363    
   0.00000000       0.00000000      0.623509884    
   0.00000000       0.00000000      0.625507593    
   0.00000000       0.00000000      0.627399385    
   0.00000000       0.00000000      0.629185677    
   0.00000000       0.00000000      0.630866945    
   0.00000000       0.00000000      0.632443666    
   0.00000000       0.00000000      0.633916557    
   0.00000000       0.00000000      0.635285974    
   0.00000000       0.00000000      0.636552036    
   0.00000000       0.00000000      0.637715340    
   0.00000000       0.00000000      0.638776481    
   0.00000000       0.00000000      0.639735699    
   0.00000000       0.00000000      0.640593112    
   0.00000000       0.00000000      0.641348839    
   0.00000000       0.00000000      0.642003655    
   0.00000000       0.00000000      0.642557204    
   0.00000000       0.00000000      0.643009841    
   0.00000000       0.00000000      0.643361866    
   0.00000000       0.00000000      0.643613040    
   0.00000000       0.00000000      0.643763840    
   0.00000000       0.00000000      0.643814027    
   0.00000000       0.00000000      0.643763781    
   0.00000000       0.00000000      0.643613100    
   0.00000000       0.00000000      0.643361747    
   0.00000000       0.00000000      0.643009841    
   0.00000000       0.00000000      0.642557204    
   0.00000000       0.00000000      0.642003596    
   0.00000000       0.00000000      0.641348898    
   0.00000000       0.00000000      0.640593052    
   0.00000000       0.00000000      0.639735639    
   0.00000000       0.00000000      0.638776541    
   0.00000000       0.00000000      0.637715578    
   0.00000000       0.00000000      0.636551976    
   0.00000000       0.00000000      0.635285795    
   0.00000000       0.00000000      0.633916378    
   0.00000000       0.00000000      0.632443607    
   0.00000000       0.00000000      0.630866826    
   0.00000000       0.00000000      0.629185557    
   0.00000000       0.00000000      0.627399266    
   0.00000000       0.00000000      0.625507593    
   0.00000000       0.00000000      0.623509705    
   0.00000000       0.00000000      0.621405125    
   0.00000000       0.00000000      0.619193316    
   0.00000000       0.00000000      0.616873384    
   0.00000000       0.00000000      0.614444733    
   0.00000000       0.00000000      0.611906588    
   0.00000000       0.00000000      0.609258235    
   0.00000000       0.00000000      0.606498778    
   0.00000000       0.00000000      0.603627384    
   0.00000000       0.00000000      0.600643277    
   0.00000000       0.00000000      0.597545505    
   0.00000000       0.00000000      0.594333053    
   0.00000000       0.00000000      0.591004968    
   0.00000000       0.00000000      0.587560177    
   0.00000000       0.00000000      0.583997786    
   0.00000000       0.00000000      0.580316603    
   0.00000000       0.00000000      0.576515496    
   0.00000000       0.00000000      0.572593391    
   0.00000000       0.00000000      0.568549037    
   0.00000000       0.00000000      0.564381063    
   0.00000000       0.00000000      0.560088336    
   0.00000000       0.00000000      0.555669546    
   0.00000000       0.00000000      0.551123381    
   0.00000000       0.00000000      0.546448290    
   0.00000000       0.00000000      0.541643023    
   0.00000000       0.00000000      0.536706090    
   0.00000000       0.00000000      0.531635582    
   0.00000000       0.00000000      0.526430607    
   0.00000000       0.00000000      0.521089256    
   0.00000000       0.00000000      0.515609682    
   0.00000000       0.00000000      0.509990633    
   0.00000000       0.00000000      0.504230201    
   0.00000000       0.00000000      0.498326570    
   0.00000000       0.00000000      0.492278010    
   0.00000000       0.00000000      0.486082703    
   0.00000000       0.00000000      0.479738563    
   0.00000000       0.00000000      0.473243922    
   0.00000000       0.00000000      0.466596603    
   0.00000000       0.00000000      0.459794641    
   0.00000000       0.00000000      0.452836096    
   0.00000000       0.00000000      0.445718706    
   0.00000000       0.00000000      0.438440204    
   0.00000000       0.00000000      0.430998594    
   0.00000000       0.00000000      0.423391521    
   0.00000000       0.00000000      0.415616542    
   0.00000000       0.00000000      0.407671541    
   0.00000000       0.00000000      0.399553835    
   0.00000000       0.00000000      0.391261131    
   0.00000000       0.00000000      0.382790774    
   0.00000000       0.00000000      0.374140322    
   0.00000000       0.00000000      0.365307152    
   0.00000000       0.00000000      0.356288314    
   0.00000000       0.00000000      0.347081453    
   0.00000000       0.00000000      0.337683499    
   0.00000000       0.00000000      0.328091651    
   0.00000000       0.00000000      0.318303168    
   0.00000000       0.00000000      0.308314890    
   0.00000000       0.00000000      0.298123777    
   0.00000000       0.00000000      0.287726969    
   0.00000000       0.00000000      0.277121127    
   0.00000000       0.00000000      0.266303092    
   0.00000000       0.00000000      0.255269736    
   0.00000000       0.00000000      0.244017616    
   0.00000000       0.00000000      0.232543245    
   0.00000000       0.00000000      0.220843509    
   0.00000000       0.00000000      0.208914652    
   0.00000000       0.00000000      0.196753070    
   0.00000000       0.00000000      0.184355527    
   0.00000000       0.00000000      0.171718121    
   0.00000000       0.00000000      0.158836991    
   0.00000000       0.00000000      0.145708770    
   0.00000000       0.00000000      0.132329509    
   0.00000000       0.00000000      0.118695185    
   0.00000000       0.00000000      0.104802355    
   0.00000000       0.00000000       9.06470045E-02
   0.00000000       0.00000000       7.62253776E-02
   0.00000000       0.00000000       6.15335703E-02
   0.00000000       0.00000000       4.65683825E-02
   0.00000000       0.00000000       3.13262865E-02
   0.00000000       0.00000000       1.58041306E-02
   0.00000000       0.00000000       0.00000000    
