   1.00000000    
   1.07390618    
  0.359125167    
  0.230188802    
  0.197021633    
  0.170977443    
  0.149971619    
  0.132557690    
  0.118208379    
  0.106226757    
   9.62661132E-02
   8.78834054E-02
   8.07546750E-02
   7.46675581E-02
   6.93963692E-02
   6.48197830E-02
   6.07994609E-02
   5.72340600E-02
   5.40587530E-02
   5.12157120E-02
   4.86642718E-02
   4.63560149E-02
   4.42577414E-02
   4.23389226E-02
   4.05771993E-02
   3.89636494E-02
   3.74715514E-02
   3.60893607E-02
   3.48097123E-02
   3.36129218E-02
   3.24997567E-02
   3.14583294E-02
   3.04828212E-02
   2.95656789E-02
   2.87026502E-02
   2.78904196E-02
   2.71232910E-02
   2.63972655E-02
   2.57096291E-02
   2.50570811E-02
   2.44373940E-02
   2.38475502E-02
   2.32867710E-02
   2.27507856E-02
   2.22390313E-02
   2.17503067E-02
   2.12823376E-02
   2.08341852E-02
   2.04070304E-02
   1.99989863E-02
   1.96030010E-02
   1.92257166E-02
   1.88599490E-02
   1.85078848E-02
   1.81684922E-02
   1.78437531E-02
   1.75297465E-02
   1.72268916E-02
   1.69352200E-02
   1.66522339E-02
   1.63810011E-02
   1.61159914E-02
   1.58583485E-02
   1.56117557E-02
   1.53702525E-02
   1.51364002E-02
   1.49127049E-02
   1.46930162E-02
   1.44797172E-02
   1.42725818E-02
   1.40715344E-02
   1.38749499E-02
   1.36837643E-02
   1.34989601E-02
   1.33201955E-02
   1.31439446E-02
   1.29723120E-02
   1.28051173E-02
   1.26421917E-02
   1.24847544E-02
   1.23299314E-02
   1.21803107E-02
   1.20346518E-02
   1.18913427E-02
   1.17520904E-02
   1.16162319E-02
   1.14843706E-02
   1.13547621E-02
   1.12275369E-02
   1.11021884E-02
   1.09815178E-02
   1.08625228E-02
   1.07460320E-02
   1.06313815E-02
   1.05198175E-02
   1.04097314E-02
   1.03029078E-02
   1.01984050E-02
   1.00957481E-02
   9.99590755E-03
   9.89648793E-03
   9.79979802E-03
   9.70507693E-03
   9.61134396E-03
   9.51978937E-03
   9.43036750E-03
   9.34391096E-03
   9.25865769E-03
   9.17381793E-03
   9.09056328E-03
   9.00878012E-03
   8.92846659E-03
   8.84910300E-03
   8.77124164E-03
   8.69519170E-03
   8.62070173E-03
   8.54670536E-03
   8.47481657E-03
   8.40381440E-03
   8.33348557E-03
   8.26491322E-03
   8.19748174E-03
   8.13055690E-03
   8.06473382E-03
   7.99995568E-03
   7.93621130E-03
   7.87400827E-03
   7.81225646E-03
   7.75212608E-03
   7.69226346E-03
   7.63485208E-03
   7.57835759E-03
   7.52125774E-03
   7.46490108E-03
   7.40962895E-03
   7.35502271E-03
   7.30187632E-03
   7.24904053E-03
   7.19668344E-03
   7.14507699E-03
   7.09473109E-03
   7.04457378E-03
   6.99512241E-03
   6.94691250E-03
   6.89958734E-03
   6.85214717E-03
   6.80586929E-03
   6.75977441E-03
   6.71431143E-03
   6.66990317E-03
   6.62613520E-03
   6.58238726E-03
   6.53927354E-03
   6.49665622E-03
   6.45458652E-03
   6.41408656E-03
   6.37366902E-03
   6.33317465E-03
   6.29319390E-03
   6.25371374E-03
   6.21522777E-03
   6.17671851E-03
   6.13922626E-03
   6.10210327E-03
   6.06540730E-03
   6.02987688E-03
   5.99362748E-03
   5.95788425E-03
   5.92282927E-03
   5.88846719E-03
   5.85391512E-03
   5.82010392E-03
   5.78632858E-03
   5.75294392E-03
   5.71994251E-03
   5.68731828E-03
   5.65506704E-03
   5.62335318E-03
   5.59181999E-03
   5.56134526E-03
   5.53082908E-03
   5.50032314E-03
   5.47078112E-03
   5.44147426E-03
   5.41194528E-03
   5.38275903E-03
   5.35387127E-03
   5.32534067E-03
   5.29735209E-03
   5.26950508E-03
   5.24181081E-03
   5.21444390E-03
   5.18763019E-03
   5.16145630E-03
   5.13494341E-03
   5.10911411E-03
   5.08330390E-03
   5.05774515E-03
   5.03222877E-03
   5.00697177E-03
   4.98196436E-03
   4.95720608E-03
   4.93314816E-03
   4.90889745E-03
   4.88507934E-03
   4.86148568E-03
   4.83790878E-03
   4.81496844E-03
   4.79183998E-03
   4.76894062E-03
   4.74625593E-03
   4.72410722E-03
   4.70246002E-03
   4.68039885E-03
   4.65877540E-03
   4.63740434E-03
   4.61595086E-03
   4.59483266E-03
   4.57390584E-03
   4.55306657E-03
   4.53238282E-03
   4.51217312E-03
   4.49211616E-03
   4.47210111E-03
   4.45214612E-03
   4.43238672E-03
   4.41292580E-03
   4.39350121E-03
   4.37424053E-03
   4.35529649E-03
   4.33664257E-03
   4.31811763E-03
   4.29951400E-03
   4.28106776E-03
   4.26302664E-03
   4.24500694E-03
   4.22732998E-03
   4.20958735E-03
   4.19190433E-03
   4.17451188E-03
   4.15716833E-03
   4.14010603E-03
   4.12300183E-03
   4.10603778E-03
   4.08926420E-03
   4.07268200E-03
   4.05623391E-03
   4.04009176E-03
   4.02380247E-03
   4.00764355E-03
   3.99161689E-03
   3.97576811E-03
   3.96019826E-03
   3.94454645E-03
   3.92901758E-03
   3.91361071E-03
   3.89844086E-03
   3.88327567E-03
   3.86822480E-03
   3.85335856E-03
   3.83866811E-03
   3.82408802E-03
   3.80949234E-03
   3.79501167E-03
   3.78064043E-03
   3.76637396E-03
   3.75221483E-03
   3.73817328E-03
   3.72438063E-03
   3.71068227E-03
   3.69693851E-03
   3.68350837E-03
   3.67015554E-03
   3.65671492E-03
   3.64349061E-03
   3.63023998E-03
   3.61732044E-03
   3.60437343E-03
   3.59143037E-03
   3.57855740E-03
   3.56577430E-03
   3.55324731E-03
   3.54064605E-03
   3.52813210E-03
   3.51570616E-03
   3.50336800E-03
   3.49135278E-03
   3.47934384E-03
   3.46725923E-03
   3.45536205E-03
   3.44344322E-03
   3.43160657E-03
   3.41995875E-03
   3.40828509E-03
   3.39684333E-03
   3.38532426E-03
   3.37407924E-03
   3.36295506E-03
   3.35166440E-03
   3.34058935E-03
   3.32944840E-03
   3.31845251E-03
   3.30758700E-03
   3.29666492E-03
   3.28581594E-03
   3.27516673E-03
   3.26445745E-03
   3.25388415E-03
   3.24337743E-03
   3.23287491E-03
   3.22244060E-03
   3.21207382E-03
   3.20184813E-03
   3.19175143E-03
   3.18164472E-03
   3.17153800E-03
   3.16149532E-03
   3.15151620E-03
   3.14160041E-03
   3.13174608E-03
   3.12200165E-03
   3.11227073E-03
   3.10268602E-03
   3.09319887E-03
   3.08364583E-03
   3.07423412E-03
   3.06487107E-03
   3.05559719E-03
   3.04634031E-03
   3.03714094E-03
   3.02798976E-03
   3.01889493E-03
   3.00985109E-03
   3.00080562E-03
   2.99187005E-03
   2.98293377E-03
   2.97410879E-03
   2.96533201E-03
   2.95655197E-03
   2.94782384E-03
   2.93920957E-03
   2.93058343E-03
   2.92207138E-03
   2.91354628E-03
   2.90506985E-03
   2.89664627E-03
   2.88827135E-03
   2.88001774E-03
   2.87173572E-03
   2.86364462E-03
   2.85545643E-03
   2.84738350E-03
   2.83940369E-03
   2.83140806E-03
   2.82345689E-03
   2.81549641E-03
   2.80765514E-03
   2.79978313E-03
   2.79200776E-03
   2.78422353E-03
   2.77658366E-03
   2.76888558E-03
   2.76122987E-03
   2.75361608E-03
   2.74604419E-03
   2.73857056E-03
   2.73110950E-03
   2.72376812E-03
   2.71635945E-03
   2.70906580E-03
   2.70173675E-03
   2.69454415E-03
   2.68729334E-03
   2.68016802E-03
   2.67299428E-03
   2.66593718E-03
   2.65883957E-03
   2.65177968E-03
   2.64475704E-03
   2.63781962E-03
   2.63091410E-03
   2.62400182E-03
   2.61712540E-03
   2.61028484E-03
   2.60355417E-03
   2.59683095E-03
   2.59009632E-03
   2.58339662E-03
   2.57686782E-03
   2.57027475E-03
   2.56367703E-03
   2.55711307E-03
   2.55062268E-03
   2.54416699E-03
   2.53770244E-03
   2.53131264E-03
   2.52499105E-03
   2.51862360E-03
   2.51228851E-03
   2.50602444E-03
   2.49985442E-03
   2.49361293E-03
   2.48746667E-03
   2.48131575E-03
   2.47516623E-03
   2.46907747E-03
   2.46298872E-03
   2.45692977E-03
   2.45091924E-03
   2.44491966E-03
   2.43902276E-03
   2.43311445E-03
   2.42720149E-03
   2.42131739E-03
   2.41546240E-03
   2.40963488E-03
   2.40383553E-03
   2.39810534E-03
   2.39236141E-03
   2.38664541E-03
   2.38095596E-03
   2.37529376E-03
   2.36970559E-03
   2.36409879E-03
   2.35860818E-03
   2.35309289E-03
   2.34756269E-03
   2.34208070E-03
   2.33660173E-03
   2.33114837E-03
   2.32572225E-03
   2.32031941E-03
   2.31499225E-03
   2.30976613E-03
   2.30443734E-03
   2.29921914E-03
   2.29393877E-03
   2.28871498E-03
   2.28354218E-03
   2.27833330E-03
   2.27314862E-03
   2.26804568E-03
   2.26290734E-03
   2.25779251E-03
   2.25273124E-03
   2.24766228E-03
   2.24261591E-03
   2.23759213E-03
   2.23259092E-03
   2.22761184E-03
   2.22265511E-03
   2.21772236E-03
   2.21280963E-03
   2.20791856E-03
   2.20309477E-03
   2.19832896E-03
   2.19350192E-03
   2.18869583E-03
   2.18395144E-03
   2.17918679E-03
   2.17448152E-03
   2.16975925E-03
   2.16505653E-03
   2.16037431E-03
   2.15575425E-03
   2.15111207E-03
   2.14648969E-03
   2.14196928E-03
   2.13738740E-03
   2.13286094E-03
   2.12831656E-03
   2.12379172E-03
   2.11928738E-03
   4.65687737E-03
   2.11041025E-03
   2.10599811E-03
   2.10156734E-03
   2.09718966E-03
   2.09283060E-03
   2.08848575E-03
   2.08412879E-03
   2.07982096E-03
   2.07552966E-03
   2.07124045E-03
   2.06695497E-03
   2.06274190E-03
   2.05849134E-03
   2.05427245E-03
   2.05005659E-03
   2.04585819E-03
   2.04170635E-03
   2.03754241E-03
   2.03339523E-03
   2.02926528E-03
   2.02518376E-03
   2.02111760E-03
   2.01703701E-03
   2.01300345E-03
   2.00895546E-03
   2.00495403E-03
   2.00096844E-03
   1.99700776E-03
   1.99305383E-03
   1.98910851E-03
   1.98517693E-03
   1.98126119E-03
   1.97735964E-03
   1.97347254E-03
   1.96958170E-03
   1.96570647E-03
   1.96184637E-03
   1.95806380E-03
   1.95426866E-03
   1.95045664E-03
   1.94668630E-03
   1.94292830E-03
   1.93917018E-03
   1.93541346E-03
   1.93169224E-03
   1.92796439E-03
   1.92426902E-03
   1.92056969E-03
   1.91693788E-03
   1.91327988E-03
   1.90962281E-03
   1.90598576E-03
   1.90235651E-03
   1.89874088E-03
   1.89516728E-03
   1.89158588E-03
   1.88801112E-03
   1.88444974E-03
   1.88090187E-03
   1.87736726E-03
   1.87384617E-03
   1.87033834E-03
   1.86684343E-03
   1.86340522E-03
   1.85997353E-03
   1.85653591E-03
   1.85312424E-03
   1.84972119E-03
   1.84630288E-03
   1.84289727E-03
   1.83951133E-03
   1.83613854E-03
   1.83278602E-03
   1.82943000E-03
   1.82610063E-03
   1.82276906E-03
   1.81946659E-03
   1.81615911E-03
   1.81288901E-03
   1.80964312E-03
   1.80638407E-03
   1.80313957E-03
   1.79990404E-03
   1.79666735E-03
   1.79344229E-03
   1.79024285E-03
   1.78705354E-03
   1.78386283E-03
   1.78068341E-03
   1.77754473E-03
   1.77438778E-03
   1.77124224E-03
   1.76810776E-03
   1.76498434E-03
   1.76188955E-03
   1.75878790E-03
   1.75571570E-03
   1.75265293E-03
   1.74958387E-03
   1.74655893E-03
   1.74351118E-03
   1.74050475E-03
   1.73747819E-03
   1.73446198E-03
   1.73147221E-03
   1.72849884E-03
   1.72551372E-03
   1.72253896E-03
   1.71957433E-03
   1.71663682E-03
   1.71370828E-03
   1.71078928E-03
   1.70786493E-03
   1.70496630E-03
   1.70207687E-03
   1.69918232E-03
   1.69629755E-03
   1.69342267E-03
   1.69055734E-03
   1.68773590E-03
   1.68488978E-03
   1.68205344E-03
   1.67925982E-03
   1.67644955E-03
   1.67364883E-03
   1.67084998E-03
   1.66806055E-03
   1.66531198E-03
   1.66256865E-03
   1.65980682E-03
   1.65706757E-03
   1.65432401E-03
   1.65161537E-03
   1.64888985E-03
   1.64617319E-03
   1.64346572E-03
   1.64076698E-03
   1.63809303E-03
   1.63541187E-03
   1.63273956E-03
   1.63007597E-03
   1.62742159E-03
   1.62479270E-03
   1.62217114E-03
   1.61955808E-03
   1.61693734E-03
   1.61434105E-03
   1.61173719E-03
   1.60917151E-03
   1.60658406E-03
   1.60400500E-03
   1.60146318E-03
   1.59892545E-03
   1.59638200E-03
   1.59385777E-03
   1.59133307E-03
   1.58880267E-03
   1.58628938E-03
   1.58378016E-03
   1.58128398E-03
   1.57879363E-03
   1.57631293E-03
   1.57384912E-03
   1.57137413E-03
   1.56892370E-03
   1.56646408E-03
   1.56401214E-03
   1.56156800E-03
   1.55913143E-03
   1.55671360E-03
   1.55429216E-03
   1.55188376E-03
   1.54947734E-03
   1.54707825E-03
   1.54469884E-03
   1.54231465E-03
   1.53994991E-03
   1.53758039E-03
   1.53521798E-03
   1.53288827E-03
   1.53055368E-03
   1.52822491E-03
   1.52589113E-03
   1.52356457E-03
   1.52126676E-03
   1.51895429E-03
   1.51664892E-03
   1.51435041E-03
   1.51205889E-03
   1.50977436E-03
   1.50749669E-03
   1.50522578E-03
   1.50296185E-03
   1.50070479E-03
   1.49845437E-03
   1.49623596E-03
   1.49401301E-03
   1.49179669E-03
   1.48957293E-03
   1.48737011E-03
   1.48515950E-03
   1.48295541E-03
   1.48075807E-03
   1.47858227E-03
   1.47639785E-03
   1.47421972E-03
   1.47206441E-03
   1.46989909E-03
   1.46774016E-03
   1.46558741E-03
   2.00724695E-03
   2.01128004E-03
   2.55853543E-03
   2.52996781E-03
   3.33492784E-03
   3.34606832E-03
   4.39846842E-03
   1.44868100E-03
   1.44659588E-03
   1.44451624E-03
   1.44243124E-03
   1.44035206E-03
   1.43829116E-03
   1.43622397E-03
   1.43416272E-03
   1.43210753E-03
   1.43005815E-03
   1.42801448E-03
   1.42598036E-03
   1.42394833E-03
   1.42192212E-03
   1.41991675E-03
   1.41791673E-03
   1.41590764E-03
   1.41394371E-03
   1.41194579E-03
   1.40996475E-03
   1.40799896E-03
   1.40601792E-03
   1.40405225E-03
   1.40209158E-03
   1.40013604E-03
   1.39818562E-03
   1.39624055E-03
   1.39430037E-03
   1.39235763E-03
   1.39042852E-03
   1.38850452E-03
   1.38658565E-03
   1.38467900E-03
   1.38276292E-03
   1.38086022E-03
   1.37896172E-03
   1.37706148E-03
   1.37518032E-03
   1.37329043E-03
   1.37141871E-03
   1.36953918E-03
   1.36767025E-03
   1.36580097E-03
   1.36394345E-03
   1.36209116E-03
   1.36024971E-03
   1.35840708E-03
   1.35656307E-03
   1.35472999E-03
   1.35289971E-03
   1.35107071E-03
   1.34924648E-03
   1.34742737E-03
   1.34561642E-03
   1.34381454E-03
   1.34200999E-03
   1.34021882E-03
   1.33843254E-03
   1.33664231E-03
   1.33486546E-03
   1.33309234E-03
   1.33131631E-03
   1.32954505E-03
   1.32779893E-03
   1.32603711E-03
   1.32427993E-03
   1.32252730E-03
   1.32077932E-03
   1.31904450E-03
   1.31730584E-03
   1.31558010E-03
   1.31385901E-03
   1.31213397E-03
   1.31042185E-03
   1.30871404E-03
   1.30700250E-03
   1.30530365E-03
   1.30360434E-03
   1.30190607E-03
   1.30021223E-03
   1.29853014E-03
   1.29684503E-03
   1.29516434E-03
   1.29348796E-03
   1.29181589E-03
   1.29016058E-03
   1.28850178E-03
   1.28684263E-03
   1.28518778E-03
   1.28353713E-03
   1.28189067E-03
   1.28026027E-03
   1.27863139E-03
   1.27699762E-03
   1.27538806E-03
   1.27376255E-03
   1.27214100E-03
   1.27053272E-03
   1.26894400E-03
   1.26734120E-03
   1.26573606E-03
   1.26413687E-03
   1.26253976E-03
   1.26095489E-03
   1.25937304E-03
   1.25779433E-03
   1.25621329E-03
   1.25463621E-03
   1.25307019E-03
   1.25150103E-03
   1.24994281E-03
   1.24838157E-03
   1.24683103E-03
   1.24527735E-03
   1.24373543E-03
   1.24219665E-03
   1.24065450E-03
   1.23913027E-03
   1.23759580E-03
   1.23607181E-03
   1.23455143E-03
   1.23302825E-03
   1.23150891E-03
   1.23000005E-03
   1.22848805E-03
   1.22698327E-03
   1.22547871E-03
   1.22397777E-03
   1.22248824E-03
   1.22099463E-03
   1.21950475E-03
   1.21801859E-03
   1.21653592E-03
   1.21505687E-03
   1.21358130E-03
   1.21210946E-03
   1.21064123E-03
   1.20918709E-03
   1.20772584E-03
   1.20627822E-03
   1.20483316E-03
   1.20339135E-03
   1.20194408E-03
   1.20050914E-03
   1.19906873E-03
   1.19763170E-03
   1.19619828E-03
   1.19477301E-03
   1.19336380E-03
   1.19194819E-03
   1.19053549E-03
   1.18911895E-03
   1.18771300E-03
   1.18630484E-03
   1.18491275E-03
   1.18350959E-03
   1.18210970E-03
   1.18071318E-03
   1.17931992E-03
   1.17793004E-03
   1.17655087E-03
   1.17516739E-03
   1.17379415E-03
   1.17241708E-03
   1.17105141E-03
   1.16968097E-03
   1.16831355E-03
   1.16696453E-03
   1.16560352E-03
   1.16426405E-03
   1.16290932E-03
   1.16155774E-03
   1.16021244E-03
   1.15887320E-03
   1.15753105E-03
   1.15619798E-03
   1.15487294E-03
   1.15353998E-03
   1.15221005E-03
   1.15088327E-03
   1.14955951E-03
   1.14823878E-03
   1.14692445E-03
   1.14561128E-03
   1.14430638E-03
   1.14299776E-03
   1.14169880E-03
   1.14039599E-03
   1.13909622E-03
   1.13780657E-03
   1.13651273E-03
   1.13522180E-03
   1.13394135E-03
   1.13266928E-03
   1.13139290E-03
   1.13011349E-03
   1.12883723E-03
   1.12756982E-03
   1.12629903E-03
   1.12503429E-03
   1.12377526E-03
   1.12251902E-03
   1.12125964E-03
   1.12000888E-03
   1.11875788E-03
   1.11750711E-03
   1.11626496E-03
   1.11501955E-03
   1.11377705E-03
   1.11254351E-03
   1.11130648E-03
   1.11007225E-03
   1.10884069E-03
   1.10761181E-03
   1.10638572E-03
   1.10517570E-03
   1.10396149E-03
   1.10274926E-03
   1.10153377E-03
   1.10032118E-03
   1.09911279E-03
   1.09790848E-03
   1.09671545E-03
   1.09551323E-03
   1.09431928E-03
   1.09312229E-03
   1.09193369E-03
   1.09074195E-03
   1.08956324E-03
   1.08837686E-03
   1.08720257E-03
   1.08602596E-03
   1.08485564E-03
   1.08367938E-03
   1.08251383E-03
   1.08134793E-03
   1.08018483E-03
   1.07902137E-03
   1.07785780E-03
   1.07669656E-03
   1.07554113E-03
   1.07438827E-03
   1.07323762E-03
   1.07208639E-03
   1.07094110E-03
   1.06979813E-03
   1.06865424E-03
   1.06751954E-03
   1.06638216E-03
   1.06524886E-03
   1.06412335E-03
   1.06299412E-03
   1.06186746E-03
   1.06074288E-03
   1.05962192E-03
   1.05850212E-03
   1.05738232E-03
   1.05626474E-03
   1.05515262E-03
   1.05404202E-03
   1.05293153E-03
   1.05182349E-03
   1.05071778E-03
   1.04961440E-03
   1.04851741E-03
   1.04742579E-03
   1.04633253E-03
   1.04524160E-03
   1.04414951E-03
   1.04305986E-03
   1.04197662E-03
   1.04089594E-03
   1.03981874E-03
   1.03874260E-03
   1.03766914E-03
   1.03659299E-03
   1.03552174E-03
   1.03445002E-03
   1.03338202E-03
   1.03231799E-03
   1.03125873E-03
   1.03019807E-03
   1.02913741E-03
   1.02807884E-03
   1.02702598E-03
   1.02597463E-03
   1.02492841E-03
   1.02388370E-03
   1.02283736E-03
   1.02179451E-03
   1.02075108E-03
   1.01971696E-03
   1.01867982E-03
   1.01764337E-03
   1.01660821E-03
   1.01557525E-03
   1.01454579E-03
   1.01351703E-03
   1.01249036E-03
   1.01146929E-03
   1.01044972E-03
   1.00943388E-03
   1.00841839E-03
   1.00740197E-03
   1.00638764E-03
   1.00537529E-03
   1.00436877E-03
   1.00336398E-03
   1.00236014E-03
   1.00135605E-03
   1.00035709E-03
   9.99365700E-04
   9.98373027E-04
   9.97376745E-04
   9.96382441E-04
   9.95398033E-04
   9.94407688E-04
   9.93423164E-04
   9.92437708E-04
   9.91456094E-04
   9.90475761E-04
   9.89499502E-04
   9.88522894E-04
   9.87553969E-04
   9.86579224E-04
   9.85606224E-04
   9.84635320E-04
   9.83669073E-04
   9.82705038E-04
   9.81742633E-04
   9.80779179E-04
   9.79819219E-04
   9.78859607E-04
   9.77905351E-04
   9.76949465E-04
   9.75999632E-04
   9.75047529E-04
   9.74097289E-04
   9.73148854E-04
   9.72202281E-04
   9.71261063E-04
   9.70320951E-04
   9.69379907E-04
   9.68447537E-04
   9.67510161E-04
   9.66574531E-04
   9.65643441E-04
   9.64711420E-04
   9.63784638E-04
   9.62856167E-04
   9.61932994E-04
   9.61014943E-04
   9.60091944E-04
   9.59170517E-04
   9.58252349E-04
   9.57334472E-04
   9.56418400E-04
   9.55508207E-04
   9.54595685E-04
   9.53684794E-04
   9.52775707E-04
   9.51877912E-04
   9.50979069E-04
   9.50075162E-04
   9.49172885E-04
   9.48275789E-04
   9.47379682E-04
   9.46482643E-04
   9.45587235E-04
   9.44700965E-04
   9.43812542E-04
   9.42924235E-04
   9.42039012E-04
   9.41155304E-04
   9.40272701E-04
   9.39388992E-04
   9.38506972E-04
   9.37626581E-04
   9.36752593E-04
   9.35877848E-04
   9.35002347E-04
   9.34128533E-04
   9.33259027E-04
   9.32391151E-04
   9.31524788E-04
   9.30659473E-04
   9.29793692E-04
   9.28933558E-04
   9.28071036E-04
   9.27210087E-04
   9.26350767E-04
   9.25497094E-04
   9.24642256E-04
   9.23790329E-04
   9.22937354E-04
   9.22088628E-04
   9.21241415E-04
   9.20393097E-04
   9.19548911E-04
   9.18703794E-04
   9.17860132E-04
   9.17018100E-04
   9.16177582E-04
   9.15338576E-04
   9.14501084E-04
   9.13670054E-04
   9.12835589E-04
   9.12004441E-04
   9.11180221E-04
   9.10356932E-04
   9.09528579E-04
   9.08705115E-04
   9.07879730E-04
   9.07055859E-04
   9.06233443E-04
   9.05415392E-04
   9.04601940E-04
   9.03785927E-04
   9.02971602E-04
   9.02158732E-04
   9.01345164E-04
   9.00533109E-04
   8.99727340E-04
   8.98918253E-04
   8.98112718E-04
   8.97308870E-04
   8.96504032E-04
   8.95700650E-04
   8.94898723E-04
   8.94098252E-04
   8.93304066E-04
   8.92509066E-04
   8.91715405E-04
   8.90923140E-04
   8.90129711E-04
   8.89337738E-04
   8.88548442E-04
   8.87761882E-04
   8.86976602E-04
   8.86192545E-04
   8.85407615E-04
   8.84626643E-04
   8.83845554E-04
   8.83064757E-04
   8.82287917E-04
   8.81512300E-04
   8.80735577E-04
   8.79960193E-04
   8.79195635E-04
   8.78422987E-04
   8.77651735E-04
   8.76884034E-04
   8.76117731E-04
   8.75350495E-04
   8.74585647E-04
   8.73824407E-04
   8.73063167E-04
   8.72305478E-04
   8.71546741E-04
   8.70787480E-04
   8.70031945E-04
   8.69275362E-04
   8.68520001E-04
   8.67765979E-04
   8.67014227E-04
   8.66262824E-04
   8.65515263E-04
   8.64770729E-04
   8.64025147E-04
   8.63280962E-04
   8.62536021E-04
   8.61792360E-04
   8.61052307E-04
   8.60313419E-04
   8.59575812E-04
   8.58842861E-04
   8.58105544E-04
   8.57371371E-04
   8.56641331E-04
   8.55907798E-04
   8.55175545E-04
   8.54446320E-04
   8.53716570E-04
   8.52988043E-04
   8.52262659E-04
   8.51536635E-04
   8.50814395E-04
   8.50091805E-04
   8.49375734E-04
   8.48655880E-04
   8.47936026E-04
   8.47220363E-04
   8.46503477E-04
   8.45788803E-04
   8.45073722E-04
   8.44359922E-04
   8.43649148E-04
   8.42939655E-04
   8.42231209E-04
   8.41522182E-04
   8.40815250E-04
   8.40108551E-04
   8.39406101E-04
   8.38701788E-04
   8.38001026E-04
   8.37300904E-04
   8.36600084E-04
   8.35902872E-04
   8.35206883E-04
   8.34511360E-04
   8.33817001E-04
   8.33125552E-04
   8.32431775E-04
   8.31739104E-04
   8.31048470E-04
   8.30358069E-04
   8.29668890E-04
   8.28982913E-04
   8.28298042E-04
   8.27615848E-04
   8.26931209E-04
   8.26247735E-04
   8.25565367E-04
   8.24886141E-04
   8.24209827E-04
   8.23530776E-04
   8.22852831E-04
   8.22177914E-04
   8.21502239E-04
   8.20831687E-04
   8.20158166E-04
   8.19487730E-04
   8.18818284E-04
   8.18150234E-04
   8.17483931E-04
   8.16818851E-04
   8.16151965E-04
   8.15487583E-04
   8.14822852E-04
   8.14160798E-04
   8.13498220E-04
   8.12836690E-04
   8.12178070E-04
   8.11520440E-04
   8.10863799E-04
   8.10206577E-04
   8.09551275E-04
   8.08897952E-04
   8.08247365E-04
   8.07595905E-04
   8.06943979E-04
   8.06294614E-04
   8.05644784E-04
   8.04997748E-04
   8.04351585E-04
   8.03707226E-04
   8.03061528E-04
   8.02420022E-04
   8.01776419E-04
   8.01133865E-04
   8.00495560E-04
   7.99855043E-04
   7.99215515E-04
   7.98578782E-04
   7.97943037E-04
   7.97308108E-04
   7.96674285E-04
   7.96041393E-04
   7.95409433E-04
   7.94778520E-04
   7.94147025E-04
   7.93516636E-04
   7.92887178E-04
   7.92260631E-04
   7.91634899E-04
   7.91010214E-04
   7.90384714E-04
   7.89761893E-04
   7.89138430E-04
   7.88517762E-04
   7.87897094E-04
   7.87279801E-04
   7.86660239E-04
   7.86043296E-04
   7.85425655E-04
   7.84812320E-04
   7.84196600E-04
   7.83581927E-04
   7.82968185E-04
   7.82360439E-04
   7.81748618E-04
   7.81138428E-04
   7.80531380E-04
   7.79923750E-04
   7.79317517E-04
   7.78710411E-04
   7.78104237E-04
   7.77499634E-04
   7.76895380E-04
   7.76292058E-04
   7.75691820E-04
   7.75091525E-04
   7.74490996E-04
   7.73893611E-04
   7.73294887E-04
   7.72698782E-04
   7.72101921E-04
   7.71508145E-04
   7.70913146E-04
   7.70319079E-04
   7.69728154E-04
   7.69139791E-04
   7.68554979E-04
   7.67966209E-04
   7.67376623E-04
   7.66788551E-04
   7.66203040E-04
   7.65617355E-04
   7.65033008E-04
   7.64447963E-04
   7.63864373E-04
   7.63282238E-04
   7.62699812E-04
   7.62121286E-04
   7.61541771E-04
   7.60964293E-04
   7.60387455E-04
   7.59810093E-04
   7.59232964E-04
   7.58657174E-04
   7.58081849E-04
   7.57508795E-04
   7.56935216E-04
   7.56363559E-04
   7.55793706E-04
   7.55222747E-04
   7.54653709E-04
   7.54087581E-04
   7.53520115E-04
   7.52952532E-04
   7.52387336E-04
   7.51822430E-04
   7.51257408E-04
   7.50693260E-04
   7.50131090E-04
   7.49568571E-04
   7.49008206E-04
   7.48447375E-04
   7.47887476E-04
   7.47329264E-04
   7.46775011E-04
   7.46218779E-04
   7.45663769E-04
   7.45108002E-04
   7.44554214E-04
   7.44000077E-04
   7.43447337E-04
   7.42896053E-04
   7.42344360E-04
   7.41794880E-04
   7.41244818E-04
   7.40697025E-04
   7.40149990E-04
   7.39604933E-04
   7.39060401E-04
   7.38514413E-04
   7.37969182E-04
   7.37424765E-04
   7.36882503E-04
   7.36339949E-04
   7.35797978E-04
   7.35256821E-04
   7.34716363E-04
   7.34178349E-04
   7.33639521E-04
   7.33104767E-04
   7.32567511E-04
   7.32031069E-04
   7.31495384E-04
   8.75179772E-04
   7.30431173E-04
   7.29897874E-04
   7.29365274E-04
   7.28833489E-04
   7.28302519E-04
   7.27772363E-04
   7.27242848E-04
   7.26716244E-04
   7.26188300E-04
   7.25663325E-04
   7.25138816E-04
   7.24613259E-04
   7.24090089E-04
   7.23569421E-04
   7.23048637E-04
   7.22530182E-04
   7.22008292E-04
   7.21488206E-04
   7.20969401E-04
   7.20449782E-04
   7.19932490E-04
   7.19414325E-04
   7.18900119E-04
   7.18383468E-04
   7.17867573E-04
   7.17352435E-04
   7.16837996E-04
   7.16324372E-04
   7.15811446E-04
   7.15301314E-04
   7.14789901E-04
   7.14282040E-04
   7.13774236E-04
   7.13264977E-04
   7.12757581E-04
   7.12249719E-04
   7.11743778E-04
   7.11238594E-04
   7.10732886E-04
   7.10228225E-04
   7.09726533E-04
   7.09222979E-04
   7.08720239E-04
   7.08219304E-04
   7.07717903E-04
   7.07218656E-04
   7.06721039E-04
   7.06221792E-04
   7.05723243E-04
   7.05225335E-04
   7.04730046E-04
   7.04236154E-04
   7.03740341E-04
   7.03246449E-04
   7.02752091E-04
   7.02259713E-04
   7.01766694E-04
   7.01275654E-04
   7.00787466E-04
   7.00297474E-04
   6.99807249E-04
   6.99317665E-04
   6.98828779E-04
   6.98341813E-04
   6.97854324E-04
   6.97368698E-04
   6.96884817E-04
   6.96399307E-04
   6.95914496E-04
   6.95431663E-04
   6.94949471E-04
   6.94468967E-04
   6.93986833E-04
   6.93505339E-04
   6.93025126E-04
   6.92544971E-04
   6.92065514E-04
   6.91587920E-04
   6.91110094E-04
   6.90632616E-04
   6.90155779E-04
   6.89679640E-04
   6.89204142E-04
   6.88733940E-04
   6.88261061E-04
   6.87789056E-04
   6.87316176E-04
   6.86843938E-04
   6.86372397E-04
   6.85901439E-04
   6.85431121E-04
   6.84961444E-04
   6.84493978E-04
   6.84028550E-04
   6.83562830E-04
   6.83096936E-04
   6.82630460E-04
   6.82167243E-04
   6.81702048E-04
   6.81237492E-04
   6.80773577E-04
   6.80311408E-04
   6.79850054E-04
   6.79388002E-04
   6.78926648E-04
   6.78468670E-04
   6.78008539E-04
   6.77548989E-04
   6.77091128E-04
   6.76632859E-04
   6.76176511E-04
   6.75719464E-04
   6.75263000E-04
   6.74807234E-04
   6.74351992E-04
   6.73897390E-04
   6.73443428E-04
   6.72990049E-04
   6.72537310E-04
   6.72086200E-04
   6.71636604E-04
   6.71185669E-04
   6.70735317E-04
   6.70285604E-04
   1.63466914E-03
   6.69391593E-04
   6.68946013E-04
   6.68498687E-04
   6.68054447E-04
   6.67608343E-04
   6.67162763E-04
   6.66717824E-04
   8.19823006E-04
   8.20495363E-04
   9.08235146E-04
   6.64953724E-04
   6.64511696E-04
   6.64071355E-04
   6.63631479E-04
   6.63193059E-04
   6.62753300E-04
   6.62314240E-04
   6.61875762E-04
   6.61437807E-04
   6.61002181E-04
   6.60565449E-04
   6.60130871E-04
   6.59695186E-04
   6.59260142E-04
   6.58825680E-04
   6.58394012E-04
   6.57960656E-04
   6.57529046E-04
   6.57097960E-04
   6.56666351E-04
   6.56236429E-04
   6.55805925E-04
   6.55377691E-04
   6.54948235E-04
   6.54519419E-04
   6.54091127E-04
   6.53666444E-04
   6.53239316E-04
   6.52812712E-04
   6.52388611E-04
   6.51963113E-04
   6.51538197E-04
   9.71485337E-04
   9.70542023E-04
   9.58416902E-04
   2.04589125E-03
   2.05008127E-03
   2.21648510E-03
   6.48586487E-04
   6.48166868E-04
   6.47746841E-04
   6.47327397E-04
   6.46909059E-04
   6.46490720E-04
   6.46072847E-04
   6.45655557E-04
   6.45240070E-04
   6.44826563E-04
   6.44410844E-04
   6.43995707E-04
   6.43583073E-04
   6.43169973E-04
   6.42757979E-04
   6.42344996E-04
   6.41933351E-04
   6.41521416E-04
   6.41110528E-04
   6.40699640E-04
   6.40291139E-04
   6.39883569E-04
   6.39474485E-04
   6.39065693E-04
   6.38657424E-04
   6.38249738E-04
   6.37842924E-04
   6.37438032E-04
   6.37031859E-04
   6.36626151E-04
   6.36223296E-04
   6.35818578E-04
   6.35416771E-04
   6.35013159E-04
   6.34611002E-04
   6.34208322E-04
   6.33806281E-04
   6.33406220E-04
   6.33005111E-04
   6.32604526E-04
   6.32204523E-04
   6.31804985E-04
   6.31405856E-04
   6.31007308E-04
   6.30610564E-04
   6.30213006E-04
   7.93020357E-04
   7.92391773E-04
   7.91764120E-04
   7.91137514E-04
   2.86481460E-03
   7.03213504E-04
   7.02719146E-04
   6.27055007E-04
   6.26661931E-04
   6.26269379E-04
   6.25877234E-04
   6.25487068E-04
   6.25095970E-04
   6.24706736E-04
   6.24316628E-04
   6.23929722E-04
   6.23541768E-04
   6.23153057E-04
   6.22766034E-04
   6.22378371E-04
   6.21991116E-04
   6.21604675E-04
   6.21218991E-04
   6.20833132E-04
   6.20450301E-04
   6.20066072E-04
   6.19682774E-04
   6.19298895E-04
   6.18917693E-04
   6.18536666E-04
   6.18154241E-04
   6.17773505E-04
   6.17392012E-04
   6.17010985E-04
   6.16631296E-04
   6.16252131E-04
   6.15873316E-04
   6.15495315E-04
   6.15116674E-04
   6.14739722E-04
   6.14362187E-04
   6.13984885E-04
   6.13609678E-04
   6.13234763E-04
   6.12859498E-04
   6.12484000E-04
   6.12108968E-04
   6.11735159E-04
   6.11361815E-04
   6.10988878E-04
   6.10615651E-04
   6.10243471E-04
   6.09871524E-04
   6.09500566E-04
   6.09129202E-04
   6.08758244E-04
   6.08387752E-04
   6.08019531E-04
   6.07649912E-04
   6.07281690E-04
   6.06913003E-04
   6.06545713E-04
   6.06177899E-04
   6.05810608E-04
   6.05444773E-04
   6.05078298E-04
   6.04712288E-04
   6.04346744E-04
   8.17001739E-04
   8.16334563E-04
   1.03142043E-03
   6.02891960E-04
   6.02529792E-04
   6.02166809E-04
   6.01805223E-04
   6.01443113E-04
   6.01081527E-04
   6.00722444E-04
   6.00362546E-04
   6.00002240E-04
   5.99644147E-04
   5.99284715E-04
   5.98925690E-04
   5.98567072E-04
   5.98209968E-04
   5.97852166E-04
   5.97494887E-04
   5.97137958E-04
   5.96781552E-04
   7.75777153E-04
   5.96071826E-04
   5.95716643E-04
   5.95361867E-04
   5.95007441E-04
   6.52187155E-04
   6.52612653E-04
   6.53038674E-04
   1.50124927E-03
   1.48781529E-03
   5.92894328E-04
   5.92542929E-04
   5.92191936E-04
   5.91841352E-04
   5.91492921E-04
   5.91144024E-04
   5.90794662E-04
   5.90447744E-04
   5.90099255E-04
   5.89751173E-04
   5.89403440E-04
   5.89057687E-04
   5.88711817E-04
   5.88365365E-04
   5.88019961E-04
   5.87674323E-04
   5.87329036E-04
   5.86986658E-04
   5.86642243E-04
   5.86298236E-04
   8.51244491E-04
   8.50520213E-04
   1.16795814E-03
   1.16932299E-03
   1.12565735E-03
   2.43321992E-03
   5.83907065E-04
   5.83566201E-04
   5.83225803E-04
   5.82885696E-04
   5.82546869E-04
   5.82207576E-04
   5.81868750E-04
   7.16908602E-04
   7.16394861E-04
   7.15881761E-04
   1.77366729E-03
   5.80183405E-04
   5.79846848E-04
   8.31024896E-04
   8.31715821E-04
   1.16556580E-03
   1.16420805E-03
   1.33555103E-03
   1.33733591E-03
   1.33912568E-03
   3.09382984E-03
   2.51566642E-03
   2.50934577E-03
   6.28702622E-03
   1.55729975E-03
   1.06651732E-03
   5.75184997E-04
   5.74854319E-04
   6.51211245E-04
   6.51635462E-04
   7.28653162E-04
   7.28122366E-04
   7.16398994E-04
   5.72880381E-04
   2.14347499E-03
   1.86644588E-03
   2.08605942E-03
   9.41007049E-04
   9.40122001E-04
   2.16591195E-03
   7.97628367E-04
   7.98264868E-04
   7.87646510E-04
   7.88267178E-04
   3.94619629E-03
   9.76644107E-04
   6.50244998E-04
   5.68328600E-04
   5.68005722E-04
   5.67683193E-04
   5.67361014E-04
   9.64373874E-04
   5.66719449E-04
   5.66399307E-04
   5.66078525E-04
   5.65758150E-04
   5.65438939E-04
   5.65119321E-04
   5.64800052E-04
   5.64481190E-04
   1.33454474E-03
   5.63846435E-04
   5.63529436E-04
   5.63212787E-04
   5.62895671E-04
   5.62578905E-04
   5.62262489E-04
   5.61946479E-04
   5.61630761E-04
   5.61315392E-04
   5.61000430E-04
   7.51549727E-04
   5.60373650E-04
   5.60059678E-04
   5.59746055E-04
   5.59432840E-04
   5.59119973E-04
   5.58807398E-04
   5.58495405E-04
   5.58183587E-04
   5.57872059E-04
   9.75822273E-04
   5.57255233E-04
   5.56944753E-04
   5.56635146E-04
   5.56325424E-04
   5.56015992E-04
   5.55708189E-04
   5.55400737E-04
   5.55092352E-04
   5.54785423E-04
   5.54478669E-04
   5.54171274E-04
   5.53866907E-04
   5.53561433E-04
   5.53255086E-04
   5.52949030E-04
   5.52643964E-04
   5.52338664E-04
   5.52033656E-04
   5.51729056E-04
   5.51424688E-04
   5.51120727E-04
   5.50817465E-04
   5.50514844E-04
   5.50211873E-04
   5.49909251E-04
   5.49606921E-04
   5.49304939E-04
   5.49003889E-04
   5.48704586E-04
   5.48403594E-04
   5.48102951E-04
   6.46132918E-04
   5.47504227E-04
   5.47204574E-04
   5.46905969E-04
   5.46606956E-04
   5.46308234E-04
   5.46009862E-04
   7.03094760E-04
   7.03589234E-04
   7.69729377E-04
   5.44824754E-04
   5.44528011E-04
   5.44232375E-04
   5.43936272E-04
   5.43640461E-04
   5.43344999E-04
   5.43049886E-04
   5.42756286E-04
   5.42461756E-04
   5.42167574E-04
   5.41873742E-04
   1.71810971E-03
   5.41288871E-04
   5.40995912E-04
   5.40703360E-04
   5.40411042E-04
   5.40119130E-04
   5.39827510E-04
   1.92894461E-03
   1.74254621E-03
   1.74558524E-03
   3.39750154E-03
   3.38597829E-03
   3.97007912E-03
   9.46072920E-04
   9.34060721E-04
   1.36021443E-03
   1.36206590E-03
   1.72610069E-03
   5.36359323E-04
   5.36071719E-04
   5.35784464E-04
   1.11406168E-03
   1.10170047E-03
   1.10048742E-03
   2.50796648E-03
   2.51426431E-03
   2.75249523E-03
   2.53433385E-03
   2.85331137E-03
   6.79796794E-04
   6.79334800E-04
   5.32649516E-04
   5.32365928E-04
   5.32083737E-04
   5.31800673E-04
   5.31519880E-04
   5.31238969E-04
   5.30956837E-04
   5.30676683E-04
   5.30395133E-04
   5.30114688E-04
   5.29833778E-04
   5.29553101E-04
   5.29273530E-04
   5.28993492E-04
   5.28714503E-04
   5.28435397E-04
   5.28156233E-04
   5.27877302E-04
   5.27598779E-04
   5.27320430E-04
   5.27042430E-04
   5.26764954E-04
   5.26487536E-04
   5.26210351E-04
   5.25935087E-04
   5.25659649E-04
   5.25383395E-04
   5.25107433E-04
   5.24831703E-04
   5.24556322E-04
   5.24282223E-04
   5.24008123E-04
   5.23733674E-04
   5.23459457E-04
   5.23185532E-04
   5.22911898E-04
   5.22638496E-04
   5.22365386E-04
   5.22092567E-04
   5.21820853E-04
   5.21548616E-04
   5.21277485E-04
   5.21006936E-04
   5.20735572E-04
   5.20465197E-04
   5.20194415E-04
   5.19923866E-04
   5.19653549E-04
   5.19383640E-04
   5.19114605E-04
   5.18845220E-04
   5.18576067E-04
   5.18307206E-04
   5.18038636E-04
   5.17771463E-04
   5.17503475E-04
   5.17235778E-04
   9.17152502E-04
   9.16311750E-04
   1.13310572E-03
   1.13439048E-03
   1.30767247E-03
   5.15640713E-04
   5.15374821E-04
   5.15109336E-04
   5.14844025E-04
   5.14579820E-04
   5.14315790E-04
   5.14052110E-04
   5.13787905E-04
   5.13524050E-04
   5.13260369E-04
   5.12997038E-04
   5.12735045E-04
   5.12472645E-04
   5.12210012E-04
   5.11947728E-04
   5.11686783E-04
   5.11426886E-04
   5.11165417E-04
   5.10904181E-04
   5.10643236E-04
   5.10382524E-04
   5.10122103E-04
   5.09861973E-04
   5.09602134E-04
   5.09342819E-04
   5.09083446E-04
   5.08824363E-04
   5.08566562E-04
   5.08308061E-04
   5.08049736E-04
   5.22737624E-04
   5.22464397E-04
   5.22146525E-04
   9.52432631E-04
   5.06763929E-04
   5.06508281E-04
   5.06251759E-04
   5.05995529E-04
   5.05740696E-04
   5.05484990E-04
   5.05229516E-04
   6.84720988E-04
   5.04722295E-04
   5.04467636E-04
   5.04213269E-04
   1.02567382E-03
   5.03706629E-04
   5.03452960E-04
   5.03199582E-04
   5.02946437E-04
   5.02693583E-04
   5.02440962E-04
   5.02188632E-04
   5.01936476E-04
   5.01684612E-04
   8.26221716E-04
   5.70330361E-04
   5.53393562E-04
   5.00682450E-04
   5.00431866E-04
   5.00181923E-04
   4.99932503E-04
