   1.57079995      0.785399973      0.392699987    
   1.54830003      0.762909055      0.380728364    
   1.52580023      0.740444481      0.368989885    
   1.50330043      0.718094647      0.357482493    
   1.48080099      0.696017027      0.346203715    
   1.45830154      0.674322248      0.335151315    
   1.43580127      0.653056145      0.324322879    
   1.41330171      0.632233858      0.313716352    
   1.39080191      0.611855805      0.303329140    
   1.36830151      0.591918468      0.293159038    
   1.34580171      0.572414935      0.283203900    
   1.32330167      0.553336680      0.273461282    
   1.30080175      0.534675181      0.263928920    
   1.27830136      0.516421139      0.254604399    
   1.25580215      0.498565555      0.245485440    
   1.23330259      0.481099278      0.236569434    
   1.21080172      0.464013398      0.227854222    
   1.18830168      0.447299123      0.219337225    
   1.16580164      0.430948228      0.211015970    
   1.14330184      0.414952219      0.202888042    
   1.12080240      0.399302602      0.194950715    
   1.09830260      0.383991927      0.187201574    
   1.07580280      0.369012535      0.179638043    
   1.05330265      0.354356825      0.172257423    
   1.03080285      0.340017855      0.165057316    
   1.00830305      0.325988203      0.158034787    
  0.985802948      0.312212229      0.151158616    
  0.963303030      0.298781723      0.144483522    
  0.940803111      0.285641015      0.137978077    
  0.918303311      0.272783935      0.131639585    
  0.895803332      0.260204613      0.125465274    
  0.873303533      0.247896612      0.119452305    
  0.850803554      0.235854551      0.113598034    
  0.828303516      0.224072874      0.107899643    
  0.805803657      0.212546244      0.102354355    
  0.783303499      0.201269612       9.69594568E-02
  0.760803640      0.190237328       9.17120129E-02
  0.738303661      0.179444775       8.66093785E-02
  0.715803802      0.168886885       8.16489011E-02
  0.693303764      0.158559039       7.68274516E-02
  0.670803726      0.148456901       7.21424371E-02
  0.648303747      0.138575494       6.75910562E-02
  0.625803709      0.128910705       6.31705821E-02
  0.603303611      0.119458288       5.88782839E-02
  0.580803573      0.110214055       5.47113568E-02
  0.558303595      0.101173893       5.06671183E-02
  0.535803914       9.23337936E-02   4.67428677E-02
  0.513303995       8.36901516E-02   4.29359525E-02
  0.490803599       7.52388313E-02   3.92435752E-02
  0.468304157       6.69762641E-02   3.56632620E-02
  0.445804119       5.88987917E-02   3.21923308E-02
  0.423304290       5.10029867E-02   2.88282186E-02
  0.400804192       4.32852171E-02   2.55683269E-02
  0.378304601       3.57423425E-02   2.24101283E-02
  0.355804741       2.83709839E-02   1.93511620E-02
  0.333304912       2.11677775E-02   1.63889527E-02
  0.310805291       1.41296610E-02   1.35210650E-02
  0.288305730       7.25346990E-03   1.07450178E-02
  0.265806139       5.36229461E-04   8.05852003E-03
  0.243306682      -6.02501258E-03   5.45925181E-03
  0.220807284      -1.24331918E-02   2.94494233E-03
  0.198307812      -1.86911710E-02   5.13331965E-04
  0.175809175      -2.48017274E-02  -1.83783961E-03
  0.153310925      -3.07675656E-02  -4.11063433E-03
  0.130813032      -3.65913138E-02  -6.30722940E-03
  0.108316556      -4.22755703E-02  -8.42962414E-03
   8.58235583E-02  -4.78229374E-02  -1.04799271E-02
   6.33430257E-02  -5.32359593E-02  -1.24600921E-02
   4.09258679E-02  -5.85169345E-02  -1.43720154E-02
   1.87184792E-02  -6.36683553E-02  -1.62175428E-02
  -3.11619416E-03  -6.86926395E-02  -1.79985948E-02
  -2.44955290E-02  -7.35919848E-02  -1.97168980E-02
  -4.53892164E-02  -7.83686861E-02  -2.13741772E-02
  -6.57879412E-02  -8.30247998E-02  -2.29721349E-02
  -8.56917575E-02  -8.75627697E-02  -2.45124158E-02
 -0.105105065      -9.19844359E-02  -2.59965863E-02
 -0.124033608      -9.62919593E-02  -2.74262130E-02
 -0.142484859     -0.100487381      -2.88027674E-02
 -0.160466269     -0.104572587      -3.01276855E-02
 -0.177985564     -0.108549483      -3.14024203E-02
 -0.195050597     -0.112419978      -3.26283574E-02
 -0.211669788     -0.116185904      -3.38067934E-02
 -0.227850422     -0.119848914      -3.49390432E-02
 -0.243600622     -0.123410851      -3.60263661E-02
 -0.258927703     -0.126873434      -3.70700099E-02
 -0.273839235     -0.130238146      -3.80711034E-02
 -0.288342774     -0.133506626      -3.90308164E-02
 -0.302445024     -0.136680424      -3.99502441E-02
 -0.316153288     -0.139761075      -4.08304557E-02
 -0.329473883     -0.142750025      -4.16725241E-02
 -0.342413723     -0.145648658      -4.24774811E-02
 -0.354979306     -0.148458317      -4.32462767E-02
 -0.367176712     -0.151180461      -4.39798906E-02
 -0.379011840     -0.153816238      -4.46792208E-02
 -0.390491158     -0.156366959      -4.53451611E-02
 -0.401619852     -0.158833861      -4.59785424E-02
 -0.412404001     -0.161218032      -4.65802625E-02
 -0.422848552     -0.163520619      -4.71510440E-02
 -0.432958394     -0.165742770      -4.76917550E-02
 -0.442739367     -0.167885363      -4.82030958E-02
 -0.452195823     -0.169949576      -4.86858152E-02
 -0.461332738     -0.171936363      -4.91406247E-02
 -0.470154643     -0.173846573      -4.95682098E-02
 -0.478665680     -0.175681040      -4.99691851E-02
 -0.486870885     -0.177440763      -5.03442176E-02
 -0.494773746     -0.179126441      -5.06939404E-02
 -0.502378345     -0.180738881      -5.10188341E-02
 -0.509688556     -0.182278857      -5.13195917E-02
 -0.516708374     -0.183747023      -5.15966862E-02
 -0.523440301     -0.185144126      -5.18506579E-02
 -0.529888690     -0.186470807      -5.20820431E-02
 -0.536056101     -0.187727496      -5.22912480E-02
 -0.541946292     -0.188914850      -5.24788015E-02
 -0.547562063     -0.190033466      -5.26451394E-02
 -0.552906036     -0.191083729      -5.27906939E-02
 -0.557981253     -0.192066133      -5.29158413E-02
 -0.562789917     -0.192981020      -5.30210063E-02
 -0.567334592     -0.193829000      -5.31064793E-02
 -0.571617424     -0.194610193      -5.31727001E-02
 -0.575640500     -0.195324957      -5.32199144E-02
 -0.579406440     -0.195973635      -5.32486886E-02
 -0.582916439     -0.196556628      -5.32590449E-02
 -0.586172760     -0.197073892      -5.32513298E-02
 -0.589176714     -0.197525635      -5.32258712E-02
 -0.591929972     -0.197912171      -5.31828888E-02
 -0.594433844     -0.198233560      -5.31226322E-02
 -0.596689701     -0.198489770      -5.30453101E-02
 -0.598698795     -0.198681012      -5.29511794E-02
 -0.600461960     -0.198807210      -5.28403930E-02
 -0.601980090     -0.198868349      -5.27131408E-02
 -0.603253841     -0.198864400      -5.25695942E-02
 -0.604284108     -0.198795289      -5.24099208E-02
 -0.605071366     -0.198660910      -5.22341877E-02
 -0.605615973     -0.198461115      -5.20425849E-02
 -0.605918109     -0.198195726      -5.18352054E-02
 -0.605978191     -0.197864518      -5.16121238E-02
 -0.605795979     -0.197467223      -5.13734445E-02
 -0.605371535     -0.197003603      -5.11192307E-02
 -0.604704797     -0.196473345      -5.08495122E-02
 -0.603795350     -0.195876047      -5.05643822E-02
 -0.602642536     -0.195211411      -5.02638407E-02
 -0.601245999     -0.194479018      -4.99478914E-02
 -0.599604845     -0.193678364      -4.96165417E-02
 -0.597718537     -0.192808956      -4.92698289E-02
 -0.595585823     -0.191870317      -4.89076711E-02
 -0.593205929     -0.190861940      -4.85300943E-02
 -0.590577483     -0.189783171      -4.81369980E-02
 -0.587699115     -0.188633397      -4.77283299E-02
 -0.584569454     -0.187411994      -4.73040305E-02
 -0.581187129     -0.186118275      -4.68640514E-02
 -0.577550232     -0.184751466      -4.64082584E-02
 -0.573657155     -0.183310896      -4.59365435E-02
 -0.569505513     -0.181795672      -4.54488024E-02
 -0.565093458     -0.180204943      -4.49448824E-02
 -0.560418904     -0.178537905      -4.44246866E-02
 -0.555479586     -0.176793709      -4.38880213E-02
 -0.550272584     -0.174971208      -4.33347449E-02
 -0.544795871     -0.173069611      -4.27646413E-02
 -0.539046526     -0.171087772      -4.21775468E-02
 -0.533020914     -0.169024676      -4.15732414E-02
 -0.526716709     -0.166879192      -4.09515053E-02
 -0.520130694     -0.164650202      -4.03121300E-02
 -0.513259470     -0.162336439      -3.96548882E-02
 -0.506099582     -0.159936756      -3.89795117E-02
 -0.498647660     -0.157449916      -3.82857360E-02
 -0.490899563     -0.154874504      -3.75732780E-02
 -0.482851565     -0.152209163      -3.68418470E-02
 -0.474499702     -0.149452597      -3.60911526E-02
 -0.465839803     -0.146603242      -3.53208892E-02
 -0.456867367     -0.143659651      -3.45307142E-02
 -0.447578043     -0.140620306      -3.37202847E-02
 -0.437967032     -0.137483612      -3.28892507E-02
 -0.428029686     -0.134247914      -3.20372544E-02
 -0.417760789     -0.130911514      -3.11639179E-02
 -0.407155246     -0.127472699      -3.02688442E-02
 -0.396207899     -0.123929672      -2.93516330E-02
 -0.384913236     -0.120280668      -2.84118839E-02
 -0.373265415     -0.116523691      -2.74491236E-02
 -0.361258805     -0.112656884      -2.64629330E-02
 -0.348887235     -0.108678229      -2.54528373E-02
 -0.336144686     -0.104585655      -2.44183801E-02
 -0.323024690     -0.100377068      -2.33590845E-02
 -0.309520781      -9.60503370E-02  -2.22744085E-02
 -0.295626283      -9.16032195E-02  -2.11638566E-02
 -0.281334281      -8.70334506E-02  -2.00268999E-02
 -0.266637713      -8.23386908E-02  -1.88629888E-02
 -0.251529664      -7.75165930E-02  -1.76715739E-02
 -0.236002058      -7.25645423E-02  -1.64520368E-02
 -0.220047712      -6.74801171E-02  -1.52038122E-02
 -0.203658894      -6.22607023E-02  -1.39262779E-02
 -0.186827824      -5.69036417E-02  -1.26188127E-02
 -0.169546485      -5.14062122E-02  -1.12807760E-02
 -0.151806936      -4.57656197E-02  -9.91149992E-03
 -0.133601129      -3.99789996E-02  -8.51031020E-03
 -0.114921324      -3.40434089E-02  -7.07651069E-03
  -9.57600325E-02  -2.79558375E-02  -5.60938288E-03
  -7.61104524E-02  -2.17132028E-02  -4.10819845E-03
  -5.59672043E-02  -1.53123420E-02  -2.57220585E-03
  -3.53277475E-02  -8.75003636E-03  -1.00063905E-03
  -1.41956955E-02  -2.02303613E-03   6.07275404E-04
   6.82659447E-07   1.69753050E-03   1.97295099E-03
