   0.00000000       0.00000000       0.00000000       1.00000000    
   1.75437462E-02   8.70885234E-03   4.34965128E-03  0.999798715    
   3.48274857E-02   1.71626359E-02   8.56202841E-03  0.999209285    
   5.18449992E-02   2.53602564E-02   1.26360692E-02  0.998253107    
   6.85907453E-02   3.33024450E-02   1.65710021E-02  0.996951163    
   8.50598067E-02   4.09917720E-02   2.03664042E-02  0.995323896    
  0.101247855       4.84319143E-02   2.40222085E-02  0.993391216    
  0.117151111       5.56271225E-02   2.75386721E-02  0.991172433    
  0.132766336       6.25819415E-02   3.09163481E-02  0.988686383    
  0.148090780       6.93010837E-02   3.41560617E-02  0.985951245    
  0.163122147       7.57893771E-02   3.72588970E-02  0.982984722    
  0.177858606       8.20517167E-02   4.02261615E-02  0.979803920    
  0.192298740       8.80930349E-02   4.30593751E-02  0.976425469    
  0.206441507       9.39182788E-02   4.57602479E-02  0.972865462    
  0.220286235       9.95324031E-02   4.83306721E-02  0.969139516    
  0.233832613      0.104940347       5.07726893E-02  0.965262651    
  0.247080624      0.110147014       5.30884899E-02  0.961249411    
  0.260030538      0.115157284       5.52803949E-02  0.957113922    
  0.272682965      0.119975984       5.73508330E-02  0.952869713    
  0.285038680      0.124607898       5.93023375E-02  0.948529959    
  0.297098786      0.129057750       6.11375347E-02  0.944107354    
  0.308864534      0.133330181       6.28591180E-02  0.939614058    
  0.320337385      0.137429789       6.44698590E-02  0.935061872    
  0.331519008      0.141361073       6.59725815E-02  0.930462182    
  0.342411220      0.145128474       6.73701540E-02  0.925825894    
  0.353015989      0.148736328       6.86654896E-02  0.921163559    
  0.363335431      0.152188927       6.98615238E-02  0.916485310    
  0.373371750      0.155490056       7.09607229E-02  0.911800981    
  0.383127302      0.158644184       7.19665587E-02  0.907119811    
  0.392604530      0.161655337       7.28820190E-02  0.902450800    
  0.401805907      0.164527416       7.37100914E-02  0.897802651    
  0.410734028      0.167264253       7.44537562E-02  0.893183589    
  0.419391513      0.169869572       7.51159862E-02  0.888601542    
  0.427781045      0.172347024       7.56997392E-02  0.884064198    
  0.435905337      0.174700141       7.62079582E-02  0.879578769    
  0.443767130      0.176932380       7.66435638E-02  0.875152290    
  0.451369137      0.179047108       7.70094544E-02  0.870791376    
  0.458714157      0.181047589       7.73084834E-02  0.866502464    
  0.465804935      0.182936996       7.75434896E-02  0.862291634    
  0.472644210      0.184718430       7.77172595E-02  0.858164668    
  0.479234695      0.186394870       7.78325573E-02  0.854127169    
  0.485579103      0.187969238       7.78920874E-02  0.850184321    
  0.491680086      0.189444363       7.78985322E-02  0.846341193    
  0.497540265      0.190822959       7.78545216E-02  0.842602551    
  0.503162205      0.192107692       7.77626336E-02  0.838972867    
  0.508548498      0.193301111       7.76254088E-02  0.835456431    
  0.513701558      0.194405705       7.74453357E-02  0.832057357    
  0.518623769      0.195423886       7.72248507E-02  0.828779399    
  0.523317516      0.196357965       7.69663453E-02  0.825626194    
  0.527785063      0.197210178       7.66721517E-02  0.822601080    
  0.532028556      0.197982684       7.63445571E-02  0.819707274    
  0.536050141      0.198677570       7.59857967E-02  0.816947758    
  0.539851785      0.199296862       7.55980536E-02  0.814325333    
  0.543435454      0.199842483       7.51834586E-02  0.811842561    
  0.546802998      0.200316295       7.47440904E-02  0.809501827    
  0.549956083      0.200720102       7.42819756E-02  0.807305336    
  0.552896440      0.201055631       7.37990886E-02  0.805255115    
  0.555625558      0.201324537       7.32973516E-02  0.803353071    
  0.558144867      0.201528400       7.27786347E-02  0.801600814    
  0.560455739      0.201668769       7.22447559E-02  0.799999833    
  0.562559366      0.201747090       7.16974884E-02  0.798551500    
  0.564456880      0.201764762       7.11385459E-02  0.797257006    
  0.566149235      0.201723129       7.05695972E-02  0.796117306    
  0.567637384      0.201623470       6.99922666E-02  0.795133233    
  0.568922102      0.201467007       6.94081187E-02  0.794305503    
  0.570004046      0.201254919       6.88186735E-02  0.793634593    
  0.570883751      0.200988293       6.82254061E-02  0.793120921    
  0.571561754      0.200668201       6.76297322E-02  0.792764604    
  0.572038591      0.200295672       6.70329630E-02  0.792565525    
  0.572315633      0.199871749       6.64361417E-02  0.792522788    
  0.572395682      0.199397549       6.58398867E-02  0.792634189    
  0.572282374      0.198874235       6.52445182E-02  0.792896628    
  0.571979821      0.198302954       6.46501854E-02  0.793306589    
  0.571492195      0.197684824       6.40569702E-02  0.793860257    
  0.570823550      0.197020903       6.34649098E-02  0.794553638    
  0.569977939      0.196312219       6.28740117E-02  0.795382679    
  0.568959177      0.195559770       6.22842684E-02  0.796343267    
  0.567771018      0.194764480       6.16956614E-02  0.797431231    
  0.566417158      0.193927258       6.11081608E-02  0.798642397    
  0.564901054      0.193048984       6.05217293E-02  0.799972534    
  0.563226104      0.192130476       5.99363260E-02  0.801417470    
  0.561395586      0.191172555       5.93519025E-02  0.802972913    
  0.559412658      0.190175980       5.87684065E-02  0.804634631    
  0.557280481      0.189141512       5.81857860E-02  0.806398392    
  0.555002034      0.188069865       5.76039851E-02  0.808260024    
  0.552580237      0.186961755       5.70229478E-02  0.810215294    
  0.550017893      0.185817868       5.64426184E-02  0.812260032    
  0.547317803      0.184638873       5.58629408E-02  0.814390063    
  0.544482648      0.183425412       5.52838594E-02  0.816601217    
  0.541515112      0.182178125       5.47053181E-02  0.818889439    
  0.538417816      0.180897653       5.41272610E-02  0.821250618    
  0.535193264      0.179584593       5.35496399E-02  0.823680758    
  0.531844020      0.178239569       5.29724061E-02  0.826175869    
  0.528372467      0.176863164       5.23955077E-02  0.828731954    
  0.524781108      0.175455987       5.18189035E-02  0.831345141    
  0.521072328      0.174018607       5.12425527E-02  0.834011555    
  0.517248511      0.172551632       5.06664142E-02  0.836727381    
  0.513311982      0.171055630       5.00904545E-02  0.839488864    
  0.509265125      0.169531181       4.95146438E-02  0.842292309    
  0.505110264      0.167978868       4.89389524E-02  0.845134020    
  0.500849664      0.166399270       4.83633578E-02  0.848010421    
  0.496485680      0.164792970       4.77878414E-02  0.850917935    
  0.492020577      0.163160548       4.72123846E-02  0.853853106    
  0.487456679      0.161502585       4.66369763E-02  0.856812477    
  0.482796252      0.159819677       4.60616127E-02  0.859792709    
  0.478041619      0.158112422       4.54862863E-02  0.862790465    
  0.473195076      0.156381413       4.49110009E-02  0.865802526    
  0.468258917      0.154627264       4.43357639E-02  0.868825674    
  0.463235468      0.152850583       4.37605865E-02  0.871856809    
  0.458127022      0.151051968       4.31854837E-02  0.874892950    
  0.452935934      0.149232060       4.26104702E-02  0.877931058    
  0.447664559      0.147391483       4.20355760E-02  0.880968213    
  0.442315251      0.145530879       4.14608270E-02  0.884001553    
  0.436890393      0.143650889       4.08862568E-02  0.887028337    
  0.431392401      0.141752169       4.03119065E-02  0.890045881    
  0.425823659      0.139835373       3.97378169E-02  0.893051505    
  0.420186579      0.137901172       3.91640328E-02  0.896042705    
  0.414483637      0.135950252       3.85906100E-02  0.899016917    
  0.408717275      0.133983299       3.80176045E-02  0.901971817    
  0.402890027      0.132001013       3.74450758E-02  0.904905021    
  0.397004366      0.130004108       3.68730910E-02  0.907814264    
  0.391062856      0.127993286       3.63017172E-02  0.910697341    
  0.385068029      0.125969276       3.57310288E-02  0.913552165    
  0.379022479      0.123932816       3.51611078E-02  0.916376710    
  0.372928828      0.121884651       3.45920362E-02  0.919168949    
  0.366789669      0.119825535       3.40238996E-02  0.921927035    
  0.360607684      0.117756225       3.34567875E-02  0.924649179    
  0.354385555      0.115677506       3.28908004E-02  0.927333653    
  0.348125964      0.113590159       3.23260352E-02  0.929978788    
  0.341831654      0.111494981       3.17625999E-02  0.932583034    
  0.335505366      0.109392770       3.12005989E-02  0.935144842    
  0.329149872      0.107284345       3.06401439E-02  0.937662840    
  0.322768003      0.105170526       3.00813522E-02  0.940135658    
  0.316362560      0.103052147       2.95243431E-02  0.942562044    
  0.309936434      0.100930050       2.89692413E-02  0.944940865    
  0.303492486       9.88050923E-02   2.84161735E-02  0.947270989    
  0.297033608       9.66781303E-02   2.78652702E-02  0.949551404    
  0.290562749       9.45500433E-02   2.73166671E-02  0.951781154    
  0.284082860       9.24217030E-02   2.67705042E-02  0.953959346    
  0.277596921       9.02940035E-02   2.62269229E-02  0.956085265    
  0.271107942       8.81678462E-02   2.56860685E-02  0.958158195    
  0.264618933       8.60441476E-02   2.51480900E-02  0.960177481    
  0.258132994       8.39238167E-02   2.46131402E-02  0.962142587    
  0.251653165       8.18077847E-02   2.40813754E-02  0.964053035    
  0.245182574       7.96969905E-02   2.35529561E-02  0.965908468    
  0.238724351       7.75923729E-02   2.30280440E-02  0.967708528    
  0.232281655       7.54949003E-02   2.25068051E-02  0.969453037    
  0.225857675       7.34055266E-02   2.19894089E-02  0.971141815    
  0.219455600       7.13252276E-02   2.14760285E-02  0.972774744    
  0.213078678       6.92549944E-02   2.09668390E-02  0.974351883    
  0.206730157       6.71958104E-02   2.04620194E-02  0.975873291    
  0.200413316       6.51486814E-02   1.99617501E-02  0.977339089    
  0.194131464       6.31146133E-02   1.94662195E-02  0.978749514    
  0.187887937       6.10946268E-02   1.89756136E-02  0.980104864    
  0.181686088       5.90897501E-02   1.84901245E-02  0.981405497    
  0.175529316       5.71010225E-02   1.80099458E-02  0.982651830    
  0.169421017       5.51294908E-02   1.75352748E-02  0.983844399    
  0.163364634       5.31762093E-02   1.70663130E-02  0.984983802    
  0.157363623       5.12422472E-02   1.66032631E-02  0.986070633    
  0.151421487       4.93286774E-02   1.61463320E-02  0.987105668    
  0.145541742       4.74365875E-02   1.56957302E-02  0.988089621    
  0.139727935       4.55670729E-02   1.52516691E-02  0.989023387    
  0.133983627       4.37212400E-02   1.48143647E-02  0.989907801    
  0.128312439       4.19002026E-02   1.43840350E-02  0.990743876    
  0.122718006       4.01050895E-02   1.39609035E-02  0.991532624    
  0.117204003       3.83370370E-02   1.35451937E-02  0.992275178    
  0.111774117       3.65971923E-02   1.31371357E-02  0.992972612    
  0.106432088       3.48867141E-02   1.27369594E-02  0.993626118    
  0.101181678       3.32067795E-02   1.23449005E-02  0.994236946    
   9.60266963E-02   3.15585658E-02   1.19611975E-02  0.994806409    
   9.09709781E-02   2.99432743E-02   1.15860915E-02  0.995335817    
   8.60183984E-02   2.83621121E-02   1.12198275E-02  0.995826542    
   8.11728761E-02   2.68163029E-02   1.08626550E-02  0.996280015    
   7.64383599E-02   2.53070816E-02   1.05148256E-02  0.996697664    
   7.18188584E-02   2.38357000E-02   1.01765953E-02  0.997080922    
   6.73184097E-02   2.24034246E-02   9.84822400E-03  0.997431397    
   6.29411042E-02   2.10115369E-02   9.52997524E-03  0.997750580    
   5.86910844E-02   1.96613334E-02   9.22211725E-03  0.998040020    
   5.45725301E-02   1.83541290E-02   8.92492104E-03  0.998301268    
   5.05896807E-02   1.70912538E-02   8.63866415E-03  0.998535931    
   4.67468314E-02   1.58740599E-02   8.36362597E-03  0.998745620    
   4.30483297E-02   1.47039145E-02   8.10009148E-03  0.998931944    
   3.94985825E-02   1.35822063E-02   7.84835033E-03  0.999096513    
   3.61020565E-02   1.25103444E-02   7.60869682E-03  0.999240875    
   3.28632817E-02   1.14897583E-02   7.38142990E-03  0.999366581    
   2.97868606E-02   1.05219018E-02   7.16685457E-03  0.999475241    
   2.68774536E-02   9.60824918E-03   6.96528004E-03  0.999568343    
   2.41398010E-02   8.75030085E-03   6.77702110E-03  0.999647379    
   2.15787161E-02   7.94958323E-03   6.60239859E-03  0.999713778    
   1.91990864E-02   7.20764603E-03   6.44173846E-03  0.999768972    
   1.70058776E-02   6.52606785E-03   6.29537320E-03  0.999814272    
   1.50041385E-02   5.90645522E-03   6.16364088E-03  0.999850988    
   1.31989988E-02   5.35044400E-03   6.04688656E-03  0.999880314    
   1.15956720E-02   4.85969987E-03   5.94546041E-03  0.999903321    
   1.01994555E-02   4.43592062E-03   5.85972052E-03  0.999921024    
   9.01572965E-03   4.08083620E-03   5.79003105E-03  0.999934316    
   8.04995000E-03   3.79620981E-03   5.73676359E-03  0.999943972    
   7.30763981E-03   3.58383963E-03   5.70029672E-03  0.999950647    
   6.79436652E-03   3.44555895E-03   5.68101648E-03  0.999954879    
   6.51569432E-03   3.38323670E-03   5.67931635E-03  0.999956965    
   6.47708867E-03   3.39877978E-03   5.69559867E-03  0.999957085    
