   0.00000000       0.00000000       0.00000000    
   9.00458731E-03   1.72624383E-02   3.51686776E-02
   1.83174089E-02   3.37081216E-02   6.99906498E-02
   2.78951563E-02   4.93416972E-02  0.104466580    
   3.76959406E-02   6.41726255E-02  0.138594598    
   4.76796180E-02   7.82151818E-02  0.172370493    
   5.78079671E-02   9.14868489E-02  0.205788299    
   6.80446252E-02  0.104007177      0.238840416    
   7.83550590E-02  0.115797140      0.271518141    
   8.87065381E-02  0.126878724      0.303811610    
   9.90681276E-02  0.137274832      0.335710406    
  0.109410658      0.147009000      0.367203474    
  0.119706720      0.156105280      0.398279577    
  0.129930615      0.164588168      0.428927302    
  0.140058458      0.172482356      0.459135205    
  0.150067985      0.179812774      0.488892019    
  0.159938693      0.186604321      0.518186867    
  0.169651702      0.192881837      0.547008991    
  0.179189786      0.198670104      0.575348437    
  0.188537344      0.203993604      0.603195310    
  0.197680309      0.208876520      0.630540848    
  0.206606075      0.213342637      0.657376349    
  0.215303525      0.217415288      0.683694065    
  0.223762974      0.221117377      0.709486723    
  0.231976032      0.224471137      0.734747767    
  0.239935517      0.227498248      0.759471297    
  0.247635588      0.230219781      0.783652008    
  0.255070090      0.232655719      0.807284832    
  0.262236625      0.234826073      0.830365956    
  0.269132376      0.236749813      0.852891922    
  0.275755554      0.238445103      0.874859631    
  0.282105148      0.239929333      0.896266460    
  0.288180918      0.241219208      0.917110205    
  0.293983400      0.242330655      0.937389553    
  0.299513727      0.243278787      0.957102895    
  0.304773599      0.244078010      0.976249516    
  0.309765339      0.244741976      0.994828701    
  0.314491510      0.245283529       1.01284003    
  0.318955332      0.245714903       1.03028369    
  0.323160261      0.246047527       1.04715967    
  0.327110052      0.246292189       1.06346858    
  0.330808759      0.246458963       1.07921064    
  0.334260702      0.246557310       1.09438670    
  0.337470353      0.246595934       1.10899758    
  0.340442270      0.246583089       1.12304425    
  0.343181282      0.246526271       1.13652766    
  0.345692128      0.246432513       1.14944899    
  0.347979724      0.246308237       1.16180933    
  0.350049019      0.246159360       1.17360997    
  0.351904958      0.245991185       1.18485200    
  0.353552461      0.245808631       1.19553673    
  0.354996443      0.245616123       1.20566559    
  0.356241763      0.245417640       1.21523941    
  0.357293338      0.245216712       1.22425985    
  0.358155876      0.245016381       1.23272789    
  0.358834147      0.244819462       1.24064481    
  0.359332681      0.244628221       1.24801183    
  0.359656066      0.244444728       1.25483024    
  0.359808713      0.244270593       1.26110089    
  0.359795034      0.244107082       1.26682508    
  0.359619319      0.243955299       1.27200401    
  0.359285623      0.243815958       1.27663851    
  0.358798057      0.243689448       1.28072953    
  0.358160526      0.243575990       1.28427839    
  0.357376933      0.243475527       1.28728580    
  0.356451035      0.243387729       1.28975296    
  0.355386466      0.243312106       1.29168046    
  0.354186803      0.243247896       1.29306960    
  0.352855533      0.243194163       1.29392171    
  0.351396054      0.243149787       1.29424059    
  0.349811584      0.243113458       1.29403377    
  0.348105460      0.243083745       1.29331160    
  0.346280724      0.243059054       1.29208517    
  0.344340682      0.243037686       1.29036665    
  0.342288136      0.243017778       1.28816760    
  0.340126157      0.242997423       1.28550005    
  0.337857693      0.242974684       1.28237557    
  0.335485578      0.242947415       1.27880561    
  0.333012730      0.242913514       1.27480173    
  0.330441862      0.242870837       1.27037513    
  0.327775836      0.242817104       1.26553655    
  0.325017363      0.242750078       1.26029706    
  0.322169185      0.242667466       1.25466704    
  0.319234043      0.242566943       1.24865723    
  0.316214621      0.242446244       1.24227798    
  0.313113689      0.242303044       1.23553932    
  0.309933960      0.242135063       1.22845137    
  0.306678087      0.241939992       1.22102380    
  0.303348750      0.241715506       1.21326649    
  0.299948752      0.241459414       1.20518899    
  0.296480745      0.241169527       1.19680071    
  0.292947561      0.240843564       1.18811107    
  0.289351821      0.240479469       1.17912912    
  0.285696357      0.240075156       1.16986382    
  0.281983912      0.239628553       1.16032445    
  0.278217286      0.239137635       1.15051937    
  0.274399281      0.238600597       1.14045763    
  0.270532727      0.238015503       1.13014770    
  0.266620368      0.237380579       1.11959791    
  0.262665182      0.236694098       1.10881698    
  0.258669943      0.235954449       1.09781289    
  0.254637539      0.235160038       1.08659399    
  0.250570863      0.234309450       1.07516825    
  0.246472821      0.233401209       1.06354380    
  0.242346287      0.232434079       1.05172837    
  0.238194183      0.231406853       1.03972995    
  0.234019443      0.230318382       1.02755630    
  0.229824990      0.229167655       1.01521480    
  0.225613773      0.227953807       1.00271308    
  0.221388608      0.226675928      0.990058661    
  0.217152491      0.225333363      0.977258921    
  0.212908328      0.223925427      0.964321077    
  0.208658978      0.222451657      0.951252460    
  0.204407364      0.220911637      0.938060164    
  0.200156316      0.219305024      0.924751222    
  0.195908695      0.217631668      0.911332667    
  0.191667303      0.215891451      0.897811234    
  0.187434971      0.214084372      0.884193897    
  0.183214456      0.212210596      0.870487332    
  0.179008469      0.210270301      0.856698394    
  0.174819753      0.208263874      0.842833400    
  0.170650929      0.206191719      0.828899026    
  0.166504622      0.204054400      0.814901710    
  0.162383407      0.201852545      0.800847888    
  0.158289820      0.199586883      0.786743760    
  0.154226288      0.197258323      0.772595644    
  0.150195271      0.194867790      0.758409739    
  0.146199137      0.192416385      0.744192123    
  0.142240152      0.189905226      0.729948938    
  0.138320565      0.187335551      0.715686142    
  0.134442523      0.184708729      0.701409459    
  0.130608171      0.182026207      0.687124968    
  0.126819521      0.179289520      0.672838509    
  0.123078533      0.176500261      0.658555806    
  0.119387090      0.173660174      0.644282579    
  0.115747020      0.170771018      0.630024493    
  0.112160020      0.167834684      0.615787148    
  0.108627759      0.164853171      0.601576209    
  0.105151810      0.161828443      0.587397099    
  0.101733655      0.158762619      0.573255420    
   9.83746946E-02  0.155657902      0.559156656    
   9.50762480E-02  0.152516603      0.545106232    
   9.18395594E-02  0.149340943      0.531109512    
   8.86657536E-02  0.146133333      0.517171919    
   8.55559185E-02  0.142896250      0.503298879    
   8.25109929E-02  0.139632195      0.489495784    
   7.95318633E-02  0.136343718      0.475767940    
   7.66193494E-02  0.133033454      0.462120771    
   7.37741441E-02  0.129704058      0.448559523    
   7.09968582E-02  0.126358271      0.435089678    
   6.82880357E-02  0.122998856      0.421716541    
   6.56481162E-02  0.119628645      0.408445477    
   6.30774423E-02  0.116250448      0.395281911    
   6.05763048E-02  0.112867184      0.382231236    
   5.81448749E-02  0.109481797      0.369298965    
   5.57832569E-02  0.106097236      0.356490523    
   5.34914620E-02  0.102716520      0.343811423    
   5.12694344E-02   9.93426666E-02  0.331267297    
   4.91170213E-02   9.59787369E-02  0.318863630    
   4.70340103E-02   9.26278308E-02  0.306606174    
   4.50200923E-02   8.92930403E-02  0.294500709    
   4.30748761E-02   8.59775171E-02  0.282552868    
   4.11979295E-02   8.26844126E-02  0.270768553    
   3.93887237E-02   7.94168934E-02  0.259153694    
   3.76466624E-02   7.61781558E-02  0.247714341    
   3.59710902E-02   7.29714260E-02  0.236456528    
   3.43612805E-02   6.97999001E-02  0.225386426    
   3.28164548E-02   6.66668341E-02  0.214510307    
   3.13357748E-02   6.35754764E-02  0.203834519    
   2.99183261E-02   6.05290942E-02  0.193365559    
   2.85631754E-02   5.75309619E-02  0.183109999    
   2.72693206E-02   5.45843691E-02  0.173074499    
   2.60357186E-02   5.16926087E-02  0.163265899    
   2.48612929E-02   4.88589853E-02  0.153691083    
   2.37449259E-02   4.60868105E-02  0.144357175    
   2.26854663E-02   4.33794260E-02  0.135271296    
   2.16817427E-02   4.07401584E-02  0.126440793    
   2.07325611E-02   3.81723493E-02  0.117873169    
   1.98367070E-02   3.56793590E-02  0.109576017    
   1.89929642E-02   3.32645439E-02  0.101557091    
   1.82001032E-02   3.09312828E-02   9.38243270E-02
   1.74569059E-02   2.86829602E-02   8.63857940E-02
   1.67621542E-02   2.65229810E-02   7.92497620E-02
   1.61146559E-02   2.44547538E-02   7.24246055E-02
   1.55132338E-02   2.24816985E-02   6.59189224E-02
   1.49567490E-02   2.06072628E-02   5.97414821E-02
   1.44441016E-02   1.88349001E-02   5.39012030E-02
   1.39742373E-02   1.71680823E-02   4.84072119E-02
   1.35461651E-02   1.56103075E-02   4.32688221E-02
   1.31589603E-02   1.41650848E-02   3.84955332E-02
   1.28117763E-02   1.28359469E-02   3.40970196E-02
   1.25038587E-02   1.16264513E-02   3.00831869E-02
   1.22345518E-02   1.05401771E-02   2.64641028E-02
   1.20033138E-02   9.58072301E-03   2.32500490E-02
   1.18097300E-02   8.75172112E-03   2.04514954E-02
   1.16535276E-02   8.05682037E-03   1.80791020E-02
   1.15345838E-02   7.49970321E-03   1.61437094E-02
   1.14529468E-02   7.08407303E-03   1.46563090E-02
   1.14088524E-02   6.81366166E-03   1.36280060E-02
   1.14027336E-02   6.69222279E-03   1.30699221E-02
   1.14352442E-02   6.72353711E-03   1.29929967E-02
