   0.00000000       0.00000000       0.00000000    
   9.00458731E-03   1.72613785E-02   3.51680517E-02
   1.83166806E-02   3.37058790E-02   6.99886233E-02
   2.78928280E-02   4.93382961E-02  0.104463980    
   3.76909450E-02   6.41671792E-02  0.138591081    
   4.76709269E-02   7.82067105E-02  0.172365904    
   5.77942394E-02   9.14741307E-02  0.205782130    
   6.80246577E-02  0.103988893      0.238833025    
   7.83272311E-02  0.115772218      0.271508873    
   8.86696205E-02  0.126846194      0.303800523    
   9.90203321E-02  0.137233824      0.335696787    
  0.109350353      0.146958515      0.367186725    
  0.119632259      0.156044737      0.398259491    
  0.129840299      0.164516985      0.428903013    
  0.139950335      0.172400028      0.459105968    
  0.149940610      0.179719031      0.488858074    
  0.159790054      0.186498851      0.518147409    
  0.169480041      0.192764461      0.546962619    
  0.178993434      0.198540777      0.575295448    
  0.188314497      0.203852519      0.603135228    
  0.197429016      0.208723634      0.630472481    
  0.206324637      0.213178232      0.657299042    
  0.214990363      0.217239767      0.683607638    
  0.223416522      0.220931172      0.709391475    
  0.231594473      0.224274546      0.734642446    
  0.239517212      0.227291882      0.759355664    
  0.247178867      0.230004117      0.783524811    
  0.254574895      0.232431859      0.807146251    
  0.261701465      0.234594539      0.830216289    
  0.268555820      0.236511320      0.852730155    
  0.275136173      0.238200396      0.874685705    
  0.281441659      0.239679247      0.896080434    
  0.287471831      0.240964353      0.916910887    
  0.293227583      0.242071986      0.937177181    
  0.298709869      0.243017003      0.956876457    
  0.303920537      0.243813977      0.976009667    
  0.308861881      0.244476333      0.994574547    
  0.313536406      0.245017171       1.01257145    
  0.317947924      0.245448917       1.03000093    
  0.322099388      0.245782912       1.04686236    
  0.325994700      0.246029645       1.06315696    
  0.329638034      0.246199429       1.07888401    
  0.333033502      0.246301278       1.09404480    
  0.336185992      0.246344045       1.10864031    
  0.339100122      0.246337265       1.12267256    
  0.341780007      0.246286213       1.13613999    
  0.344231337      0.246199906       1.14904630    
  0.346458465      0.246083438       1.16139102    
  0.348466873      0.245943636       1.17317700    
  0.350260824      0.245784417       1.18440294    
  0.351845711      0.245611861       1.19507158    
  0.353226542      0.245430171       1.20518506    
  0.354407877      0.245242819       1.21474278    
  0.355394840      0.245053828       1.22374678    
  0.356191993      0.244865969       1.23219883    
  0.356804430      0.244682297       1.24009943    
  0.357236505      0.244504839       1.24745023    
  0.357492864      0.244335458       1.25425184    
  0.357577860      0.244175881       1.26050591    
  0.357495964      0.244027600       1.26621389    
  0.357251376      0.243891343       1.27137554    
  0.356848449      0.243768111       1.27599359    
  0.356290877      0.243657723       1.28006768    
  0.355582893      0.243560910       1.28359938    
  0.354728192      0.243477032       1.28658962    
  0.353730738      0.243406191       1.28903985    
  0.352593899      0.243347570       1.29094958    
  0.351321578      0.243300661       1.29232121    
  0.349916875      0.243264139       1.29315495    
  0.348383665      0.243237138       1.29345536    
  0.346724719      0.243218035       1.29322791    
  0.344943821      0.243205771       1.29248381    
  0.343043625      0.243198082       1.29123378    
  0.341027528      0.243193761       1.28948951    
  0.338898212      0.243190601       1.28726172    
  0.336659074      0.243186697       1.28456354    
  0.334312886      0.243180186       1.28140712    
  0.331862479      0.243168667       1.27780318    
  0.329310864      0.243150234       1.27376318    
  0.326660484      0.243122369       1.26929843    
  0.323914587      0.243083149       1.26441979    
  0.321075588      0.243029937       1.25913811    
  0.318146497      0.242960677       1.25346446    
  0.315129787      0.242872745       1.24740911    
  0.312028468      0.242764056       1.24098289    
  0.308845073      0.242632091       1.23419547    
  0.305582345      0.242474660       1.22705674    
  0.302242935      0.242288992       1.21957695    
  0.298829734      0.242073268       1.21176577    
  0.295345396      0.241824970       1.20363283    
  0.291792572      0.241541952       1.19518733    
  0.288174182      0.241221845       1.18643916    
  0.284492880      0.240862653       1.17739689    
  0.280751467      0.240461960       1.16807032    
  0.276952744      0.240017891       1.15846765    
  0.273099452      0.239528447       1.14859855    
  0.269194603      0.238991633       1.13847113    
  0.265240908      0.238405377       1.12809432    
  0.261241108      0.237768129       1.11747634    
  0.257198274      0.237078041       1.10662603    
  0.253115267      0.236333281       1.09555125    
  0.248994961      0.235532537       1.08426070    
  0.244840279      0.234674260       1.07276225    
  0.240653992      0.233756885       1.06106329    
  0.236439303      0.232779115       1.04917300    
  0.232199028      0.231739938       1.03709853    
  0.227936149      0.230637819       1.02484798    
  0.223653525      0.229471996       1.01242828    
  0.219354257      0.228241473      0.999847770    
  0.215041280      0.226945415      0.987113774    
  0.210717425      0.225583032      0.974233568    
  0.206385761      0.224153772      0.961214423    
  0.202049240      0.222657084      0.948063850    
  0.197710663      0.221092433      0.934788525    
  0.193372965      0.219459563      0.921396196    
  0.189039081      0.217758343      0.907893479    
  0.184711844      0.215988562      0.894287229    
  0.180394053      0.214150339      0.880584598    
  0.176088527      0.212243706      0.866792023    
  0.171798214      0.210269034      0.852916479    
  0.167525500      0.208226293      0.838963926    
  0.163273424      0.206116408      0.824942172    
  0.159044400      0.203939617      0.810856640    
  0.154841140      0.201696679      0.796713948    
  0.150666162      0.199388295      0.782520354    
  0.146522090      0.197015390      0.768283010    
  0.142411098      0.194578797      0.754006863    
  0.138335899      0.192079887      0.739698887    
  0.134298682      0.189519450      0.725364804    
  0.130301625      0.186899051      0.711010695    
  0.126347095      0.184219852      0.696642697    
  0.122437067      0.181483418      0.682266414    
  0.118573673      0.178691253      0.667887449    
  0.114758909      0.175844967      0.653512061    
  0.110994622      0.172946349      0.639145851    
  0.107282706      0.169997230      0.624794543    
  0.103624888      0.166999578      0.610463321    
  0.100022793      0.163955107      0.596158266    
   9.64781046E-02  0.160866141      0.581884861    
   9.29923058E-02  0.157734677      0.567648649    
   8.95666853E-02  0.154562905      0.553454697    
   8.62026885E-02  0.151353106      0.539308727    
   8.29015300E-02  0.148107752      0.525216222    
   7.96643868E-02  0.144829169      0.511182249    
   7.64922723E-02  0.141519755      0.497212440    
   7.33862221E-02  0.138182089      0.483312309    
   7.03470856E-02  0.134818867      0.469486862    
   6.73756748E-02  0.131432623      0.455741405    
   6.44726455E-02  0.128026083      0.442081481    
   6.16386607E-02  0.124602005      0.428512424    
   5.88742420E-02  0.121163249      0.415039659    
   5.61798066E-02  0.117712505      0.401668310    
   5.35557792E-02  0.114252813      0.388404071    
   5.10023385E-02  0.110787034      0.375252068    
   4.85196970E-02  0.107318074      0.362217903    
   4.61079255E-02  0.103849009      0.349306703    
   4.37670052E-02  0.100382805      0.336524308    
   4.14969176E-02   9.69225392E-02  0.323875874    
   3.92974652E-02   9.34713483E-02  0.311367422    
   3.71683836E-02   9.00322646E-02  0.299004406    
   3.51094157E-02   8.66084844E-02  0.286792517    
   3.31200771E-02   8.32031295E-02  0.274737448    
   3.11999451E-02   7.98193738E-02  0.262845129    
   2.93484516E-02   7.64604658E-02  0.251121312    
   2.75649633E-02   7.31295645E-02  0.239572078    
   2.58487985E-02   6.98299631E-02  0.228203461    
   2.41992362E-02   6.65648207E-02  0.217021540    
   2.26154123E-02   6.33374825E-02  0.206032529    
   2.10964661E-02   6.01511560E-02  0.195242837    
   1.96414664E-02   5.70091791E-02  0.184658915    
   1.82494204E-02   5.39148450E-02  0.174287200    
   1.69192646E-02   5.08713983E-02  0.164134428    
   1.56499222E-02   4.78822179E-02  0.154207394    
   1.44402850E-02   4.49505933E-02  0.144512892    
   1.32891759E-02   4.20798659E-02  0.135057971    
   1.21953702E-02   3.92733552E-02  0.125849798    
   1.11576719E-02   3.65344696E-02  0.116895787    
   1.01748062E-02   3.38664986E-02  0.108203314    
   9.24548414E-03   3.12728584E-02   9.97798964E-02
   8.36845860E-03   2.87569165E-02   9.16332230E-02
   7.54241785E-03   2.63220202E-02   8.37713033E-02
   6.76605711E-03   2.39716247E-02   7.62021467E-02
   6.03809673E-03   2.17091069E-02   6.89338967E-02
   5.35727758E-03   1.95378978E-02   6.19750433E-02
   4.72233072E-03   1.74614452E-02   5.53340502E-02
   4.13202820E-03   1.54831763E-02   4.90196794E-02
   3.58519540E-03   1.36065874E-02   4.30408567E-02
   3.08068353E-03   1.18351327E-02   3.74066494E-02
   2.61741504E-03   1.01723354E-02   3.21262702E-02
   2.19434546E-03   8.62171222E-03   2.72092875E-02
   1.81053975E-03   7.18681235E-03   2.26652846E-02
   1.46512408E-03   5.87119022E-03   1.85041185E-02
   1.15734199E-03   4.67845891E-03   1.47358635E-02
   8.86535447E-04   3.61222192E-03   1.13707297E-02
   6.52164279E-04   2.67612282E-03   8.41915701E-03
   4.53825371E-04   1.87383441E-03   5.89177059E-03
   2.91278120E-04   1.20905647E-03   3.79937002E-03
   1.64430850E-04   6.85518025E-04   2.15292582E-03
   7.33754569E-05   3.06965230E-04   9.63489350E-04
   1.83992670E-05   7.71888081E-05   2.42194321E-04
   0.00000000       0.00000000       0.00000000    
