 -0.999996424     -0.999699712     -0.533801973    
 -0.999991119     -0.999071836     -0.523424149    
 -0.999996424     -0.995190918     -0.513136387    
 -0.999975204     -0.983998537     -0.502958536    
 -0.999969900     -0.967364848     -0.492880076    
  -1.00001764     -0.948445022     -0.482910216    
 -0.999980509     -0.928730428     -0.473029077    
 -0.999985814     -0.908962905     -0.463264525    
  -1.00002289     -0.889327765     -0.453599304    
 -0.999985814     -0.869984090     -0.444028109    
  -1.00000167     -0.851021886     -0.434565544    
 -0.999991119     -0.832430542     -0.425202310    
  -1.00002813     -0.814252436     -0.415949017    
 -0.999964595     -0.796475649     -0.406793088    
 -0.999964595     -0.779108226     -0.397757024    
  -1.00004411     -0.762135446     -0.388814330    
  -1.00000167     -0.745558739     -0.379986227    
  -1.00000167     -0.729346275     -0.371269375    
 -0.999996424     -0.713508666     -0.362655848    
 -0.999975204     -0.698057830     -0.354166836    
 -0.999991119     -0.682938099     -0.345784426    
 -0.999985814     -0.668157458     -0.337514609    
  -1.00000703     -0.653721213     -0.329368651    
 -0.999991119     -0.639585674     -0.321322680    
 -0.999985814     -0.625794470     -0.313413143    
  -1.00000429     -0.612265527     -0.305607587    
 -0.999996424     -0.599066436     -0.297931165    
 -0.999999046     -0.586138844     -0.290370643    
 -0.999988437     -0.573490739     -0.282930672    
  -1.00000167     -0.561096907     -0.275612533    
 -0.999991119     -0.548999131     -0.268422246    
 -0.999996424     -0.537137866     -0.261347830    
  -1.00000429     -0.525525510     -0.254399240    
 -0.999991119     -0.514153659     -0.247574866    
  -1.00000966     -0.502999008     -0.240868673    
 -0.999993742     -0.492105901     -0.234295577    
 -0.999999046     -0.481412768     -0.227840737    
 -0.999991119     -0.470948845     -0.221498802    
  -1.00000167     -0.460693568     -0.215300918    
  -1.00000167     -0.450624347     -0.209216282    
 -0.999999046     -0.440783620     -0.203256473    
  -1.00000167     -0.431124359     -0.197418526    
  -1.00000429     -0.421654522     -0.191700786    
  -1.00000167     -0.412371755     -0.186108887    
  -1.00000167     -0.403271109     -0.180635855    
 -0.999985814     -0.394353926     -0.175283849    
 -0.999991119     -0.385590702     -0.170047745    
  -1.00002813     -0.377016902     -0.164939135    
 -0.999968648     -0.368600428     -0.159938306    
  -1.00000429     -0.360349000     -0.155058086    
 -0.999988437     -0.352247238     -0.150291279    
  -1.00000966     -0.344311684     -0.145640388    
 -0.999979258     -0.336513579     -0.141102493    
 -0.999993742     -0.328865230     -0.136673778    
 -0.999993742     -0.321369380     -0.132355541    
 -0.999984503     -0.314008236     -0.128144771    
 -0.999979258     -0.306789547     -0.124046087    
 -0.999983132     -0.299703211     -0.120048843    
 -0.999976456     -0.292748094     -0.116155133    
 -0.999971151     -0.285924017     -0.112362519    
 -0.999983132     -0.279227823     -0.108669907    
 -0.999942124     -0.272655487     -0.105079822    
 -0.999923468     -0.266204029     -0.101579987    
 -0.999914289     -0.259869784      -9.81787220E-02
 -0.999863923     -0.253650874      -9.48650986E-02
 -0.999740362     -0.247547522      -9.16464850E-02
 -0.999431193     -0.241559908      -8.85150507E-02
 -0.997653306     -0.235672787      -8.54686275E-02
 -0.989641845     -0.229896605      -8.25031698E-02
 -0.973760605     -0.224230021      -7.96247721E-02
 -0.953776360     -0.218659639      -7.68231824E-02
 -0.932273746     -0.213194221      -7.40983412E-02
 -0.910281301     -0.207815900      -7.14494884E-02
 -0.888253927     -0.202551812      -6.88744932E-02
 -0.866413772     -0.197366536      -6.63689449E-02
 -0.844813049     -0.192277968      -6.39338493E-02
 -0.823545456     -0.187282100      -6.15644790E-02
 -0.802606344     -0.182369351      -5.92586845E-02
 -0.782010913     -0.177541375      -5.70179671E-02
 -0.761757314     -0.172798499      -5.48395850E-02
 -0.741889715     -0.168139070      -5.27186543E-02
 -0.722336769     -0.163551509      -5.06566614E-02
 -0.703152657     -0.159046054      -4.86503057E-02
 -0.684290469     -0.154619753      -4.67007346E-02
 -0.665765345     -0.150257349      -4.48010042E-02
 -0.647583246     -0.145969123      -4.29535918E-02
 -0.629692614     -0.141749784      -4.11551856E-02
 -0.612137079     -0.137598649      -3.94042991E-02
 -0.594854355     -0.133513078      -3.77012640E-02
 -0.577884257     -0.129489109      -3.60449143E-02
 -0.561204195     -0.125523403      -3.44302915E-02
 -0.544798374     -0.121625267      -3.28602046E-02
 -0.528646827     -0.117777452      -3.13296914E-02
 -0.512797296     -0.113987923      -2.98397411E-02
 -0.497166306     -0.110254019      -2.83857193E-02
 -0.481816143     -0.106569134      -2.69734189E-02
 -0.466688484     -0.102933913      -2.55917516E-02
 -0.451767445      -9.93529931E-02  -2.42499840E-02
 -0.437120587      -9.58085060E-02  -2.29391791E-02
 -0.422659189      -9.23176631E-02  -2.16618180E-02
 -0.408424258      -8.88698623E-02  -2.04160810E-02
 -0.394393325      -8.54604766E-02  -1.92016363E-02
 -0.380537242      -8.20861906E-02  -1.80140138E-02
 -0.366920888      -7.87595883E-02  -1.68561935E-02
 -0.353451580      -7.54621327E-02  -1.57280099E-02
 -0.340169013      -7.22017586E-02  -1.46191977E-02
 -0.327051997      -6.89764842E-02  -1.35428375E-02
 -0.314129710      -6.57790229E-02  -1.24873389E-02
 -0.301300168      -6.26153424E-02  -1.14553506E-02
 -0.288682520      -5.94827868E-02  -1.04486942E-02
 -0.276162893      -5.63674495E-02  -9.45892558E-03
 -0.263823390      -5.32812551E-02  -8.49349611E-03
 -0.251605779      -5.02228737E-02  -7.54710706E-03
 -0.239502057      -4.71810512E-02  -6.62075169E-03
 -0.227541387      -4.41630669E-02  -5.71045605E-03
 -0.215676099      -4.11576703E-02  -4.82052565E-03
 -0.203927353      -3.81827354E-02  -3.94168822E-03
 -0.192276642      -3.52124386E-02  -3.08487145E-03
 -0.180708036      -3.22573707E-02  -2.23500864E-03
 -0.169274539      -2.93162130E-02  -1.41561031E-03
 -0.157880783      -2.63982341E-02  -5.94556332E-04
 -0.146598279      -2.34749578E-02   2.11265346E-04
 -0.135366127      -2.05609538E-02   1.00135803E-03
 -0.124216080      -1.76615193E-02   1.78217888E-03
 -0.113121666      -1.47667192E-02   2.55124434E-03
 -0.102088183      -1.18686091E-02   3.31186596E-03
  -9.11156312E-02  -8.98109563E-03   4.05990425E-03
  -8.01775157E-02  -6.09093253E-03   4.80165100E-03
  -6.92844391E-02  -3.19944485E-03   5.53478813E-03
  -5.84152006E-02  -3.07295064E-04   6.26030890E-03
  -4.75909971E-02   2.58882833E-03   6.97738584E-03
  -3.67879868E-02   5.48760081E-03   7.69264158E-03
  -2.60008704E-02   8.39432050E-03   8.39879084E-03
  -1.52217019E-02   1.13083255E-02   9.10047069E-03
  -4.46637487E-03   1.42309405E-02   9.79916938E-03
   6.30484708E-03   1.71668008E-02   1.04929013E-02
   1.70707703E-02   2.01119315E-02   1.11833215E-02
   2.78366935E-02   2.30709706E-02   1.18734110E-02
   3.86185125E-02   2.60485541E-02   1.25582023E-02
   4.94321175E-02   2.90380586E-02   1.32433241E-02
   6.02563210E-02   3.20454426E-02   1.39281154E-02
   7.11255595E-02   3.50760072E-02   1.46129066E-02
   8.20106938E-02   3.81277651E-02   1.52950482E-02
   9.29594040E-02   4.12013792E-02   1.59818269E-02
  0.103934608       4.42961864E-02   1.66662857E-02
  0.114970736       4.74201292E-02   1.73557140E-02
  0.126067802       5.05712293E-02   1.80472936E-02
  0.137228429       5.37494831E-02   1.87416878E-02
  0.148442060       5.69581985E-02   1.94375720E-02
  0.159745753       6.02020174E-02   2.01395825E-02
  0.171113014       6.34736493E-02   2.08465587E-02
  0.182591543       6.67850152E-02   2.15576757E-02
  0.194149554       7.01347962E-02   2.22760774E-02
  0.205800265       7.35203400E-02   2.29979549E-02
  0.217543706       7.69409835E-02   2.37291064E-02
  0.229427546       8.04152787E-02   2.44655535E-02
  0.241393507       8.39220136E-02   2.52122674E-02
  0.253483981       8.74810740E-02   2.59657707E-02
  0.265746653       9.10838470E-02   2.67292056E-02
  0.278102040       9.47376117E-02   2.75022462E-02
  0.290603101       9.84397233E-02   2.82847211E-02
  0.303252548      0.102198787       2.90768016E-02
  0.316058278      0.106008850       2.98808012E-02
  0.329007030      0.109871894       3.06963921E-02
  0.342142582      0.113798514       3.15245651E-02
  0.355442375      0.117785402       3.23658176E-02
  0.368918300      0.121828586       3.32196541E-02
  0.382574409      0.125941962       3.40869017E-02
  0.396433145      0.130118921       3.49693820E-02
  0.410481304      0.134362772       3.58669311E-02
  0.424745351      0.138677493       3.67800407E-02
  0.439210743      0.143065050       3.77088785E-02
  0.453907907      0.147528112       3.86544392E-02
  0.468832910      0.152066022       3.96175534E-02
  0.483983099      0.156685382       4.05985452E-02
  0.499375671      0.161380231       4.15966734E-02
  0.515030503      0.166165829       4.26164120E-02
  0.530931711      0.171032220       4.36541922E-02
  0.547107041      0.175988019       4.47132513E-02
  0.563547373      0.181035206       4.57925946E-02
  0.580275059      0.186176106       4.68923822E-02
  0.597288847      0.191410050       4.80167568E-02
  0.614598036      0.196744010       4.91629057E-02
  0.632211924      0.202177629       5.03323972E-02
  0.650143623      0.207715899       5.15264757E-02
  0.668369412      0.213355824       5.27441502E-02
  0.686964035      0.219113633       5.39898872E-02
  0.705873251      0.224977732       5.52602932E-02
  0.725126266      0.230957717       5.65583520E-02
  0.744721651      0.237055302       5.78839332E-02
  0.764675260      0.243273199       5.92377447E-02
  0.784980536      0.249614820       6.06211573E-02
  0.805644870      0.256083399       6.20344020E-02
  0.826655507      0.262681961       6.34784475E-02
  0.848003209      0.269414008       6.49543256E-02
  0.869662225      0.276282340       6.64624274E-02
  0.891577482      0.283290714       6.80037439E-02
  0.913645506      0.290442556       6.95792437E-02
  0.935626686      0.297735184       7.11882263E-02
  0.957080126      0.305190593       7.28360340E-02
