   1.57079995      0.785399973      0.392699987    
   1.54830003      0.762906730      0.380689442    
   1.52580023      0.740427613      0.368912399    
   1.50330031      0.718035817      0.357366830    
   1.48080087      0.695895851      0.346050262    
   1.45830154      0.674130142      0.334960461    
   1.43580115      0.652790129      0.324094981    
   1.41330159      0.631893694      0.313451827    
   1.39080191      0.611442029      0.303028375    
   1.36830139      0.591432154      0.292822391    
   1.34580171      0.571857512      0.282831758    
   1.32330167      0.552709520      0.273054034    
   1.30080187      0.533979833      0.263486981    
   1.27830124      0.515659153      0.254128128    
   1.25580204      0.497738451      0.244975284    
   1.23330283      0.480208516      0.236025751    
   1.21080184      0.463060468      0.227277428    
   1.18830180      0.446285397      0.218727738    
   1.16580176      0.429875106      0.210374177    
   1.14330184      0.413821161      0.202214420    
   1.12080240      0.398114860      0.194245666    
   1.09830260      0.382748753      0.186465517    
   1.07580292      0.367715210      0.178871438    
   1.05330276      0.353006482      0.171460643    
   1.03080297      0.338615805      0.164230883    
   1.00830328      0.324535429      0.157179087    
  0.985803187      0.310759455      0.150302917    
  0.963303268      0.297280461      0.143599465    
  0.940803289      0.284092337      0.137066126    
  0.918303549      0.271188796      0.130700186    
  0.895803511      0.258564115      0.124498904    
  0.873303711      0.246211633      0.118459404    
  0.850803792      0.234126031      0.112579077    
  0.828303695      0.222301707      0.106855094    
  0.805803895      0.210733250      0.101284660    
  0.783303678      0.199415773       9.58651155E-02
  0.760803819      0.188343391       9.05934647E-02
  0.738303840      0.177511603       8.54670480E-02
  0.715804040      0.166915253       8.04833248E-02
  0.693304002      0.156549647       7.56390542E-02
  0.670803964      0.146410599       7.09316880E-02
  0.648303986      0.136492968       6.63584173E-02
  0.625803947      0.126792669       6.19165003E-02
  0.603303850      0.117305443       5.76032326E-02
  0.580803812      0.108027078       5.34157827E-02
  0.558303773       9.89534780E-02   4.93514761E-02
  0.535804093       9.00805146E-02   4.54075895E-02
  0.513304293       8.14047232E-02   4.15815152E-02
  0.490803659       7.29218423E-02   3.78703848E-02
  0.468304366       6.46283329E-02   3.42717730E-02
  0.445804268       5.65204807E-02   3.07829659E-02
  0.423304528       4.85949181E-02   2.74014119E-02
  0.400804311       4.08479050E-02   2.41245031E-02
  0.378304780       3.32763493E-02   2.09496971E-02
  0.355804920       2.58768816E-02   1.78745370E-02
  0.333305061       1.86460707E-02   1.48965372E-02
  0.310805410       1.15808854E-02   1.20132798E-02
  0.288305879       4.67812037E-03   9.22224298E-03
  0.265806258      -2.06520176E-03   6.52114395E-03
  0.243306786      -8.65203422E-03   3.90765350E-03
  0.220807433      -1.50853246E-02   1.37949677E-03
  0.198307812      -2.13679504E-02  -1.06557622E-03
  0.175809115      -2.75026988E-02  -3.42987222E-03
  0.153310835      -3.34922895E-02  -5.71542187E-03
  0.130812764      -3.93393598E-02  -7.92444311E-03
  0.108315825      -4.50465046E-02  -1.00589078E-02
   8.58216658E-02  -5.06163239E-02  -1.21209538E-02
   6.33344650E-02  -5.60514219E-02  -1.41125424E-02
   4.08872664E-02  -6.13540597E-02  -1.60355866E-02
   1.86203253E-02  -6.65267333E-02  -1.78919081E-02
  -3.28928791E-03  -7.15719089E-02  -1.96834654E-02
  -2.47492567E-02  -7.64917508E-02  -2.14119870E-02
  -4.57254164E-02  -8.12886208E-02  -2.30791997E-02
  -6.62067458E-02  -8.59644786E-02  -2.46868134E-02
  -8.61924589E-02  -9.05218944E-02  -2.62364894E-02
 -0.105686769      -9.49626416E-02  -2.77297907E-02
 -0.124695063      -9.92888957E-02  -2.91683022E-02
 -0.143224835     -0.103502743      -3.05535030E-02
 -0.161283478     -0.107606053      -3.18868235E-02
 -0.178878725     -0.111600734      -3.31697278E-02
 -0.196018264     -0.115488701      -3.44036184E-02
 -0.212710783     -0.119271830      -3.55897881E-02
 -0.228963360     -0.122951739      -3.67295630E-02
 -0.244784296     -0.126530275      -3.78241949E-02
 -0.260180831     -0.130009219      -3.88749614E-02
 -0.275160551     -0.133390009      -3.98829840E-02
 -0.289731175     -0.136674315      -4.08494398E-02
 -0.303899258     -0.139863685      -4.17754315E-02
 -0.317672342     -0.142959654      -4.26620282E-02
 -0.331056565     -0.145963699      -4.35103066E-02
 -0.344058961     -0.148877203      -4.43213172E-02
 -0.356686056     -0.151701480      -4.50959988E-02
 -0.368944019     -0.154438049      -4.58353534E-02
 -0.380838573     -0.157088041      -4.65402715E-02
 -0.392376512     -0.159652770      -4.72116657E-02
 -0.403562754     -0.162133485      -4.78503443E-02
 -0.414403617     -0.164531291      -4.84572463E-02
 -0.424904108     -0.166847304      -4.90330607E-02
 -0.435068876     -0.169082746      -4.95786853E-02
 -0.444904089     -0.171238437      -5.00948168E-02
 -0.454413921     -0.173315585      -5.05822077E-02
 -0.463603467     -0.175315157      -5.10415696E-02
 -0.472477317     -0.177238017      -5.14736064E-02
 -0.481039405     -0.179084957      -5.18789217E-02
 -0.489295125     -0.180857047      -5.22581860E-02
 -0.497247785     -0.182554945      -5.26120663E-02
 -0.504901588     -0.184179485      -5.29409982E-02
 -0.512260258     -0.185731456      -5.32457121E-02
 -0.519328177     -0.187211484      -5.35266772E-02
 -0.526107430     -0.188620329      -5.37844226E-02
 -0.532602787     -0.189958692      -5.40195182E-02
 -0.538816452     -0.191226959      -5.42323440E-02
 -0.544752479     -0.192425787      -5.44234477E-02
 -0.550413609     -0.193555802      -5.45932576E-02
 -0.555802405     -0.194617376      -5.47422245E-02
 -0.560922086     -0.195611045      -5.48707098E-02
 -0.565774798     -0.196537092      -5.49791716E-02
 -0.570363164     -0.197396204      -5.50678596E-02
 -0.574689388     -0.198188484      -5.51372692E-02
 -0.578755319     -0.198914275      -5.51875569E-02
 -0.582563996     -0.199573889      -5.52194081E-02
 -0.586116314     -0.200167850      -5.52327856E-02
 -0.589414775     -0.200696036      -5.52280322E-02
 -0.592460513     -0.201158658      -5.52055016E-02
 -0.595255375     -0.201556042      -5.51654026E-02
 -0.597800612     -0.201888293      -5.51079996E-02
 -0.600097597     -0.202155337      -5.50334826E-02
 -0.602147698     -0.202357411      -5.49421348E-02
 -0.603951693     -0.202494457      -5.48340976E-02
 -0.605510592     -0.202566445      -5.47095649E-02
 -0.606824934     -0.202573359      -5.45687079E-02
 -0.607895732     -0.202515110      -5.44117168E-02
 -0.608723462     -0.202391639      -5.42386323E-02
 -0.609308481     -0.202202767      -5.40496595E-02
 -0.609650970     -0.201948330      -5.38448989E-02
 -0.609751463     -0.201628134      -5.36244176E-02
 -0.609609604     -0.201241881      -5.33883274E-02
 -0.609225512     -0.200789362      -5.31367026E-02
 -0.608599186     -0.200270265      -5.28695509E-02
 -0.607730269     -0.199684173      -5.25869913E-02
 -0.606618047     -0.199030817      -5.22890165E-02
 -0.605262280     -0.198309794      -5.19756339E-02
 -0.603661954     -0.197520584      -5.16468436E-02
 -0.601816714     -0.196662709      -5.13027050E-02
 -0.599725127     -0.195735678      -5.09431139E-02
 -0.597386599     -0.194739014      -5.05681224E-02
 -0.594799757     -0.193672061      -5.01776189E-02
 -0.591963232     -0.192534208      -4.97715548E-02
 -0.588875592     -0.191324845      -4.93498668E-02
 -0.585535645     -0.190043285      -4.89125215E-02
 -0.581941366     -0.188688740      -4.84593809E-02
 -0.578091323     -0.187260583      -4.79903333E-02
 -0.573983014     -0.185757920      -4.75052856E-02
 -0.569614649     -0.184179887      -4.70040739E-02
 -0.564984143     -0.182525679      -4.64866199E-02
 -0.560089409     -0.180794507      -4.59527150E-02
 -0.554927289     -0.178985164      -4.54022400E-02
 -0.549495935     -0.177096918      -4.48349640E-02
 -0.543792546     -0.175128594      -4.42507342E-02
 -0.537813246     -0.173079208      -4.36493270E-02
 -0.531555951     -0.170947611      -4.30305265E-02
 -0.525017381     -0.168732718      -4.23941202E-02
 -0.518194199     -0.166433245      -4.17398922E-02
 -0.511082888     -0.164048046      -4.10675742E-02
 -0.503680229     -0.161575928      -4.03769054E-02
 -0.495982021     -0.159015462      -3.96676026E-02
 -0.487984568     -0.156365290      -3.89393717E-02
 -0.479683906     -0.153624147      -3.81919295E-02
 -0.471075982     -0.150790453      -3.74249741E-02
 -0.462156236     -0.147862777      -3.66381630E-02
 -0.452920407     -0.144839615      -3.58311571E-02
 -0.443363637     -0.141719371      -3.50036062E-02
 -0.433481395     -0.138500407      -3.41551565E-02
 -0.423268467     -0.135181025      -3.32854316E-02
 -0.412719727     -0.131759539      -3.23940367E-02
 -0.401830107     -0.128234118      -3.14805694E-02
 -0.390594155     -0.124603063      -3.05446442E-02
 -0.379005969     -0.120864332      -2.95857750E-02
 -0.367060006     -0.117016107      -2.86035556E-02
 -0.354750097     -0.113056377      -2.75975075E-02
 -0.342070282     -0.108983085      -2.65671741E-02
 -0.329014093     -0.104794122      -2.55120955E-02
 -0.315575093     -0.100487396      -2.44317185E-02
 -0.301746637      -9.60606560E-02  -2.33255532E-02
 -0.287521869      -9.15116593E-02  -2.21930742E-02
 -0.272893637      -8.68380517E-02  -2.10337285E-02
 -0.257855326      -8.20375457E-02  -1.98469851E-02
 -0.242398635      -7.71074891E-02  -1.86322127E-02
 -0.226516485      -7.20454901E-02  -1.73888560E-02
 -0.210201144      -6.68489411E-02  -1.61162931E-02
 -0.193444908      -6.15151972E-02  -1.48139047E-02
 -0.176239714      -5.60415499E-02  -1.34810554E-02
 -0.158577651      -5.04252166E-02  -1.21170795E-02
 -0.140450642      -4.46633399E-02  -1.07213054E-02
 -0.121850893      -3.87529954E-02  -9.29304026E-03
 -0.102770820      -3.26911807E-02  -7.83156790E-03
  -8.32034200E-02  -2.64748279E-02  -6.33616326E-03
  -6.31429255E-02  -2.01007873E-02  -4.80607897E-03
  -4.25859019E-02  -1.35658300E-02  -3.24054598E-03
  -2.15343013E-02  -6.86678849E-03  -1.63881085E-03
   0.00000000       0.00000000       0.00000000    
