   0.00000000    
   2.25000009E-02
   4.50000018E-02
   6.75000027E-02
   9.00000036E-02
  0.112499997    
  0.135000005    
  0.157499999    
  0.180000007    
  0.202500001    
  0.224999994    
  0.247500002    
  0.270000011    
  0.292499989    
  0.314999998    
  0.337500006    
  0.360000014    
  0.382499993    
  0.405000001    
  0.427500010    
  0.449999988    
  0.472499996    
  0.495000005    
  0.517499983    
  0.540000021    
  0.562500000    
  0.584999979    
  0.607500017    
  0.629999995    
  0.652499974    
  0.675000012    
  0.697499990    
  0.720000029    
  0.742500007    
  0.764999986    
  0.787500024    
  0.810000002    
  0.832499981    
  0.855000019    
  0.877499998    
  0.899999976    
  0.922500014    
  0.944999993    
  0.967499971    
  0.990000010    
   1.01250005    
   1.03499997    
   1.05750000    
   1.08000004    
   1.10249996    
   1.12500000    
   1.14750004    
   1.16999996    
   1.19250000    
   1.21500003    
   1.23749995    
   1.25999999    
   1.28250003    
   1.30499995    
   1.32749999    
   1.35000002    
   1.37249994    
   1.39499998    
   1.41750002    
   1.44000006    
   1.46249998    
   1.48500001    
   1.50750005    
   1.52999997    
   1.55250001    
   1.57500005    
   1.59749997    
   1.62000000    
   1.64250004    
   1.66499996    
   1.68750000    
   1.71000004    
   1.73249996    
   1.75500000    
   1.77750003    
   1.79999995    
   1.82249999    
   1.84500003    
   1.86749995    
   1.88999999    
   1.91250002    
   1.93499994    
   1.95749998    
   1.98000002    
   2.00250006    
   2.02500010    
   2.04749990    
   2.06999993    
   2.09249997    
   2.11500001    
   2.13750005    
   2.16000009    
   2.18249989    
   2.20499992    
   2.22749996    
   2.25000000    
   2.27250004    
   2.29500008    
   2.31750011    
   2.33999991    
   2.36249995    
   2.38499999    
   2.40750003    
   2.43000007    
   2.45250010    
   2.47499990    
   2.49749994    
   2.51999998    
   2.54250002    
   2.56500006    
   2.58750010    
   2.60999990    
   2.63249993    
   2.65499997    
   2.67750001    
   2.70000005    
   2.72250009    
   2.74499989    
   2.76749992    
   2.78999996    
   2.81250000    
   2.83500004    
   2.85750008    
   2.88000011    
   2.90249991    
   2.92499995    
   2.94749999    
   2.97000003    
   2.99250007    
   3.01500010    
   3.03749990    
   3.05999994    
   3.08249998    
   3.10500002    
   3.12750006    
   3.15000010    
   3.17249990    
   3.19499993    
   3.21749997    
   3.24000001    
   3.26250005    
   3.28500009    
   3.30749989    
   3.32999992    
   3.35249996    
   3.37500000    
   3.39750004    
   3.42000008    
   3.44250011    
   3.46499991    
   3.48749995    
   3.50999999    
   3.53250003    
   3.55500007    
   3.57750010    
   3.59999990    
   3.62249994    
   3.64499998    
   3.66750002    
   3.69000006    
   3.71250010    
   3.73499990    
   3.75749993    
   3.77999997    
   3.80250001    
   3.82500005    
   3.84750009    
   3.86999989    
   3.89249992    
   3.91499996    
   3.93750000    
   3.96000004    
   3.98250008    
   4.00500011    
   4.02750015    
   4.05000019    
   4.07250023    
   4.09499979    
   4.11749983    
   4.13999987    
   4.16249990    
   4.18499994    
   4.20749998    
   4.23000002    
   4.25250006    
   4.27500010    
   4.29750013    
   4.32000017    
   4.34250021    
   4.36499977    
   4.38749981    
   4.40999985    
   4.43249989    
   4.45499992    
   4.47749996    
   4.50000000    
