   0.00000000       0.00000000       0.00000000       1.00000000    
   1.75434295E-02   8.70831870E-03   4.34966246E-03  0.999799013    
   3.48264724E-02   1.71614829E-02   8.56171735E-03  0.999209881    
   5.18437140E-02   2.53584608E-02   1.26350205E-02  0.998254001    
   6.85890615E-02   3.32994871E-02   1.65687483E-02  0.996952593    
   8.50577131E-02   4.09870818E-02   2.03625225E-02  0.995325625    
  0.101245195       4.84247468E-02   2.40161773E-02  0.993393540    
  0.117148228       5.56167141E-02   2.75300704E-02  0.991174877    
  0.132762983       6.25675023E-02   3.09045650E-02  0.988690078    
  0.148087189       6.92819804E-02   3.41407210E-02  0.985955656    
  0.163118199       7.57649168E-02   3.72393765E-02  0.982990086    
  0.177854270       8.20211545E-02   4.02019732E-02  0.979810059    
  0.192294165       8.80557746E-02   4.30299975E-02  0.976432621    
  0.206436515       9.38736796E-02   4.57251631E-02  0.972874105    
  0.220280886       9.94798839E-02   4.82892804E-02  0.969149172    
  0.233827040      0.104879320       5.07245660E-02  0.965274572    
  0.247074887      0.110076942       5.30330129E-02  0.961263359    
  0.260024399      0.115077682       5.52170947E-02  0.957129419    
  0.272676796      0.119886383       5.72791956E-02  0.952887177    
  0.285032392      0.124507792       5.92217930E-02  0.948550344    
  0.297092378      0.128946692       6.10475242E-02  0.944130123    
  0.308857858      0.133207738       6.27591386E-02  0.939639688    
  0.320330679      0.137295604       6.43593892E-02  0.935090661    
  0.331512511      0.141214773       6.58511221E-02  0.930494726    
  0.342404753      0.144969627       6.72371760E-02  0.925862193    
  0.353009701      0.148564681       6.85204044E-02  0.921203613    
  0.363329023      0.152004063       6.97038621E-02  0.916529477    
  0.373365313      0.155292138       7.07904994E-02  0.911849499    
  0.383121192      0.158432871       7.17832446E-02  0.907172859    
  0.392598569      0.161430448       7.26851001E-02  0.902508318    
  0.401800156      0.164288625       7.34990761E-02  0.897865295    
  0.410728723      0.167011410       7.42280558E-02  0.893251121    
  0.419386268      0.169602320       7.48751685E-02  0.888674378    
  0.427776128      0.172065228       7.54432678E-02  0.884142518    
  0.435900539      0.174403623       7.59353340E-02  0.879662275    
  0.443762779      0.176620916       7.63542503E-02  0.875241458    
  0.451365083      0.178720549       7.67030045E-02  0.870885789    
  0.458710372      0.180705681       7.69843608E-02  0.866602600    
  0.465801507      0.182579726       7.72012472E-02  0.862397909    
  0.472640991      0.184345573       7.73564130E-02  0.858277798    
  0.479231983      0.186006352       7.74525329E-02  0.854246557    
  0.485576570      0.187564939       7.74924755E-02  0.850310326    
  0.491677850      0.189024150       7.74787813E-02  0.846473157    
  0.497538388      0.190386832       7.74142444E-02  0.842739820    
  0.503160655      0.191655532       7.73012713E-02  0.839118361    
  0.508547068      0.192832813       7.71424696E-02  0.835607529    
  0.513700366      0.193921268       7.69403353E-02  0.832216024    
  0.518622696      0.194923237       7.66972974E-02  0.828944743    
  0.523316681      0.195840985       7.64157921E-02  0.825800061    
  0.527784228      0.196676910       7.60981664E-02  0.822781086    
  0.532027602      0.197433084       7.57466257E-02  0.819894195    
  0.536049306      0.198111638       7.53634274E-02  0.817141891    
  0.539850831      0.198714554       7.49507695E-02  0.814526081    
  0.543434203      0.199243844       7.45107979E-02  0.812050164    
  0.546801507      0.199701235       7.40455240E-02  0.809716344    
  0.549954176      0.200088724       7.35571086E-02  0.807527184    
  0.552894056      0.200407967       7.30474144E-02  0.805484116    
  0.555622518      0.200660631       7.25184157E-02  0.803588927    
  0.558141172      0.200848252       7.19719678E-02  0.801843643    
  0.560451388      0.200972423       7.14098513E-02  0.800249994    
  0.562553942      0.201034606       7.08339214E-02  0.798808873    
  0.564450502      0.201036274       7.02458397E-02  0.797521830    
  0.566141725      0.200978622       6.96472973E-02  0.796389163    
  0.567628562      0.200863108       6.90398738E-02  0.795412302    
  0.568911910      0.200690791       6.84251934E-02  0.794591486    
  0.569992483      0.200462982       6.78047314E-02  0.793927550    
  0.570870399      0.200180709       6.71800226E-02  0.793420792    
  0.571546614      0.199845150       6.65524006E-02  0.793071508    
  0.572021246      0.199457198       6.59232512E-02  0.792879224    
  0.572295904      0.199018061       6.52937070E-02  0.792843521    
  0.572372615      0.198528633       6.46643862E-02  0.792962253    
  0.572255373      0.197990313       6.40356690E-02  0.793232739    
  0.571948051      0.197403967       6.34076968E-02  0.793650866    
  0.571454704      0.196770906       6.27806261E-02  0.794213474    
  0.570779145      0.196092099       6.21544272E-02  0.794915915    
  0.569925725      0.195368662       6.15291856E-02  0.795754313    
  0.568898499      0.194601551       6.09048121E-02  0.796724856    
  0.567700863      0.193791598       6.02813996E-02  0.797823250    
  0.566336632      0.192939922       5.96588440E-02  0.799045026    
  0.564809263      0.192047179       5.90370968E-02  0.800386012    
  0.563122034      0.191114366       5.84162064E-02  0.801842332    
  0.561278403      0.190142155       5.77960685E-02  0.803409398    
  0.559281468      0.189131424       5.71766533E-02  0.805083275    
  0.557134390      0.188082874       5.65578789E-02  0.806859016    
  0.554840267      0.186997265       5.59397489E-02  0.808733225    
  0.552401900      0.185875222       5.53221777E-02  0.810701370    
  0.549821973      0.184717566       5.47051020E-02  0.812759101    
  0.547103584      0.183524787       5.40884957E-02  0.814901948    
  0.544249237      0.182297662       5.34723140E-02  0.817126513    
  0.541261613      0.181036830       5.28565124E-02  0.819428027    
  0.538143277      0.179742888       5.22409864E-02  0.821802676    
  0.534896970      0.178416416       5.16257584E-02  0.824246466    
  0.531524956      0.177058086       5.10107502E-02  0.826755345    
  0.528029978      0.175668418       5.03959320E-02  0.829325080    
  0.524414182      0.174248084       4.97812852E-02  0.831951857    
  0.520680249      0.172797590       4.91666943E-02  0.834632099    
  0.516830385      0.171317607       4.85522412E-02  0.837361634    
  0.512867093      0.169808686       4.79378253E-02  0.840136290    
  0.508792460      0.168271318       4.73234281E-02  0.842953324    
  0.504609108      0.166706190       4.67090383E-02  0.845808446    
  0.500319183      0.165113822       4.60946709E-02  0.848697901    
  0.495925039      0.163494825       4.54802848E-02  0.851618648    
  0.491428971      0.161849827       4.48658541E-02  0.854566693    
  0.486833096      0.160179272       4.42513712E-02  0.857538939    
  0.482140064      0.158483878       4.36368808E-02  0.860531569    
  0.477351993      0.156764194       4.30223271E-02  0.863541842    
  0.472471267      0.155020773       4.24078107E-02  0.866565943    
  0.467500031      0.153254256       4.17932346E-02  0.869600952    
  0.462440759      0.151465252       4.11787033E-02  0.872643650    
  0.457295775      0.149654403       4.05642167E-02  0.875690937    
  0.452067345      0.147822231       3.99497636E-02  0.878740072    
  0.446757823      0.145969480       3.93354259E-02  0.881787717    
  0.441369653      0.144096732       3.87212411E-02  0.884831429    
  0.435905069      0.142204598       3.81072238E-02  0.887868106    
  0.430366725      0.140293777       3.74934003E-02  0.890894830    
  0.424756885      0.138364911       3.68798487E-02  0.893909395    
  0.419077903      0.136418626       3.62666585E-02  0.896909118    
  0.413332433      0.134455666       3.56537923E-02  0.899891376    
  0.407522768      0.132476643       3.50413881E-02  0.902853906    
  0.401651472      0.130482361       3.44295576E-02  0.905794382    
  0.395720929      0.128473356       3.38182785E-02  0.908709943    
  0.389734060      0.126450479       3.32076624E-02  0.911599457    
  0.383693099      0.124414422       3.25977765E-02  0.914459705    
  0.377600670      0.122365877       3.19887400E-02  0.917289376    
  0.371459454      0.120305635       3.13806087E-02  0.920085847    
  0.365272224      0.118234374       3.07735223E-02  0.922848225    
  0.359041423      0.116152890       3.01675014E-02  0.925573468    
  0.352769762      0.114061996       2.95627285E-02  0.928261042    
  0.346460164      0.111962423       2.89592892E-02  0.930908144    
  0.340115070      0.109854952       2.83572525E-02  0.933514178    
  0.333737582      0.107740402       2.77567841E-02  0.936076999    
  0.327330202      0.105619565       2.71579642E-02  0.938595414    
  0.320895761      0.103493273       2.65609398E-02  0.941067934    
  0.314437240      0.101362333       2.59658359E-02  0.943493426    
  0.307957470       9.92275998E-02   2.53727473E-02  0.945870697    
  0.301459342       9.70899090E-02   2.47818418E-02  0.948198736    
  0.294945568       9.49501395E-02   2.41932441E-02  0.950476706    
  0.288419425       9.28091034E-02   2.36070827E-02  0.952702999    
  0.281883627       9.06677172E-02   2.30235308E-02  0.954877555    
  0.275341421       8.85268673E-02   2.24427283E-02  0.956998944    
  0.268795520       8.63874033E-02   2.18647942E-02  0.959066629    
  0.262249142       8.42502341E-02   2.12899093E-02  0.961080015    
  0.255705327       8.21163207E-02   2.07182132E-02  0.963038683    
  0.249167070       7.99865425E-02   2.01498941E-02  0.964942157    
  0.242637664       7.78618082E-02   1.95850898E-02  0.966789663    
  0.236120179       7.57430717E-02   1.90239828E-02  0.968581319    
  0.229617700       7.36313090E-02   1.84667278E-02  0.970316887    
  0.223133504       7.15274513E-02   1.79135110E-02  0.971995652    
  0.216670707       6.94324300E-02   1.73644815E-02  0.973618329    
  0.210232675       6.73472583E-02   1.68198328E-02  0.975184441    
  0.203822628       6.52729049E-02   1.62797440E-02  0.976694465    
  0.197443813       6.32103235E-02   1.57444049E-02  0.978148162    
  0.191099629       6.11605719E-02   1.52140148E-02  0.979546010    
  0.184793338       5.91246225E-02   1.46887340E-02  0.980888307    
  0.178528413       5.71034811E-02   1.41687784E-02  0.982175231    
  0.172308058       5.50982021E-02   1.36543335E-02  0.983407319    
  0.166135862       5.31097874E-02   1.31455855E-02  0.984585047    
  0.160015106       5.11392988E-02   1.26427710E-02  0.985708952    
  0.153949410       4.91877906E-02   1.21460669E-02  0.986780047    
  0.147942230       4.72562984E-02   1.16556725E-02  0.987798691    
  0.141997084       4.53459062E-02   1.11718345E-02  0.988766015    
  0.136117488       4.34576906E-02   1.06947226E-02  0.989682674    
  0.130307093       4.15927321E-02   1.02245808E-02  0.990549445    
  0.124569438       3.97521518E-02   9.76161659E-03  0.991367519    
  0.118908182       3.79370227E-02   9.30604432E-03  0.992138088    
  0.113327019       3.61484997E-02   8.85809306E-03  0.992862046    
  0.107829630       3.43876816E-02   8.41801055E-03  0.993540347    
  0.102419756       3.26557346E-02   7.98600074E-03  0.994174421    
   9.71011072E-02   3.09537686E-02   7.56231183E-03  0.994765937    
   9.18775946E-02   2.92829927E-02   7.14717805E-03  0.995315552    
   8.67529437E-02   2.76445635E-02   6.74084062E-03  0.995825171    
   8.17311183E-02   2.60396544E-02   6.34353468E-03  0.996295631    
   7.68160000E-02   2.44694818E-02   5.95550705E-03  0.996728897    
   7.20115155E-02   2.29352508E-02   5.57702361E-03  0.997126222    
   6.73216656E-02   2.14381870E-02   5.20833349E-03  0.997489154    
   6.27505109E-02   1.99795291E-02   4.84968489E-03  0.997818828    
   5.83021380E-02   1.85605418E-02   4.50135022E-03  0.998117983    
   5.39807081E-02   1.71824787E-02   4.16359073E-03  0.998387218    
   4.97903489E-02   1.58466455E-02   3.83666833E-03  0.998628438    
   4.57352735E-02   1.45543432E-02   3.52087710E-03  0.998843074    
   4.18198183E-02   1.33068683E-02   3.21648549E-03  0.999033213    
   3.80483158E-02   1.21055925E-02   2.92377220E-03  0.999200046    
   3.44251320E-02   1.09518571E-02   2.64302967E-03  0.999345362    
   3.09547652E-02   9.84703843E-03   2.37455755E-03  0.999471188    
   2.76417118E-02   8.79254751E-03   2.11864850E-03  0.999578595    
   2.44905762E-02   7.78978970E-03   1.87560462E-03  0.999669313    
   2.15060115E-02   6.84021879E-03   1.64574129E-03  0.999745369    
   1.86927412E-02   5.94528718E-03   1.42937189E-03  0.999808192    
   1.60555448E-02   5.10649895E-03   1.22682413E-03  0.999858737    
   1.35993399E-02   4.32536053E-03   1.03841373E-03  0.999899149    
   1.13290539E-02   3.60341999E-03   8.64482892E-04  0.999930322    
   9.24972631E-03   2.94223917E-03   7.05366954E-04  0.999953628    
   7.36648263E-03   2.34342460E-03   5.61417954E-04  0.999970973    
   5.68451686E-03   1.80859864E-03   4.32991015E-04  0.999983251    
   4.20912262E-03   1.33942068E-03   3.20446066E-04  0.999990940    
   2.94566480E-03   9.37580771E-04   2.24151401E-04  0.999995887    
   1.89959467E-03   6.04803441E-04   1.44490274E-04  0.999998450    
   1.07643357E-03   3.42847052E-04   8.18463450E-05   1.00000012    
   4.81738767E-04   1.53500194E-04   3.66137647E-05   1.00000036    
   1.21096782E-04   3.85955136E-05   9.19495869E-06   1.00000012    
   0.00000000       0.00000000       0.00000000       1.00000000    
