   1.34907126    
   1.22194326    
  0.429619431    
  0.230176970    
  0.197943211    
  0.172696501    
  0.152358353    
  0.135917649    
  0.122158594    
  0.110533245    
  0.100673057    
   9.22287554E-02
   8.49698409E-02
   7.87043348E-02
   7.32257813E-02
   6.84246719E-02
   6.41839504E-02
   6.04025312E-02
   5.70496619E-02
   5.40024042E-02
   5.12871146E-02
   4.88194525E-02
   4.65533100E-02
   4.45003696E-02
   4.26070318E-02
   4.08727750E-02
   3.92489806E-02
   3.77718173E-02
   3.64054888E-02
   3.51150595E-02
   3.39200273E-02
   3.28048058E-02
   3.17599773E-02
   3.07743605E-02
   2.98444014E-02
   2.89800763E-02
   2.81541850E-02
   2.73749121E-02
   2.66435500E-02
   2.59488281E-02
   2.52882093E-02
   2.46586353E-02
   2.40592491E-02
   2.34897304E-02
   2.29458492E-02
   2.24290211E-02
   2.19322909E-02
   2.14579366E-02
   2.10032891E-02
   2.05694363E-02
   2.01512985E-02
   1.97496153E-02
   1.93647724E-02
   1.89955272E-02
   1.86386108E-02
   1.82957854E-02
   1.79642923E-02
   1.76446754E-02
   1.73377581E-02
   1.70402508E-02
   1.67528484E-02
   1.64755322E-02
   1.62076689E-02
   1.59475021E-02
   1.56957600E-02
   1.54515021E-02
   1.52155822E-02
   1.49858342E-02
   1.47640053E-02
   1.45477792E-02
   1.43383481E-02
   1.41342934E-02
   1.39362812E-02
   1.37438066E-02
   1.35562252E-02
   1.33743975E-02
   1.31967142E-02
   1.30241960E-02
   1.28558958E-02
   1.26916897E-02
   1.25320666E-02
   1.23763718E-02
   1.22245466E-02
   1.20760528E-02
   1.19312461E-02
   1.17902886E-02
   1.16529372E-02
   1.15179345E-02
   1.13872318E-02
   1.12585900E-02
   1.11328270E-02
   1.10096717E-02
   1.08891269E-02
   1.07722245E-02
   1.06570227E-02
   1.05440542E-02
   1.04336999E-02
   1.03255548E-02
   1.02201793E-02
   1.01162596E-02
   1.00148749E-02
   9.91508551E-03
   9.81748477E-03
   9.72188357E-03
   9.62782651E-03
   9.53581557E-03
   9.44555085E-03
   9.35675204E-03
   9.26964637E-03
   9.18423571E-03
   9.10027232E-03
   9.01821349E-03
   8.93776212E-03
   8.85823369E-03
   8.78037792E-03
   8.70387349E-03
   8.62859003E-03
   8.55471287E-03
   8.48195143E-03
   8.41080956E-03
   8.34089611E-03
   8.27182643E-03
   8.20414722E-03
   8.13711435E-03
   8.07117112E-03
   8.00628960E-03
   7.94247538E-03
   7.88007863E-03
   7.81849120E-03
   7.75760086E-03
   7.69773126E-03
   7.63871800E-03
   7.58061651E-03
   7.52360281E-03
   7.46765919E-03
   7.41210207E-03
   7.35777989E-03
   7.30384141E-03
   7.25079514E-03
   7.19886553E-03
   7.14767491E-03
   7.09694112E-03
   7.04692304E-03
   6.99775759E-03
   6.94910949E-03
   6.90098666E-03
   6.85368478E-03
   6.80710189E-03
   6.76107639E-03
   6.71552168E-03
   6.67073252E-03
   6.62638200E-03
   6.58262707E-03
   6.53964188E-03
   6.49701431E-03
   6.45512715E-03
   6.41359249E-03
   6.37259008E-03
   6.33218745E-03
   6.29241159E-03
   6.25316426E-03
   6.21434301E-03
   6.17591664E-03
   6.13830378E-03
   6.10079290E-03
   6.06368668E-03
   6.02702936E-03
   5.99103747E-03
   5.95566630E-03
   5.92049677E-03
   5.88581944E-03
   5.85132325E-03
   5.81739144E-03
   5.78381913E-03
   5.75046381E-03
   5.71797462E-03
   5.68541605E-03
   5.65318344E-03
   5.62131498E-03
   5.58998156E-03
   5.55886095E-03
   5.52805746E-03
   5.49758319E-03
   5.46762301E-03
   5.43783279E-03
   5.40834293E-03
   5.37917204E-03
   5.35053620E-03
   5.32217463E-03
   5.29417442E-03
   5.26633998E-03
   5.23885759E-03
   5.21165878E-03
   5.18480595E-03
   5.15803276E-03
   5.13149984E-03
   5.10540698E-03
   5.07957209E-03
   5.05406968E-03
   5.02873771E-03
   5.00379456E-03
   4.97895619E-03
   4.95434925E-03
   4.92998352E-03
   4.90585389E-03
   4.88184532E-03
   4.85807098E-03
   4.83452715E-03
   4.81134839E-03
   4.78831958E-03
   4.76557808E-03
   4.74292133E-03
   4.72047972E-03
   4.69824905E-03
   4.67623211E-03
   4.65441588E-03
   4.63280268E-03
   4.61139064E-03
   4.59044753E-03
   4.56973119E-03
   4.54940554E-03
   4.52899188E-03
   4.50874539E-03
   4.48846258E-03
   4.46836138E-03
   4.44843993E-03
   4.42869635E-03
   4.40912927E-03
   4.38984483E-03
   4.37061628E-03
   4.35155677E-03
   4.33281716E-03
   4.31424938E-03
   4.29567648E-03
   4.27755713E-03
   4.25943360E-03
   4.24135197E-03
   4.22353530E-03
   4.20599105E-03
   4.18833829E-03
   4.17086389E-03
   4.15353803E-03
   4.13651019E-03
   4.11943486E-03
   4.10262449E-03
   4.08594916E-03
   4.06928826E-03
   4.05279314E-03
   4.03675996E-03
   4.02063876E-03
   4.00468986E-03
   3.98877217E-03
   3.97297880E-03
   3.95731116E-03
   3.94168170E-03
   3.92617565E-03
   3.91088845E-03
   3.89566971E-03
   3.88053316E-03
   3.86550417E-03
   3.85069777E-03
   3.83589813E-03
   3.82132409E-03
   3.80685879E-03
   3.79239419E-03
   3.77806649E-03
   3.76398442E-03
   3.75004578E-03
   3.73610202E-03
   3.72216967E-03
   3.70840612E-03
   3.69467959E-03
   3.68125481E-03
   3.66781931E-03
   3.65448301E-03
   3.64115206E-03
   3.62791819E-03
   3.61478026E-03
   3.60173732E-03
   3.58878821E-03
   3.57605284E-03
   3.56334145E-03
   3.55066685E-03
   3.53819435E-03
   3.52595793E-03
   3.51372641E-03
   3.50140780E-03
   3.48932808E-03
   3.47717386E-03
   3.46529298E-03
   3.45332781E-03
   3.44143994E-03
   3.42969154E-03
   3.41802696E-03
   3.40643479E-03
   3.39491828E-03
   3.38341226E-03
   3.37198400E-03
   3.36070894E-03
   3.34951072E-03
   3.33831459E-03
   3.32719041E-03
   3.31613864E-03
   3.30516743E-03
   3.29426816E-03
   3.28343362E-03
   3.27267032E-03
   3.26208165E-03
   3.25145782E-03
   3.24101141E-03
   3.23053356E-03
   3.22011486E-03
   3.20976251E-03
   3.19968676E-03
   3.18946503E-03
   3.17951245E-03
   3.16958642E-03
   3.15957074E-03
   3.14962305E-03
   3.13980179E-03
   3.13004479E-03
   3.12042120E-03
   3.11069959E-03
   3.10103828E-03
   3.09152203E-03
   3.08204396E-03
   3.07257310E-03
   3.06314696E-03
   3.05379392E-03
   3.04456498E-03
   3.03530949E-03
   3.02615925E-03
   3.01709631E-03
   3.00800707E-03
   2.99897254E-03
   2.99007772E-03
   2.98123318E-03
   2.97243288E-03
   2.96379765E-03
   2.95502669E-03
   2.94630812E-03
   2.93776789E-03
   2.92915013E-03
   2.92058336E-03
   2.91207177E-03
   2.90367496E-03
   2.89532309E-03
   2.88700499E-03
   2.87874904E-03
   2.87047378E-03
   2.86229164E-03
   2.85429950E-03
   2.84621865E-03
   2.83814315E-03
   2.83014565E-03
   2.82216817E-03
   2.81425938E-03
   2.80645862E-03
   2.79866578E-03
   2.79084430E-03
   2.78310501E-03
   2.77540833E-03
   2.76775216E-03
   2.76010251E-03
   2.75249523E-03
   2.74497643E-03
   2.73749535E-03
   2.73001194E-03
   2.72256904E-03
   2.71516689E-03
   2.70780479E-03
   2.70049134E-03
   2.69327126E-03
   2.68608914E-03
   2.67888373E-03
   2.67172325E-03
   2.66471133E-03
   2.65762024E-03
   2.65064440E-03
   2.64363387E-03
   2.63665849E-03
   2.62971572E-03
   2.62280949E-03
   2.61597056E-03
   2.60919868E-03
   2.60239979E-03
   2.59575550E-03
   2.58902623E-03
   2.58238916E-03
   2.57572904E-03
   2.56916182E-03
   2.56256969E-03
   2.55606836E-03
   2.54959473E-03
   2.54315860E-03
   2.53670686E-03
   2.53037689E-03
   2.52398313E-03
   2.51767086E-03
   2.51138327E-03
   2.50509032E-03
   2.49887328E-03
   2.49263691E-03
   2.48649064E-03
   2.48036557E-03
   2.47422094E-03
   2.46818527E-03
   2.46212189E-03
   2.45611044E-03
   2.45012320E-03
   2.44412734E-03
   2.43820902E-03
   2.43230490E-03
   2.42641871E-03
   2.42053834E-03
   2.41476693E-03
   2.40897760E-03
   2.40321504E-03
   2.39750952E-03
   2.39183381E-03
   2.38611992E-03
   2.38047075E-03
   2.37483927E-03
   2.36926042E-03
   2.36365362E-03
   2.35807360E-03
   2.35254900E-03
   2.34705023E-03
   2.34157802E-03
   2.33615842E-03
   2.33070715E-03
   2.32531037E-03
   2.31993687E-03
   2.31458875E-03
   2.30929977E-03
   2.30399566E-03
   2.29875883E-03
   2.29351828E-03
   2.28826399E-03
   2.28305557E-03
   2.27784924E-03
   2.27266643E-03
   2.26750737E-03
   2.26239674E-03
   2.25728401E-03
   2.25220900E-03
   2.24714237E-03
   2.24213139E-03
   2.23713997E-03
   2.23214086E-03
   2.22716411E-03
   2.22227839E-03
   2.21737591E-03
   2.21249415E-03
   2.20760424E-03
   2.20273621E-03
   2.19792104E-03
   2.19313614E-03
   2.18836218E-03
   2.18361011E-03
   2.17884756E-03
   2.17415229E-03
   2.16950849E-03
   2.16482976E-03
   2.16014823E-03
   2.15548696E-03
   2.15087389E-03
   2.14625266E-03
   2.14170362E-03
   2.13718042E-03
   2.13261764E-03
   2.12809793E-03
   2.12361827E-03
   2.11915211E-03
   2.11470155E-03
   2.11025146E-03
   2.10580300E-03
   2.10137339E-03
   2.09696218E-03
   2.09260313E-03
   2.08822894E-03
   2.08389689E-03
   2.07958324E-03
   2.07528495E-03
   2.07098853E-03
   2.06674985E-03
   2.06248276E-03
   2.05826643E-03
   2.05403450E-03
   2.04984378E-03
   2.04567774E-03
   2.04149727E-03
   2.03736895E-03
   2.03322223E-03
   2.02909252E-03
   2.02504685E-03
   2.02095020E-03
   2.01687263E-03
   2.01285747E-03
   2.00882996E-03
   2.00482039E-03
   2.00080499E-03
   1.99680612E-03
   1.99283333E-03
   1.98890036E-03
   1.98494899E-03
   1.98103837E-03
   1.97711796E-03
   1.97321340E-03
   1.96934887E-03
   1.96547434E-03
   1.96167384E-03
   1.95782958E-03
   1.95400021E-03
   1.95020891E-03
   1.94640923E-03
   1.94262981E-03
   1.93887739E-03
   1.93512253E-03
   1.93138130E-03
   1.92767812E-03
   1.92400720E-03
   1.92030892E-03
   1.91663718E-03
   1.91300712E-03
   1.90935121E-03
   1.90571556E-03
   1.90211472E-03
   1.89853332E-03
   1.89495634E-03
   1.89136888E-03
   1.88779528E-03
   1.88423495E-03
   1.88071094E-03
   1.87717739E-03
   1.87368179E-03
   1.87017431E-03
   1.86669128E-03
   1.86320988E-03
   1.85974187E-03
   1.85629667E-03
   1.85285392E-03
   1.84942398E-03
   1.84600882E-03
   1.84260437E-03
   1.83931726E-03
   1.83597207E-03
   1.83260476E-03
   1.82924944E-03
   1.82590634E-03
   1.82259269E-03
   1.81927392E-03
   1.81600894E-03
   1.81277655E-03
   1.80952239E-03
   1.80628092E-03
   1.80302118E-03
   1.79980160E-03
   1.79659307E-03
   1.79336825E-03
   1.79017591E-03
   1.78698462E-03
   1.78379414E-03
   1.78062334E-03
   1.77745556E-03
   1.77432038E-03
   1.77118008E-03
   1.76804583E-03
   1.76494836E-03
   1.76183612E-03
   1.75877195E-03
   1.75568147E-03
   1.75264361E-03
   1.74960191E-03
   1.74655707E-03
   1.74353539E-03
   1.74051838E-03
   1.73749949E-03
   1.73450704E-03
   1.73150131E-03
   1.72852713E-03
   1.72557321E-03
   1.72260217E-03
   1.71963789E-03
   1.71668327E-03
   1.71377847E-03
   1.71084597E-03
   1.70792150E-03
   1.70502102E-03
   1.70215894E-03
   1.69926404E-03
   1.69637904E-03
   1.69350917E-03
   1.69064361E-03
   1.68780889E-03
   1.68496254E-03
   1.68215600E-03
   1.67933246E-03
   1.67655083E-03
   1.67377968E-03
   1.67100260E-03
   1.66822784E-03
   1.66544714E-03
   1.66267564E-03
   1.65992323E-03
   1.65720657E-03
   1.65446301E-03
   1.65175903E-03
   1.64906238E-03
   1.64634525E-03
   1.64365198E-03
   1.64097757E-03
   1.63828710E-03
   1.63561862E-03
   1.63294561E-03
   1.63029565E-03
   1.62764068E-03
   1.62499445E-03
   1.62236555E-03
   1.61976728E-03
   1.61714572E-03
   1.61453395E-03
   1.61192927E-03
   1.60933344E-03
   1.60674553E-03
   1.60418823E-03
   1.60162139E-03
   1.59907481E-03
   1.59653975E-03
   1.59399281E-03
   1.59146811E-03
   1.58896064E-03
   1.58643967E-03
   1.58395350E-03
   1.58146338E-03
   1.57897989E-03
   1.57650409E-03
   1.57402048E-03
   1.57156005E-03
   1.56910648E-03
   1.56664627E-03
   1.56420923E-03
   1.56176439E-03
   1.55934098E-03
   1.55692839E-03
   1.55450660E-03
   1.55210437E-03
   1.54971704E-03
   1.54734147E-03
   1.54494983E-03
   1.54256483E-03
   1.54018844E-03
   1.53783720E-03
   1.53547409E-03
   1.53315277E-03
   1.53082446E-03
   1.52848288E-03
   1.52614841E-03
   1.52387016E-03
   1.52154977E-03
   1.51928526E-03
   1.51700119E-03
   1.51471794E-03
   1.51243946E-03
   1.51015364E-03
   1.50789099E-03
   1.50562101E-03
   1.50336989E-03
   1.50112750E-03
   1.49887986E-03
   1.49665098E-03
   1.49441266E-03
   1.49219902E-03
   1.48998993E-03
   1.48777163E-03
   1.48557778E-03
   1.48337649E-03
   1.48119754E-03
   1.47902302E-03
   1.47685898E-03
   1.47470506E-03
   1.47255755E-03
   1.47041830E-03
   1.46826962E-03
   1.46611547E-03
   1.46399508E-03
   1.46185327E-03
   1.45971787E-03
   1.45758851E-03
   1.45546568E-03
   1.45335076E-03
   1.45124004E-03
   1.44916645E-03
   1.44709903E-03
   1.44502195E-03
   1.44293532E-03
   1.44086254E-03
   1.43880141E-03
   1.43673271E-03
   1.43466995E-03
   1.43261312E-03
   1.43061008E-03
   1.42858783E-03
   1.42654846E-03
   1.42451492E-03
   1.42248708E-03
   1.42046507E-03
   1.41844875E-03
   1.41643814E-03
   1.41443324E-03
   1.41250598E-03
   1.41052168E-03
   1.40853354E-03
   1.40655856E-03
   1.40458334E-03
   1.40262884E-03
   1.40066282E-03
   1.39872485E-03
   1.39676989E-03
   1.39482215E-03
   1.39290409E-03
   1.39098207E-03
   1.38906727E-03
   1.38716877E-03
   1.38525874E-03
   1.38334674E-03
   1.38143427E-03
   1.37952727E-03
   1.37762539E-03
   1.37572887E-03
   1.37383747E-03
   1.37195142E-03
   1.37007039E-03
   1.36819459E-03
   1.36634777E-03
   1.36450597E-03
   1.36264530E-03
   1.36080990E-03
   1.35895936E-03
   1.35713571E-03
   1.35529519E-03
   1.35348132E-03
   1.35166699E-03
   1.34985743E-03
   1.34803646E-03
   1.34624029E-03
   1.34445622E-03
   1.34264992E-03
   1.34084839E-03
   1.33907329E-03
   1.33729936E-03
   1.33552647E-03
   1.33376720E-03
   1.33200025E-03
   1.33023958E-03
   1.32847112E-03
   1.32670742E-03
   1.32495211E-03
   1.32321543E-03
   1.32147281E-03
   1.31972949E-03
   1.31800666E-03
   1.31627067E-03
   1.31456915E-03
   1.31284236E-03
   1.31112162E-03
   1.30942313E-03
   1.30772358E-03
   1.30602682E-03
   1.30435894E-03
   1.30266917E-03
   1.30097335E-03
   1.29928184E-03
   1.29760697E-03
   1.29592442E-03
   1.29428250E-03
   1.29261869E-03
   1.29094883E-03
   1.28929713E-03
   1.28765148E-03
   1.28600316E-03
   1.28435041E-03
   1.28270709E-03
   1.28107821E-03
   1.27945188E-03
   1.27783639E-03
   1.27621309E-03
   1.27459387E-03
   1.27297023E-03
   1.27135089E-03
   1.26973551E-03
   1.26812432E-03
   1.26652909E-03
   1.26492605E-03
   1.26332871E-03
   1.26174896E-03
   1.26015791E-03
   1.25857082E-03
   1.42995792E-03
   1.42791460E-03
   1.96261355E-03
   1.25230628E-03
   1.25077076E-03
   1.24921242E-03
   1.24766782E-03
   1.24612369E-03
   1.24458026E-03
   1.24304218E-03
   1.24150794E-03
   1.23997603E-03
   1.23844750E-03
   1.23693293E-03
   1.23541220E-03
   1.23389682E-03
   1.23237516E-03
   1.23087049E-03
   1.22936466E-03
   1.22786080E-03
   1.22636231E-03
   1.22486753E-03
   1.22336810E-03
   1.22188230E-03
   1.22040976E-03
   1.21892616E-03
   1.21744117E-03
   1.21595990E-03
   1.21448224E-03
   1.21302775E-03
   1.21158641E-03
   1.21012586E-03
   1.20867044E-03
   1.20721036E-03
   1.20576192E-03
   1.20430905E-03
   1.20286923E-03
   1.20142323E-03
   1.19999505E-03
   1.19856722E-03
   1.19714113E-03
   1.19571202E-03
   1.19428313E-03
   1.19285763E-03
   1.19143561E-03
   1.19001686E-03
   1.18860160E-03
   1.18718971E-03
   1.18578109E-03
   1.18437584E-03
   1.18297560E-03
   1.18157710E-03
   1.18018175E-03
   1.17879920E-03
   1.17741525E-03
   1.17602979E-03
   1.17464748E-03
   1.17328740E-03
   1.17191160E-03
   1.17054046E-03
   1.16918830E-03
   1.16782368E-03
   1.16646069E-03
   1.16511027E-03
   1.16377382E-03
   1.16244215E-03
   1.16109161E-03
   1.15977530E-03
   1.15845585E-03
   1.15712546E-03
   1.15579658E-03
   1.15446770E-03
   1.15313567E-03
   1.15182821E-03
   1.15050236E-03
   1.14917953E-03
   1.14787044E-03
   1.14655355E-03
   1.14525051E-03
   1.14394887E-03
   1.14264106E-03
   1.14134524E-03
   1.14004326E-03
   1.13875500E-03
   1.13746501E-03
   1.13617186E-03
   1.13488175E-03
   1.13359455E-03
   1.13234669E-03
   1.13107741E-03
   1.12979871E-03
   1.12854713E-03
   1.12728786E-03
   1.12601777E-03
   1.12475792E-03
   1.12349971E-03
   1.12223811E-03
   1.12098840E-03
   1.11973239E-03
   1.11848826E-03
   1.11723936E-03
   1.11599185E-03
   1.11474714E-03
   1.11351861E-03
   1.11229112E-03
   1.11105607E-03
   1.10985211E-03
   1.10862101E-03
   1.10740156E-03
   1.10617583E-03
   1.10496755E-03
   1.10376207E-03
   1.10254448E-03
   1.10133109E-03
   1.10011885E-03
   1.09891652E-03
   1.09772570E-03
   1.09653466E-03
   1.09533290E-03
   1.09413371E-03
   1.09293731E-03
   1.09176245E-03
   1.09057990E-03
   1.08939118E-03
   1.08822412E-03
   1.08704634E-03
   1.08586531E-03
   1.08468672E-03
   1.08351093E-03
   1.08234480E-03
   1.08118111E-03
   1.08002149E-03
   1.07886421E-03
   1.07770087E-03
   1.07654720E-03
   1.07540330E-03
   1.07424741E-03
   1.07309408E-03
   1.07194320E-03
   1.07079465E-03
   1.06964866E-03
   1.06850790E-03
   1.06737122E-03
   1.06624118E-03
   1.06511347E-03
   1.06397958E-03
   1.06286537E-03
   1.06174476E-03
   1.06063369E-03
   1.05950935E-03
   1.05838734E-03
   1.05728477E-03
   1.05617591E-03
   1.05506950E-03
   1.05395692E-03
   1.05284678E-03
   1.05173886E-03
   1.05063757E-03
   1.04954268E-03
   1.04845013E-03
   1.04735838E-03
   1.04626198E-03
   1.04516791E-03
   1.04410551E-03
   1.04301586E-03
   1.04192854E-03
   1.04084343E-03
   1.03976636E-03
   1.03868579E-03
   1.03761593E-03
   1.03654398E-03
   1.03547005E-03
   1.03440683E-03
   1.03334698E-03
   1.03228935E-03
   1.03122438E-03
   1.03017804E-03
   1.02912565E-03
   1.02806708E-03
   1.02701073E-03
   1.02596346E-03
   1.02491269E-03
   1.02386554E-03
   1.02282607E-03
   1.02178438E-03
   1.02074083E-03
   1.01970905E-03
   1.01866981E-03
   1.01763266E-03
   1.01659761E-03
   1.01557549E-03
   1.01456628E-03
   1.01354416E-03
   1.01251737E-03
   1.01149257E-03
   1.01047009E-03
   1.00946438E-03
   1.00844598E-03
   1.00743619E-03
   1.00643130E-03
   1.00541883E-03
   1.00442325E-03
   1.00341497E-03
   1.00240856E-03
   1.00140693E-03
   1.00040459E-03
   9.99404234E-04
   9.98419244E-04
   9.97429597E-04
   9.96451243E-04
   9.95464157E-04
   9.94476373E-04
   9.93493246E-04
   9.92513262E-04
   9.91528737E-04
   9.90552711E-04
   9.89586464E-04
   9.88607644E-04
   9.87630803E-04
   9.86661064E-04
   9.85693303E-04
   9.84722283E-04
   9.83759528E-04
   9.82792233E-04
   9.81826917E-04
   9.80863464E-04
   9.79901757E-04
   9.78948548E-04
   9.78009077E-04
   9.77052958E-04
   9.76104056E-04
   9.75151779E-04
   9.74201364E-04
   9.73259215E-04
   9.72318929E-04
   9.71375208E-04
   9.70432186E-04
   9.69499873E-04
   9.68568143E-04
   9.67638334E-04
   9.66712774E-04
   9.65791580E-04
   9.64859326E-04
   9.63928818E-04
   9.63000115E-04
   9.62073216E-04
   9.61148064E-04
   9.60232341E-04
   9.59321042E-04
   9.58408928E-04
   9.57495882E-04
   9.56579577E-04
   9.55664902E-04
   9.54760995E-04
   9.53849813E-04
   9.52948059E-04
   9.52050614E-04
   9.51149734E-04
   9.50251881E-04
   9.49350593E-04
   9.48449713E-04
   9.47556982E-04
   9.46663320E-04
   9.45773849E-04
   9.44884901E-04
   9.43994964E-04
   9.43108113E-04
   9.42224171E-04
   9.41343082E-04
   9.40457336E-04
   9.39580787E-04
   9.38708487E-04
   9.37832694E-04
   9.36964876E-04
   9.36092401E-04
   9.35216551E-04
   9.34344775E-04
   9.33480915E-04
   9.32614901E-04
   9.31745570E-04
   9.30877810E-04
   9.30017908E-04
   9.29159636E-04
   9.28300375E-04
   9.27439018E-04
   9.26579291E-04
   9.25731030E-04
   9.24880558E-04
   9.24034277E-04
   9.23180778E-04
   9.22328967E-04
   9.21483617E-04
   9.20639781E-04
   9.19797574E-04
   9.18956823E-04
   9.18117585E-04
   9.17280035E-04
   9.16443882E-04
   9.15605633E-04
   9.14771343E-04
   9.13948403E-04
   9.13113472E-04
   9.12284886E-04
   9.11452982E-04
   9.10622592E-04
   9.09794995E-04
   9.08973685E-04
   9.08150221E-04
   9.07331996E-04
   9.06512723E-04
   9.05696186E-04
   9.04876273E-04
   9.04057873E-04
   9.03240929E-04
   9.02441214E-04
   9.01627180E-04
   9.00814543E-04
   9.00009472E-04
   8.99205857E-04
   8.98404862E-04
   8.97598104E-04
   8.96792801E-04
   8.95994890E-04
   8.95203208E-04
   8.94403434E-04
   8.93603836E-04
   8.92812735E-04
   8.92016047E-04
   8.91225471E-04
   8.90431460E-04
   8.89639021E-04
   8.88852694E-04
   8.88068927E-04
   8.87280563E-04
   8.86493654E-04
   8.85708141E-04
   8.84929963E-04
   8.84149515E-04
   8.83376459E-04
   8.82601191E-04
   8.81833199E-04
   8.81064101E-04
   8.80288193E-04
   8.79517174E-04
   8.78748717E-04
   8.77976883E-04
   8.77211103E-04
   8.76446604E-04
   8.75688158E-04
   8.74921621E-04
   8.74161138E-04
   8.73397279E-04
   8.72639532E-04
   8.71883007E-04
   8.71123164E-04
   8.70373973E-04
   8.69616750E-04
   8.68869014E-04
   8.68124829E-04
   8.67376162E-04
   8.66628834E-04
   8.65882728E-04
   8.65136739E-04
   8.64392146E-04
   8.63645284E-04
   8.62902030E-04
   8.62162386E-04
   8.61419365E-04
   8.60682281E-04
   8.59941822E-04
   8.59208405E-04
   8.58470448E-04
   8.57733772E-04
   8.56998377E-04
   8.56271072E-04
   8.55538237E-04
   8.54806625E-04
   8.54077342E-04
   8.53359699E-04
   8.52636294E-04
   8.51915334E-04
   8.51200137E-04
   8.50478129E-04
   8.49758508E-04
   8.49038945E-04
   8.48318450E-04
   8.47600226E-04
   8.46884446E-04
   8.46175419E-04
   8.45460920E-04
   8.44748633E-04
   8.44035298E-04
   8.43323185E-04
   8.42612237E-04
   8.41913861E-04
   8.41205358E-04
   8.40499124E-04
   8.39792949E-04
   8.39088054E-04
   8.38384265E-04
   8.37681640E-04
   8.36992520E-04
   8.36303399E-04
   8.35604267E-04
   8.34910839E-04
   8.34217411E-04
   8.33523984E-04
   8.32829508E-04
   8.32136197E-04
   8.31448473E-04
   8.30757432E-04
   8.30067613E-04
   8.29389959E-04
   8.28702410E-04
   8.28021381E-04
   8.27336044E-04
   8.26666248E-04
   8.25983181E-04
   8.25301162E-04
   8.24624731E-04
   8.23944982E-04
   9.33634292E-04
   8.22597707E-04
   8.21924652E-04
   8.21249385E-04
   8.20583955E-04
   8.19910900E-04
   8.19243316E-04
   8.18572415E-04
   8.17902619E-04
   8.17244872E-04
   8.16577289E-04
   8.15910753E-04
   8.15245323E-04
   8.84385780E-04
   8.13929655E-04
   8.13272840E-04
   8.12613929E-04
   8.11953854E-04
   8.11299135E-04
   8.10647733E-04
   8.09995225E-04
   8.09343706E-04
   8.08691082E-04
   8.08040670E-04
   8.07391247E-04
   8.06739612E-04
   8.06092285E-04
   8.05444841E-04
   8.04800773E-04
   8.04156472E-04
   8.03510076E-04
   8.02864728E-04
   8.02220369E-04
   9.08598769E-04
   8.00944457E-04
   8.00305395E-04
   7.99670524E-04
   7.99039844E-04
   7.98401656E-04
   7.97767658E-04
   7.97135755E-04
   7.96505949E-04
   7.95873872E-04
   7.95240747E-04
   7.94610765E-04
   7.93979561E-04
   7.93353654E-04
   7.92728737E-04
   7.92100560E-04
   7.91474420E-04
   7.90850318E-04
   7.90228311E-04
   7.89607293E-04
   7.88988254E-04
   7.88366015E-04
   7.87746860E-04
   7.87130732E-04
   7.86512450E-04
   7.85896205E-04
   7.85278797E-04
   7.84666510E-04
   7.84051081E-04
   7.83438678E-04
   7.82825111E-04
   7.82212534E-04
   7.81603041E-04
   7.80992385E-04
   7.80382659E-04
   7.79778056E-04
   7.79170252E-04
   7.78564368E-04
   9.07017209E-04
   9.03219741E-04
   1.59096404E-03
   7.76162953E-04
   7.75562774E-04
   7.74963584E-04
   7.74367421E-04
   7.73767999E-04
   7.73174688E-04
   7.72581261E-04
   7.71985622E-04
   7.71391962E-04
   7.70797138E-04
   7.70203245E-04
   7.69616454E-04
   7.69024366E-04
   7.68442405E-04
   7.67852121E-04
   7.67271966E-04
   7.66683486E-04
   7.66095938E-04
   7.65513338E-04
   7.64938828E-04
   7.64357974E-04
   7.63773976E-04
   7.63190852E-04
   7.62608601E-04
   7.62028270E-04
   7.61447765E-04
   7.60868250E-04
   7.60294672E-04
   7.59725983E-04
   7.59151997E-04
   7.58575858E-04
   7.58000708E-04
   7.57426373E-04
   7.56856927E-04
   7.56284338E-04
   7.55712506E-04
   7.55153771E-04
   7.54583743E-04
   7.54015578E-04
   7.53448228E-04
   7.52883730E-04
   7.52321153E-04
   7.51766434E-04
   7.51201471E-04
   7.50639359E-04
   7.50082196E-04
   7.49525730E-04
   7.48964201E-04
   7.48407445E-04
   7.47847545E-04
   7.47292477E-04
   7.46734266E-04
   7.46176869E-04
   7.45620346E-04
   7.45073543E-04
   7.44518591E-04
   7.43964512E-04
   9.42648330E-04
   7.42867647E-04
   7.42319971E-04
   7.41773052E-04
   7.41223048E-04
   7.40673859E-04
   7.40127463E-04
   7.39579846E-04
   7.39033043E-04
   7.38491071E-04
   7.37949798E-04
   7.37405440E-04
   7.36865855E-04
   7.36323069E-04
   7.35785055E-04
   7.35243841E-04
   7.34705362E-04
   7.34165777E-04
   7.33630906E-04
   7.33092835E-04
   7.32560526E-04
   7.32034852E-04
   7.31502078E-04
   7.30974018E-04
   7.30443804E-04
   7.29910505E-04
   7.29377905E-04
   7.28849031E-04
   7.28318002E-04
   7.27790582E-04
   7.27261126E-04
   7.26733357E-04
   7.26208324E-04
   7.25681195E-04
   7.25154765E-04
   7.24629092E-04
   7.24108075E-04
   7.23587815E-04
   7.23064470E-04
   7.22549448E-04
   7.22030527E-04
   7.21513235E-04
   7.20995711E-04
   7.20476091E-04
   7.19957228E-04
   7.19439005E-04
   7.18926371E-04
   7.18409719E-04
   7.17900519E-04
   7.17387244E-04
   7.16872804E-04
   7.16361857E-04
   7.15850852E-04
   7.15342409E-04
   7.14830938E-04
   7.14320107E-04
   7.13810034E-04
   7.13305373E-04
   7.12807290E-04
   7.12301175E-04
   7.11794011E-04
   7.11288420E-04
   7.10782653E-04
   7.10281369E-04
   7.09777989E-04
   7.09277228E-04
   7.08776177E-04
   7.08273961E-04
   7.07775354E-04
   7.07276515E-04
   7.06782099E-04
   7.06282677E-04
   7.05786922E-04
   7.05291808E-04
   7.04797392E-04
   7.04300823E-04
   7.03804952E-04
   7.03310710E-04
   7.02817168E-04
   7.02329969E-04
   7.01837766E-04
   7.01351906E-04
   7.00860168E-04
   7.00371980E-04
   6.99881639E-04
   6.99391996E-04
   6.98905787E-04
   6.98417483E-04
   6.97933661E-04
   6.97447627E-04
   6.96965086E-04
   6.96479518E-04
   6.96000177E-04
   6.95518742E-04
   6.95037888E-04
   6.94557792E-04
   6.94077404E-04
   6.93596725E-04
   6.93118607E-04
   6.92638336E-04
   6.92161499E-04
   6.91682566E-04
   6.91204332E-04
   6.90729474E-04
   6.90252520E-04
   6.89776207E-04
   6.89300534E-04
   6.88835687E-04
   6.88361353E-04
   6.87887659E-04
   9.89874243E-04
   6.86947780E-04
   6.86476007E-04
   6.86012325E-04
   6.85541891E-04
   6.85072038E-04
   6.84602885E-04
   6.84134313E-04
   6.83666440E-04
   1.17238297E-03
   1.17100927E-03
   1.32387539E-03
   6.81815844E-04
   6.81351114E-04
   6.80889760E-04
   6.80428988E-04
   6.79967983E-04
   6.79505814E-04
   6.79046963E-04
   6.78586017E-04
   6.78128330E-04
   6.77671342E-04
   6.77213131E-04
   6.76754687E-04
   6.76296884E-04
   6.75843272E-04
   6.75391173E-04
   6.74935174E-04
   6.74481620E-04
   6.74030394E-04
   6.73578936E-04
   6.73125323E-04
   6.72675145E-04
   6.72222755E-04
   6.71773741E-04
   6.71328860E-04
   6.70878391E-04
   6.70436479E-04
   6.69987174E-04
   6.69538451E-04
   6.69090368E-04
   6.68642810E-04
   6.68198569E-04
   6.67753106E-04
   6.67307351E-04
   6.66864915E-04
   6.66424807E-04
   6.65980857E-04
   6.65537431E-04
   6.65094645E-04
   6.64656051E-04
   6.64214429E-04
   6.63773448E-04
   6.63341780E-04
   6.62901963E-04
   6.62462669E-04
   9.62210470E-04
   6.61596365E-04
   6.61158818E-04
   6.60724472E-04
   6.60288089E-04
   6.59854908E-04
   6.59419631E-04
   6.58984936E-04
   6.58554316E-04
   6.58124394E-04
   6.57693075E-04
   6.57260651E-04
   6.56834047E-04
   6.56402786E-04
   6.55972981E-04
   6.55547075E-04
   6.55117503E-04
   6.54688454E-04
   6.54259988E-04
   6.53832103E-04
   8.96358048E-04
   6.52984891E-04
   6.52558636E-04
   6.98328950E-04
   6.97841460E-04
   6.51295471E-04
   6.50871429E-04
   6.50451402E-04
   6.50034577E-04
   6.49612222E-04
   6.49192894E-04
   6.48771587E-04
   6.48352609E-04
   6.47934969E-04
   6.47515291E-04
   6.47097884E-04
   6.46681816E-04
   6.46264642E-04
   6.45847118E-04
   6.45430177E-04
   6.45013701E-04
   6.44597807E-04
   6.44185056E-04
   6.43770210E-04
   6.43362815E-04
   6.42949017E-04
   6.42538362E-04
   6.42129860E-04
   6.41719380E-04
   6.41307735E-04
   6.40896556E-04
   6.40486833E-04
   6.40076702E-04
   6.39667094E-04
   6.39258942E-04
   6.38850441E-04
   6.38442405E-04
   6.38034893E-04
   6.37630525E-04
   6.37228368E-04
   6.36822428E-04
   6.36419514E-04
   6.36017998E-04
   6.35615317E-04
   6.35213102E-04
   6.34809723E-04
   6.34406868E-04
   6.34004537E-04
   6.33606978E-04
   6.33208954E-04
   6.32808136E-04
   6.32407842E-04
   6.32012205E-04
   6.31617091E-04
   6.31219125E-04
   6.30820810E-04
   6.30423019E-04
   6.30025694E-04
   6.29628950E-04
   6.29232614E-04
   6.28837675E-04
   6.28442329E-04
   6.28048379E-04
   6.27654081E-04
   6.27264497E-04
   6.26871944E-04
   6.26479159E-04
   6.26093475E-04
   6.25704939E-04
   6.25320245E-04
   6.24929322E-04
   6.24538865E-04
   6.24151435E-04
   6.23764528E-04
   6.23376342E-04
   6.22988795E-04
   6.22603286E-04
   6.22215739E-04
   6.21828716E-04
   6.21443847E-04
   6.21062703E-04
   6.20678824E-04
   6.20293722E-04
   6.19909028E-04
   6.19528990E-04
   6.19145285E-04
   6.18762046E-04
   6.18385908E-04
   6.18003600E-04
   6.17621758E-04
   6.17240381E-04
   6.16860401E-04
   6.16480014E-04
   6.16100093E-04
   6.15720637E-04
   6.15343219E-04
   6.14968012E-04
   6.14593213E-04
   6.14215562E-04
   6.13838376E-04
   6.13461772E-04
   6.13085518E-04
   6.12709729E-04
   6.12334465E-04
   6.11967000E-04
   6.11592608E-04
   6.11221942E-04
   6.10850868E-04
   6.10478688E-04
   6.10106159E-04
   6.09737239E-04
   6.09371229E-04
   6.09000039E-04
   6.08629314E-04
   6.08262257E-04
   6.07896422E-04
   6.07527851E-04
   6.07161259E-04
   6.06795948E-04
   6.06427900E-04
   6.06060203E-04
   6.05693844E-04
   6.05327077E-04
   6.04961591E-04
   6.04596513E-04
   6.04234287E-04
   6.03869325E-04
   6.03511231E-04
   6.03150344E-04
   6.02786662E-04
   6.02423446E-04
   6.02060638E-04
   6.01698237E-04
   6.01338688E-04
   6.00977975E-04
   6.00616913E-04
   6.00256259E-04
   5.99896011E-04
   5.99541876E-04
   5.99182502E-04
   5.98825980E-04
   5.98470680E-04
   5.98113460E-04
   5.97755832E-04
   5.97401755E-04
   5.97046572E-04
   5.96690166E-04
   5.96339814E-04
   5.95984340E-04
   5.95629215E-04
   5.95274556E-04
   5.94920304E-04
   5.94566460E-04
   5.94218669E-04
   5.93865698E-04
   5.93517849E-04
   5.93167264E-04
   5.92815515E-04
   5.92465745E-04
   5.92114870E-04
   5.91765915E-04
   5.91422140E-04
   5.91072487E-04
   5.90723241E-04
   5.90374402E-04
   5.90027543E-04
   5.89683477E-04
   5.89335861E-04
   5.88988594E-04
   5.88644936E-04
   5.88298542E-04
   5.87954069E-04
   5.87608549E-04
   5.87268034E-04
   5.86923212E-04
   6.01610984E-04
   5.86238806E-04
   5.85897535E-04
   5.85554342E-04
   5.85213187E-04
   5.84870751E-04
   5.84529596E-04
   5.84187976E-04
   5.83849149E-04
   5.83508401E-04
   5.83173474E-04
   5.82833483E-04
   5.82496228E-04
   5.82156994E-04
   5.81821310E-04
   5.81482891E-04
   5.81145694E-04
   5.80811175E-04
   5.80473919E-04
   5.80137072E-04
   5.79800631E-04
   5.79464482E-04
   1.31628604E-03
   5.78799692E-04
   5.78464824E-04
   5.78130304E-04
   5.77798462E-04
   5.77464700E-04
   5.77131403E-04
   6.74651121E-04
   6.69988338E-04
   8.77050159E-04
   8.76281352E-04
   8.75513826E-04
   2.28666933E-03
   7.98686408E-04
   7.98048743E-04
   7.68501603E-04
   2.04379205E-03
   2.04305607E-03
   1.90964679E-03
   5.72852150E-04
   5.72526420E-04
   5.72198711E-04
   5.71879849E-04
   5.71552897E-04
   5.71227109E-04
   5.70900913E-04
   5.70575125E-04
   9.92058660E-04
   6.99838274E-04
   8.36869585E-04
   7.51774467E-04
   6.94524380E-04
   5.68634016E-04
   1.00657030E-03
   1.00748590E-03
   5.67669864E-04
   5.67347684E-04
   5.67026669E-04
   5.66709728E-04
   5.66388655E-04
   5.66069386E-04
   5.65749069E-04
   5.65429102E-04
   1.12983841E-03
   1.12856249E-03
   1.10415975E-03
   1.10294123E-03
   3.42639675E-03
   5.63528854E-04
   5.63211390E-04
   9.24368564E-04
   9.25125321E-04
   1.54311676E-03
   1.25693541E-03
   1.25535659E-03
   3.18289758E-03
   1.02959771E-03
   1.02594146E-03
   2.98299012E-03
   1.58600567E-03
   9.81771969E-04
   9.80808632E-04
   5.59126900E-04
   8.06608237E-04
   8.07160977E-04
   7.32025364E-04
   7.12220266E-04
   5.57576597E-04
   5.57265768E-04
   5.56960527E-04
   5.56654064E-04
   5.56345040E-04
   5.56035608E-04
   5.55727282E-04
   5.55418490E-04
   5.55110106E-04
   5.54804283E-04
   5.54496597E-04
   5.54191414E-04
   5.53885126E-04
   5.53578429E-04
   5.53275750E-04
   5.52969694E-04
   5.52664045E-04
   5.52361598E-04
   5.52056532E-04
   5.51751873E-04
   5.51447563E-04
   5.51146572E-04
   5.50842844E-04
   5.50539524E-04
   5.50236495E-04
   1.65307743E-03
   5.49635850E-04
   5.49336080E-04
   5.49034332E-04
   5.48732991E-04
   6.19828643E-04
   6.19444589E-04
   6.25514891E-04
   5.47540258E-04
   5.47240546E-04
   5.46941184E-04
   5.46642113E-04
   5.46344090E-04
   5.46045660E-04
   5.45748335E-04
   5.45452756E-04
   5.45155257E-04
   5.44858165E-04
   5.66715898E-04
   5.44268463E-04
   5.43972361E-04
   5.43676550E-04
   7.31259526E-04
   5.43090922E-04
   5.42796042E-04
   1.00859185E-03
   5.42210881E-04
   5.41917747E-04
   5.41625603E-04
   5.41332294E-04
   5.41039335E-04
   6.94035727E-04
   5.40460867E-04
   5.40170236E-04
   5.39878558E-04
   5.39590023E-04
   5.39298984E-04
   7.15742994E-04
   7.14937283E-04
   1.08617044E-03
   5.38143504E-04
   5.37853979E-04
   5.37564803E-04
   5.37277374E-04
   5.36988780E-04
   5.36700536E-04
   5.36416133E-04
   5.36128471E-04
   5.35843254E-04
   5.35556173E-04
   5.35272993E-04
   5.34986553E-04
   5.34701918E-04
   5.34416758E-04
   5.34131948E-04
   5.33848885E-04
   5.33563958E-04
   5.33280079E-04
   5.32995793E-04
   5.32715290E-04
   5.32431586E-04
   5.32148930E-04
   5.31865866E-04
   5.31583733E-04
   5.31301892E-04
   5.31023252E-04
   5.30741352E-04
   5.30459743E-04
   5.30179124E-04
   5.29898098E-04
   5.29620214E-04
   5.29339828E-04
   5.29061072E-04
   5.28781209E-04
   6.76684722E-04
   6.77142758E-04
   6.77601376E-04
   5.27666241E-04
   5.27387951E-04
   1.70202903E-03
   1.25801796E-03
   1.80186180E-03
   9.63197439E-04
   5.26011107E-04
   5.25734446E-04
   5.56237879E-04
   5.25185664E-04
   5.24909934E-04
   5.24635194E-04
   5.24359988E-04
   6.20549137E-04
   6.20934297E-04
   5.96358033E-04
   6.05419744E-04
   7.86779216E-04
   7.81851821E-04
   1.11806719E-03
   5.22174581E-04
   5.21902053E-04
   5.21629700E-04
   1.08709233E-03
   1.08591118E-03
   1.05677801E-03
   2.21816893E-03
   5.20285626E-04
   5.20014961E-04
   5.19744644E-04
   5.19475259E-04
   5.19206165E-04
   5.18936664E-04
   5.18667395E-04
   5.18398418E-04
   5.18129789E-04
   5.17861394E-04
   5.17593289E-04
   5.17325418E-04
   5.17057895E-04
   5.16792643E-04
   5.16525644E-04
   5.16263011E-04
   5.15996595E-04
   5.15733147E-04
   5.15467196E-04
   5.15201536E-04
   5.14936226E-04
   1.23462209E-03
   1.23614725E-03
   5.14143147E-04
   1.93935877E-03
   5.13623760E-04
   5.13361418E-04
   5.13097912E-04
   5.12834697E-04
   5.12572413E-04
   5.12309780E-04
   5.12047380E-04
   5.11785212E-04
   5.11523394E-04
   5.11262449E-04
   5.11001155E-04
   5.10740094E-04
   5.10479324E-04
   5.10219543E-04
   5.09961275E-04
   5.09701262E-04
   5.09443635E-04
   5.09184145E-04
   5.08924888E-04
   5.08665980E-04
   5.08409983E-04
   5.08151599E-04
   5.50083816E-04
   5.07642981E-04
   5.07385295E-04
   5.07127959E-04
   5.06870856E-04
   8.41906643E-04
   8.41198140E-04
   1.07856235E-03
   5.05854492E-04
   5.05598611E-04
   5.05343080E-04
   5.05089760E-04
   5.04834752E-04
   5.04579919E-04
   5.04326075E-04
   5.04071824E-04
   5.03817748E-04
   5.03563962E-04
   5.03310526E-04
   5.03064657E-04
   5.02814306E-04
   5.02561510E-04
   5.02310344E-04
   5.02058072E-04
   5.01808070E-04
   5.01556322E-04
   5.01305505E-04
   5.01054281E-04
   5.00803289E-04
   5.00553870E-04
   5.00303402E-04
   5.00053808E-04
   4.99803864E-04
