   1.00000000    
   1.00000060    
   1.00000107    
   1.00000155    
   1.00000226    
   1.00000250    
   1.00000298    
   1.00000250    
   1.00000381    
   1.00000393    
   1.00000417    
   1.00000358    
   1.00000310    
   1.00000310    
   1.00000191    
   1.00000274    
   1.00000274    
   1.00000119    
   1.00000024    
   1.00000060    
  0.999999642    
  0.999998927    
  0.999998510    
  0.999998927    
  0.999998868    
  0.999998450    
  0.999998093    
  0.999998152    
  0.999998212    
  0.999997795    
  0.999998331    
  0.999998271    
  0.999998271    
  0.999998569    
  0.999997795    
  0.999997914    
  0.999996841    
  0.999996364    
  0.999996543    
  0.999997556    
  0.999997735    
  0.999997973    
  0.999997020    
  0.999994993    
  0.999997616    
  0.999995470    
  0.999996841    
  0.999996424    
  0.999999166    
  0.999997616    
  0.999997258    
  0.999997616    
  0.999996781    
  0.999996185    
  0.999995708    
  0.999995828    
  0.999995768    
  0.999995172    
  0.999994755    
  0.999995112    
  0.999994874    
  0.999995470    
  0.999995291    
  0.999995351    
  0.999995172    
  0.999995291    
  0.999994993    
  0.999995232    
  0.999994814    
  0.999994874    
  0.999994636    
  0.999995112    
  0.999995112    
  0.999995708    
  0.999995470    
  0.999994993    
  0.999995172    
  0.999995232    
  0.999995112    
  0.999994814    
  0.999994755    
  0.999994516    
  0.999994695    
  0.999994159    
  0.999994397    
  0.999994695    
  0.999994814    
  0.999994457    
  0.999994755    
  0.999994576    
  0.999994516    
  0.999994695    
  0.999994874    
  0.999994874    
  0.999994755    
  0.999994993    
  0.999995232    
  0.999994636    
  0.999994874    
  0.999994993    
  0.999994636    
  0.999994993    
  0.999994993    
  0.999995053    
  0.999994934    
  0.999995410    
  0.999995470    
  0.999995589    
  0.999995768    
  0.999995947    
  0.999996424    
  0.999996483    
  0.999997079    
  0.999997258    
  0.999997258    
  0.999997377    
  0.999997616    
  0.999997735    
  0.999997973    
  0.999998450    
  0.999997854    
  0.999998689    
  0.999998510    
  0.999998748    
  0.999998271    
  0.999999046    
  0.999998569    
  0.999999166    
  0.999998808    
  0.999999225    
  0.999999344    
  0.999999464    
  0.999999285    
  0.999999166    
  0.999999046    
  0.999999166    
  0.999999702    
  0.999999583    
   1.00000024    
   1.00000060    
   1.00000072    
   1.00000083    
   1.00000107    
   1.00000143    
   1.00000131    
   1.00000143    
   1.00000167    
   1.00000119    
   1.00000119    
   1.00000107    
   1.00000131    
   1.00000131    
   1.00000155    
   1.00000191    
   1.00000215    
   1.00000226    
   1.00000226    
   1.00000203    
   1.00000226    
   1.00000215    
   1.00000250    
   1.00000274    
   1.00000262    
   1.00000262    
   1.00000298    
   1.00000322    
   1.00000298    
   1.00000274    
   1.00000322    
   1.00000310    
   1.00000346    
   1.00000322    
   1.00000346    
   1.00000346    
   1.00000358    
   1.00000274    
   1.00000334    
   1.00000358    
   1.00000370    
   1.00000346    
   1.00000370    
   1.00000346    
   1.00000322    
   1.00000346    
   1.00000322    
   1.00000274    
   1.00000286    
   1.00000322    
   1.00000286    
   1.00000298    
   1.00000274    
   1.00000191    
   1.00000203    
   1.00000226    
   1.00000155    
   1.00000143    
   1.00000095    
   1.00000155    
   1.00000095    
   1.00000024    
   1.00000000    
