   0.00000000       0.00000000       0.00000000    
   7.88040852E-05   0.00000000       0.00000000    
   3.15213605E-04   0.00000000       0.00000000    
   7.09222164E-04   0.00000000       0.00000000    
   1.26082450E-03   0.00000000       0.00000000    
   1.97001570E-03   0.00000000       0.00000000    
   2.83678854E-03   0.00000000       0.00000000    
   3.86113883E-03   0.00000000       0.00000000    
   5.04305959E-03   0.00000000       0.00000000    
   6.38254732E-03   0.00000000       0.00000000    
   7.87959248E-03   0.00000000       0.00000000    
   9.53419041E-03   0.00000000       0.00000000    
   1.13463337E-02   0.00000000       0.00000000    
   1.33160157E-02   0.00000000       0.00000000    
   1.54432328E-02   0.00000000       0.00000000    
   1.77279748E-02   0.00000000       0.00000000    
   2.01702323E-02   0.00000000       0.00000000    
   2.27700043E-02   0.00000000       0.00000000    
   2.55272780E-02   0.00000000       0.00000000    
   2.84420475E-02   0.00000000       0.00000000    
   3.15143056E-02   0.00000000       0.00000000    
   3.47440392E-02   0.00000000       0.00000000    
   3.81312482E-02   0.00000000       0.00000000    
   4.16759178E-02   0.00000000       0.00000000    
   4.53780442E-02   0.00000000       0.00000000    
   4.92376164E-02   0.00000000       0.00000000    
   5.32546230E-02   0.00000000       0.00000000    
   5.74290641E-02   0.00000000       0.00000000    
   6.17609173E-02   0.00000000       0.00000000    
   6.62501827E-02   0.00000000       0.00000000    
   7.08968490E-02   0.00000000       0.00000000    
   7.57008940E-02   0.00000000       0.00000000    
   8.06623250E-02   0.00000000       0.00000000    
   8.57811123E-02   0.00000000       0.00000000    
   9.10572559E-02   0.00000000       0.00000000    
   9.64907408E-02   0.00000000       0.00000000    
  0.102081560       0.00000000       0.00000000    
  0.107829697       0.00000000       0.00000000    
  0.113735124       0.00000000       0.00000000    
  0.119797848       0.00000000       0.00000000    
  0.126017869       0.00000000       0.00000000    
  0.132395133       0.00000000       0.00000000    
  0.138929635       0.00000000       0.00000000    
  0.145621404       0.00000000       0.00000000    
  0.152470380       0.00000000       0.00000000    
  0.159476578       0.00000000       0.00000000    
  0.166639924       0.00000000       0.00000000    
  0.173960432       0.00000000       0.00000000    
  0.181438088       0.00000000       0.00000000    
  0.189072922       0.00000000       0.00000000    
  0.196864843       0.00000000       0.00000000    
  0.204813853       0.00000000       0.00000000    
  0.212919936       0.00000000       0.00000000    
  0.221183077       0.00000000       0.00000000    
  0.229603246       0.00000000       0.00000000    
  0.238180429       0.00000000       0.00000000    
  0.246914580       0.00000000       0.00000000    
  0.255805701       0.00000000       0.00000000    
  0.264853686       0.00000000       0.00000000    
  0.274058640       0.00000000       0.00000000    
  0.283420414       0.00000000       0.00000000    
  0.292939007       0.00000000       0.00000000    
  0.302614421       0.00000000       0.00000000    
  0.312446624       0.00000000       0.00000000    
  0.322435528       0.00000000       0.00000000    
  0.332581103       0.00000000       0.00000000    
  0.342883348       0.00000000       0.00000000    
  0.353342205       0.00000000       0.00000000    
  0.363957584       0.00000000       0.00000000    
  0.374729484       0.00000000       0.00000000    
  0.385657817       0.00000000       0.00000000    
  0.396742612       0.00000000       0.00000000    
  0.407983661       0.00000000       0.00000000    
  0.419381022       0.00000000       0.00000000    
  0.430934548       0.00000000       0.00000000    
  0.442644149       0.00000000       0.00000000    
  0.454509884       0.00000000       0.00000000    
  0.466531485       0.00000000       0.00000000    
  0.478709072       0.00000000       0.00000000    
  0.491042316       0.00000000       0.00000000    
  0.503531158       0.00000000       0.00000000    
  0.516175628       0.00000000       0.00000000    
  0.528975427       0.00000000       0.00000000    
  0.541930437       0.00000000       0.00000000    
  0.555040538       0.00000000       0.00000000    
  0.568305492       0.00000000       0.00000000    
  0.581725121       0.00000000       0.00000000    
  0.595299125       0.00000000       0.00000000    
  0.609027267       0.00000000       0.00000000    
  0.622909188       0.00000000       0.00000000    
  0.636944413       0.00000000       0.00000000    
  0.651132703       0.00000000       0.00000000    
  0.665473163       0.00000000       0.00000000    
  0.679965496       0.00000000       0.00000000    
  0.694608271       0.00000000       0.00000000    
  0.709400892       0.00000000       0.00000000    
  0.724340856       0.00000000       0.00000000    
  0.739426553       0.00000000       0.00000000    
  0.754649043       0.00000000       0.00000000    
  0.770006895       0.00000000       0.00000000    
  0.785461545       0.00000000       0.00000000    
  0.800897181       0.00000000       0.00000000    
  0.816222668       0.00000000       0.00000000    
  0.831413686       0.00000000       0.00000000    
  0.846463501       0.00000000       0.00000000    
  0.861367524       0.00000000       0.00000000    
  0.876123011       0.00000000       0.00000000    
  0.890728712       0.00000000       0.00000000    
  0.905183136       0.00000000       0.00000000    
  0.919485807       0.00000000       0.00000000    
  0.933635890       0.00000000       0.00000000    
  0.947632790       0.00000000       0.00000000    
  0.961476266       0.00000000       0.00000000    
  0.975165904       0.00000000       0.00000000    
  0.988701344       0.00000000       0.00000000    
   1.00208223       0.00000000       0.00000000    
   1.01530838       0.00000000       0.00000000    
   1.02837968       0.00000000       0.00000000    
   1.04129589       0.00000000       0.00000000    
   1.05405688       0.00000000       0.00000000    
   1.06666243       0.00000000       0.00000000    
   1.07911241       0.00000000       0.00000000    
   1.09140658       0.00000000       0.00000000    
   1.10354507       0.00000000       0.00000000    
   1.11552775       0.00000000       0.00000000    
   1.12735426       0.00000000       0.00000000    
   1.13902485       0.00000000       0.00000000    
   1.15053916       0.00000000       0.00000000    
   1.16189742       0.00000000       0.00000000    
   1.17309928       0.00000000       0.00000000    
   1.18414485       0.00000000       0.00000000    
   1.19503391       0.00000000       0.00000000    
   1.20576656       0.00000000       0.00000000    
   1.21634269       0.00000000       0.00000000    
   1.22676229       0.00000000       0.00000000    
   1.23702514       0.00000000       0.00000000    
   1.24713159       0.00000000       0.00000000    
   1.25708103       0.00000000       0.00000000    
   1.26687396       0.00000000       0.00000000    
   1.27651000       0.00000000       0.00000000    
   1.28598917       0.00000000       0.00000000    
   1.29531169       0.00000000       0.00000000    
   1.30447721       0.00000000       0.00000000    
   1.31348586       0.00000000       0.00000000    
   1.32233751       0.00000000       0.00000000    
   1.33103228       0.00000000       0.00000000    
   1.33957016       0.00000000       0.00000000    
   1.34795094       0.00000000       0.00000000    
   1.35617459       0.00000000       0.00000000    
   1.36424148       0.00000000       0.00000000    
   1.37215102       0.00000000       0.00000000    
   1.37990355       0.00000000       0.00000000    
   1.38749897       0.00000000       0.00000000    
   1.39493728       0.00000000       0.00000000    
   1.40221834       0.00000000       0.00000000    
   1.40934217       0.00000000       0.00000000    
   1.41630900       0.00000000       0.00000000    
   1.42311859       0.00000000       0.00000000    
   1.42977083       0.00000000       0.00000000    
   1.43626595       0.00000000       0.00000000    
   1.44260371       0.00000000       0.00000000    
   1.44878435       0.00000000       0.00000000    
   1.45480752       0.00000000       0.00000000    
   1.46067357       0.00000000       0.00000000    
   1.46638215       0.00000000       0.00000000    
   1.47193360       0.00000000       0.00000000    
   1.47732759       0.00000000       0.00000000    
   1.48256433       0.00000000       0.00000000    
   1.48764372       0.00000000       0.00000000    
   1.49256563       0.00000000       0.00000000    
   1.49733019       0.00000000       0.00000000    
   1.50193739       0.00000000       0.00000000    
   1.50638711       0.00000000       0.00000000    
   1.51067960       0.00000000       0.00000000    
   1.51481438       0.00000000       0.00000000    
   1.51879179       0.00000000       0.00000000    
   1.52261198       0.00000000       0.00000000    
   1.52627468       0.00000000       0.00000000    
   1.52977967       0.00000000       0.00000000    
   1.53312743       0.00000000       0.00000000    
   1.53631771       0.00000000       0.00000000    
   1.53935051       0.00000000       0.00000000    
   1.54222572       0.00000000       0.00000000    
   1.54494357       0.00000000       0.00000000    
   1.54750383       0.00000000       0.00000000    
   1.54990661       0.00000000       0.00000000    
   1.55215192       0.00000000       0.00000000    
   1.55423951       0.00000000       0.00000000    
   1.55616975       0.00000000       0.00000000    
   1.55794239       0.00000000       0.00000000    
   1.55955756       0.00000000       0.00000000    
   1.56101513       0.00000000       0.00000000    
   1.56231511       0.00000000       0.00000000    
   1.56345749       0.00000000       0.00000000    
   1.56444240       0.00000000       0.00000000    
   1.56526947       0.00000000       0.00000000    
   1.56593907       0.00000000       0.00000000    
   1.56645119       0.00000000       0.00000000    
   1.56680560       0.00000000       0.00000000    
   1.56700253       0.00000000       0.00000000    
   1.56704164       0.00000000       0.00000000    
