   0.00000000       0.00000000       0.00000000       1.00000000    
   5.88085316E-03   2.90723518E-03   1.53135194E-03  0.999977291    
   1.17423777E-02   5.73674869E-03   3.17404256E-03  0.999909520    
   1.75844952E-02   8.48616473E-03   4.91910521E-03  0.999797225    
   2.34070811E-02   1.11534502E-02   6.75797369E-03  0.999640942    
   2.92099640E-02   1.37370601E-02   8.68251175E-03  0.999441147    
   3.49930674E-02   1.62358228E-02   1.06871594E-02  0.999198496    
   4.07560319E-02   1.86489336E-02   1.27622932E-02  0.998913527    
   4.64985892E-02   2.09753998E-02   1.49007794E-02  0.998586893    
   5.22204638E-02   2.32140832E-02   1.70958377E-02  0.998219311    
   5.79214953E-02   2.53640357E-02   1.93428099E-02  0.997811377    
   6.36014044E-02   2.74244323E-02   2.16356087E-02  0.997363806    
   6.92598373E-02   2.93946359E-02   2.39670984E-02  0.996877372    
   7.48965442E-02   3.12743895E-02   2.63320878E-02  0.996352792    
   8.05112720E-02   3.30638252E-02   2.87256856E-02  0.995790839    
   8.61037672E-02   3.47633697E-02   3.11432648E-02  0.995192230    
   9.16737765E-02   3.63736600E-02   3.35804448E-02  0.994557738    
   9.72210318E-02   3.78955044E-02   3.60330753E-02  0.993888080    
  0.102745280       3.93298492E-02   3.84972133E-02  0.993183970    
  0.108246326       4.06773351E-02   4.09699976E-02  0.992446184    
  0.113723874       4.19393145E-02   4.34474126E-02  0.991675436    
  0.119177699       4.31168005E-02   4.59264554E-02  0.990872443    
  0.124607503       4.42113057E-02   4.84035276E-02  0.990037978    
  0.130013004       4.52244170E-02   5.08752353E-02  0.989172816    
  0.135393977       4.61573265E-02   5.33390455E-02  0.988277614    
  0.140750155       4.70117219E-02   5.57919368E-02  0.987353146    
  0.146081313       4.77888770E-02   5.82316406E-02  0.986400127    
  0.151387200       4.84905429E-02   6.06554598E-02  0.985419273    
  0.156667605       4.91180532E-02   6.30613640E-02  0.984411299    
  0.161922291       4.96731997E-02   6.54469803E-02  0.983376861    
  0.167151064       5.01573496E-02   6.78105056E-02  0.982316732    
  0.172353700       5.05723245E-02   7.01498389E-02  0.981231511    
  0.177530020       5.09195179E-02   7.24633783E-02  0.980121911    
  0.182679817       5.12007549E-02   7.47492909E-02  0.978988647    
  0.187802941       5.14172353E-02   7.70063028E-02  0.977832317    
  0.192899182       5.15709780E-02   7.92326778E-02  0.976653576    
  0.197968423       5.16631864E-02   8.14272910E-02  0.975453079    
  0.203010514       5.16954586E-02   8.35888535E-02  0.974231422    
  0.208025292       5.16695902E-02   8.57160836E-02  0.972989261    
  0.213012591       5.15873469E-02   8.78078043E-02  0.971727192    
  0.217972323       5.14499247E-02   8.98631588E-02  0.970445871    
  0.222904384       5.12588806E-02   9.18812007E-02  0.969145834    
  0.227808639       5.10159321E-02   9.38610062E-02  0.967827618    
  0.232684985       5.07227704E-02   9.58017409E-02  0.966491878    
  0.237533331       5.03808968E-02   9.77027044E-02  0.965139091    
  0.242353603       4.99917865E-02   9.95632485E-02  0.963769853    
  0.247145757       4.95567359E-02  0.101382822      0.962384641    
  0.251909703       4.90773395E-02  0.103160873      0.960984051    
  0.256645411       4.85550165E-02  0.104896948      0.959568560    
  0.261352837       4.79911566E-02  0.106590636      0.958138645    
  0.266031951       4.73868363E-02  0.108241580      0.956694782    
  0.270682752       4.67435531E-02  0.109849453      0.955237508    
  0.275305182       4.60627675E-02  0.111414008      0.953767240    
  0.279899269       4.53457721E-02  0.112935022      0.952284396    
  0.284465015       4.45935838E-02  0.114412278      0.950789452    
  0.289002419       4.38075885E-02  0.115845658      0.949282885    
  0.293511480       4.29891311E-02  0.117235057      0.947765052    
  0.297992259       4.21394072E-02  0.118580438      0.946236372    
  0.302444786       4.12593670E-02  0.119881704      0.944697261    
  0.306869090       4.03502770E-02  0.121138871      0.943148077    
  0.311265200       3.94133702E-02  0.122352012      0.941589236    
  0.315633178       3.84497456E-02  0.123521179      0.940021038    
  0.319973111       3.74604762E-02  0.124646463      0.938443899    
  0.324285030       3.64465192E-02  0.125727937      0.936858118    
  0.328569025       3.54089998E-02  0.126765758      0.935264051    
  0.332825154       3.43489200E-02  0.127760082      0.933661997    
  0.337053508       3.32672596E-02  0.128711104      0.932052314    
  0.341254175       3.21648121E-02  0.129618913      0.930435300    
  0.345427215       3.10426801E-02  0.130483806      0.928811193    
  0.349572778       2.99017634E-02  0.131306052      0.927180350    
  0.353690922       2.87429579E-02  0.132085875      0.925543010    
  0.357781738       2.75669899E-02  0.132823423      0.923899472    
  0.361845344       2.63747051E-02  0.133518979      0.922249973    
  0.365881860       2.51669362E-02  0.134172827      0.920594811    
  0.369891375       2.39445549E-02  0.134785324      0.918934166    
  0.373874038       2.27084011E-02  0.135356829      0.917268276    
  0.377829969       2.14592405E-02  0.135887682      0.915597379    
  0.381759256       2.01978087E-02  0.136378214      0.913921714    
  0.385662049       1.89248286E-02  0.136828765      0.912241459    
  0.389538467       1.76409036E-02  0.137239560      0.910556912    
  0.393388629       1.63467154E-02  0.137610942      0.908868194    
  0.397212654       1.50429383E-02  0.137943298      0.907175541    
  0.401010692       1.37302233E-02  0.138236970      0.905479133    
  0.404782861       1.24092419E-02  0.138492405      0.903779149    
  0.408529311       1.10806525E-02  0.138710037      0.902075708    
  0.412250191       9.74504463E-03  0.138890252      0.900368989    
  0.415945649       8.40299949E-03  0.139033437      0.898659170    
  0.419615805       7.05507724E-03  0.139139980      0.896946430    
  0.423260808       5.70182502E-03  0.139210269      0.895230889    
  0.426880807       4.34377091E-03  0.139244691      0.893512666    
  0.430475891       2.98136892E-03  0.139243528      0.891791940    
  0.434046239       1.61515269E-03  0.139207244      0.890068889    
  0.437592000       2.45635747E-04  0.139136285      0.888343573    
  0.441113323      -1.12671510E-03  0.139031067      0.886616111    
  0.444610357      -2.50144256E-03  0.138891980      0.884886682    
  0.448083222      -3.87809239E-03  0.138719410      0.883155346    
  0.451532096      -5.25624212E-03  0.138513759      0.881422222    
  0.454957098      -6.63547404E-03  0.138275445      0.879687428    
  0.458358377      -8.01537931E-03  0.138004839      0.877951086    
  0.461736053      -9.39560402E-03  0.137702242      0.876213312    
  0.465090275      -1.07757496E-02  0.137368113      0.874474168    
  0.468421221      -1.21554229E-02  0.137002885      0.872733712    
  0.471729010      -1.35342684E-02  0.136606961      0.870992064    
  0.475013793      -1.49119403E-02  0.136180729      0.869249344    
  0.478275716      -1.62881017E-02  0.135724589      0.867505610    
  0.481514931      -1.76624246E-02  0.135238916      0.865760922    
  0.484731585      -1.90345924E-02  0.134724095      0.864015341    
  0.487925768      -2.04043202E-02  0.134180412      0.862268984    
  0.491097659      -2.17713006E-02  0.133608282      0.860521913    
  0.494247407      -2.31352355E-02  0.133008152      0.858774185    
  0.497375131      -2.44958457E-02  0.132380396      0.857025862    
  0.500481009      -2.58528627E-02  0.131725386      0.855277002    
  0.503565133      -2.72060279E-02  0.131043479      0.853527665    
  0.506627679      -2.85550859E-02  0.130335048      0.851777911    
  0.509668767      -2.98997946E-02  0.129600450      0.850027800    
  0.512688518      -3.12399268E-02  0.128839970      0.848277450    
  0.515687108      -3.25752534E-02  0.128053948      0.846526861    
  0.518664598      -3.39055434E-02  0.127242789      0.844776034    
  0.521621227      -3.52305844E-02  0.126406893      0.843025029    
  0.524557054      -3.65501642E-02  0.125546589      0.841273904    
  0.527472258      -3.78640853E-02  0.124662235      0.839522719    
  0.530366957      -3.91721576E-02  0.123754174      0.837771475    
  0.533241272      -4.04741913E-02  0.122822739      0.836020231    
  0.536095321      -4.17700112E-02  0.121868260      0.834269047    
  0.538929284      -4.30594385E-02  0.120890982      0.832517982    
  0.541743219      -4.43423018E-02  0.119891278      0.830767035    
  0.544537306      -4.56184410E-02  0.118869506      0.829016209    
  0.547311664      -4.68877032E-02  0.117825992      0.827265561    
  0.550066411      -4.81499359E-02  0.116761044      0.825515091    
  0.552801669      -4.94049899E-02  0.115674980      0.823764861    
  0.555517614      -5.06527200E-02  0.114568099      0.822014868    
  0.558214307      -5.18929958E-02  0.113440707      0.820265174    
  0.560891867      -5.31256795E-02  0.112293050      0.818515778    
  0.563550413      -5.43506481E-02  0.111125417      0.816766739    
  0.566190064      -5.55677786E-02  0.109938137      0.815018058    
  0.568810999      -5.67769557E-02  0.108731531      0.813269734    
  0.571413279      -5.79780638E-02  0.107505850      0.811521828    
  0.573997080      -5.91709986E-02  0.106261417      0.809774339    
  0.576562464      -6.03556558E-02  0.104998514      0.808027267    
  0.579109609      -6.15319312E-02  0.103717417      0.806280613    
  0.581638575      -6.26997277E-02  0.102418408      0.804534435    
  0.584149480      -6.38589561E-02  0.101101711      0.802788734    
  0.586642444      -6.50095195E-02   9.97676328E-02  0.801043510    
  0.589117587      -6.61513358E-02   9.84164029E-02  0.799298823    
  0.591575027      -6.72843233E-02   9.70483124E-02  0.797554612    
  0.594014823      -6.84083998E-02   9.56635922E-02  0.795810938    
  0.596437156      -6.95234910E-02   9.42625180E-02  0.794067800    
  0.598842084      -7.06295297E-02   9.28453431E-02  0.792325258    
  0.601229727      -7.17264339E-02   9.14123133E-02  0.790583253    
  0.603600204      -7.28141442E-02   8.99636745E-02  0.788841784    
  0.605953574      -7.38925934E-02   8.84996429E-02  0.787100911    
  0.608290017      -7.49617219E-02   8.70204791E-02  0.785360634    
  0.610609591      -7.60214627E-02   8.55263919E-02  0.783620954    
  0.612912416      -7.70717636E-02   8.40176418E-02  0.781881869    
  0.615198553      -7.81125724E-02   8.24944302E-02  0.780143440    
  0.617468119      -7.91438371E-02   8.09570104E-02  0.778405607    
  0.619721234      -8.01655129E-02   7.94055983E-02  0.776668370    
  0.621958017      -8.11775476E-02   7.78403953E-02  0.774931788    
  0.624178529      -8.21798965E-02   7.62616396E-02  0.773195803    
  0.626382828      -8.31725150E-02   7.46695176E-02  0.771460474    
  0.628571093      -8.41553733E-02   7.30642676E-02  0.769725800    
  0.630743384      -8.51284191E-02   7.14460760E-02  0.767991781    
  0.632899761      -8.60916302E-02   6.98151737E-02  0.766258419    
  0.635040343      -8.70449692E-02   6.81717396E-02  0.764525712    
  0.637165248      -8.79883990E-02   6.65159896E-02  0.762793601    
  0.639274538      -8.89218897E-02   6.48481250E-02  0.761062145    
  0.641368330      -8.98454115E-02   6.31683245E-02  0.759331346    
  0.643446684      -9.07589421E-02   6.14768006E-02  0.757601202    
  0.645509720      -9.16624442E-02   5.97737208E-02  0.755871773    
  0.647557497      -9.25559103E-02   5.80592901E-02  0.754143000    
  0.649590135      -9.34393108E-02   5.63336797E-02  0.752414882    
  0.651607692      -9.43126231E-02   5.45970872E-02  0.750687420    
  0.653610229      -9.51758325E-02   5.28496951E-02  0.748960614    
  0.655597866      -9.60289240E-02   5.10916784E-02  0.747234464    
  0.657570720      -9.68718752E-02   4.93232124E-02  0.745508969    
  0.659528852      -9.77046713E-02   4.75444645E-02  0.743784130    
  0.661472321      -9.85272974E-02   4.57556136E-02  0.742059946    
  0.663401186      -9.93397459E-02   4.39568274E-02  0.740336418    
  0.665315568     -0.100142010       4.21482697E-02  0.738613546    
  0.667215526     -0.100934058       4.03300896E-02  0.736891389    
  0.669101179     -0.101715900       3.85024622E-02  0.735169888    
  0.670972586     -0.102487519       3.66655476E-02  0.733449042    
  0.672829807     -0.103248917       3.48195061E-02  0.731728852    
  0.674672902     -0.104000084       3.29644941E-02  0.730009317    
  0.676501989     -0.104741015       3.11006624E-02  0.728290379    
  0.678317130     -0.105471700       2.92281602E-02  0.726572096    
  0.680118382     -0.106192142       2.73471400E-02  0.724854469    
  0.681905866     -0.106902339       2.54577510E-02  0.723137498    
  0.683679581     -0.107602283       2.35601217E-02  0.721421182    
  0.685439646     -0.108291984       2.16544122E-02  0.719705522    
  0.687186122     -0.108971432       1.97407622E-02  0.717990518    
  0.688919127     -0.109640636       1.78193133E-02  0.716276109    
  0.690638661     -0.110299595       1.58902016E-02  0.714562356    
  0.692344844     -0.110948317       1.39535638E-02  0.712849259    
  0.694037676     -0.111586802       1.20095368E-02  0.711136758    
  0.695717275     -0.112215057       1.00582540E-02  0.709424913    
  0.697383702     -0.112833083       8.09984375E-03  0.707713664    
  0.699037015     -0.113440879       6.13442622E-03  0.706003070    
  0.700677276     -0.114038460       4.16214019E-03  0.704293072    
  0.702304602     -0.114625834       2.18311255E-03  0.702583730    
  0.703918993     -0.115203008       1.97468325E-04  0.700874984    
  0.705520570     -0.115769990      -1.79466954E-03  0.699166894    
  0.707109332     -0.116326794      -3.79318092E-03  0.697459400    
  0.708685398     -0.116873421      -5.79794776E-03  0.695752501    
  0.710248768     -0.117409877      -7.80885760E-03  0.694046259    
  0.711799562     -0.117936186      -9.82578471E-03  0.692340612    
  0.713337779     -0.118452348      -1.18486136E-02  0.690635562    
  0.714863539     -0.118958384      -1.38772307E-02  0.688931108    
  0.716376841     -0.119454302      -1.59115195E-02  0.687227249    
  0.717877805     -0.119940117      -1.79513693E-02  0.685523987    
  0.719366431     -0.120415837      -1.99966729E-02  0.683821380    
  0.720842838     -0.120881483      -2.20473222E-02  0.682119370    
  0.722307026     -0.121337056      -2.41032075E-02  0.680417955    
  0.723759055     -0.121782579      -2.61642318E-02  0.678717136    
  0.725199044     -0.122218065      -2.82302815E-02  0.677016914    
  0.726626992     -0.122643530      -3.03012542E-02  0.675317287    
  0.728042960     -0.123058997      -3.23770456E-02  0.673618197    
  0.729447007     -0.123464473      -3.44575569E-02  0.671919703    
  0.730839133     -0.123859972      -3.65426876E-02  0.670221806    
  0.732219458     -0.124245517      -3.86323407E-02  0.668524504    
  0.733588040     -0.124621123      -4.07264158E-02  0.666827798    
  0.734944880     -0.124986805      -4.28248197E-02  0.665131688    
  0.736290038     -0.125342578      -4.49274592E-02  0.663436174    
  0.737623572     -0.125688463      -4.70342375E-02  0.661741197    
  0.738945544     -0.126024485      -4.91450615E-02  0.660046816    
  0.740256011     -0.126350656      -5.12598380E-02  0.658353031    
  0.741554976     -0.126666993      -5.33784777E-02  0.656659842    
  0.742842555     -0.126973525      -5.55008873E-02  0.654967248    
  0.744118750     -0.127270266      -5.76269776E-02  0.653275192    
  0.745383561     -0.127557233      -5.97566739E-02  0.651583731    
  0.746637106     -0.127834454      -6.18898757E-02  0.649892867    
  0.747879386     -0.128101930      -6.40265048E-02  0.648202598    
  0.749110460     -0.128359705      -6.61664754E-02  0.646512926    
  0.750330389     -0.128607780      -6.83096945E-02  0.644823849    
  0.751539230     -0.128846183      -7.04560876E-02  0.643135369    
  0.752736986     -0.129074946      -7.26055726E-02  0.641447425    
  0.753923714     -0.129294083      -7.47580603E-02  0.639760077    
  0.755099475     -0.129503608      -7.69134760E-02  0.638073325    
  0.756264269     -0.129703552      -7.90717453E-02  0.636387169    
  0.757418156     -0.129893929      -8.12327862E-02  0.634701610    
  0.758561194     -0.130074769      -8.33965167E-02  0.633016646    
  0.759693384     -0.130246088      -8.55628699E-02  0.631332278    
  0.760814786     -0.130407915      -8.77317563E-02  0.629648566    
  0.761925459     -0.130560279      -8.99031088E-02  0.627965450    
  0.763025403     -0.130703181      -9.20768529E-02  0.626282930    
  0.764114678     -0.130836651      -9.42529142E-02  0.624601007    
  0.765193343     -0.130960718      -9.64312181E-02  0.622919738    
  0.766261399     -0.131075412      -9.86116976E-02  0.621239066    
  0.767318904     -0.131180748     -0.100794278      0.619559050    
  0.768365860     -0.131276742     -0.102978885      0.617879629    
  0.769402325     -0.131363437     -0.105165452      0.616200864    
  0.770428360     -0.131440848     -0.107353911      0.614522696    
  0.771443963     -0.131508991     -0.109544188      0.612845182    
  0.772449195     -0.131567895     -0.111736223      0.611168325    
  0.773444057     -0.131617576     -0.113929942      0.609492123    
  0.774428606     -0.131658062     -0.116125286      0.607816577    
  0.775402844     -0.131689385     -0.118322194      0.606141686    
  0.776366830     -0.131711558     -0.120520584      0.604467511    
  0.777320623     -0.131724626     -0.122720405      0.602793992    
  0.778264165     -0.131728590     -0.124921590      0.601121128    
  0.779197574     -0.131723493     -0.127124071      0.599448979    
  0.780120850     -0.131709352     -0.129327789      0.597777545    
  0.781033993     -0.131686181     -0.131532684      0.596106827    
  0.781937063     -0.131654009     -0.133738697      0.594436824    
  0.782830119     -0.131612867     -0.135945752      0.592767537    
  0.783713162     -0.131562784     -0.138153806      0.591098964    
  0.784586191     -0.131503776     -0.140362784      0.589431167    
  0.785449266     -0.131435871     -0.142572641      0.587764084    
  0.786302388     -0.131359085     -0.144783318      0.586097777    
  0.787145615     -0.131273448     -0.146994740      0.584432244    
  0.787979007     -0.131178990     -0.149206862      0.582767487    
  0.788802505     -0.131075725     -0.151419640      0.581103504    
  0.789616168     -0.130963683     -0.153633013      0.579440355    
  0.790420055     -0.130842879     -0.155846909      0.577778041    
  0.791214168     -0.130713344     -0.158061296      0.576116502    
  0.791998506     -0.130575106     -0.160276100      0.574455798    
  0.792773128     -0.130428195     -0.162491262      0.572795987    
  0.793538034     -0.130272627     -0.164706752      0.571137011    
  0.794293284     -0.130108416     -0.166922510      0.569478929    
  0.795038879     -0.129935592     -0.169138476      0.567821741    
  0.795774817     -0.129754186     -0.171354592      0.566165447    
  0.796501160     -0.129564211     -0.173570812      0.564510047    
  0.797217906     -0.129365698     -0.175787091      0.562855601    
  0.797925115     -0.129158661     -0.178003386      0.561202109    
  0.798622727     -0.128943130     -0.180219620      0.559549570    
  0.799310863     -0.128719121     -0.182435766      0.557897985    
  0.799989462     -0.128486663     -0.184651777      0.556247413    
  0.800658584     -0.128245786     -0.186867580      0.554597855    
  0.801318228     -0.127996504     -0.189083144      0.552949309    
  0.801968455     -0.127738833     -0.191298425      0.551301777    
  0.802609265     -0.127472803     -0.193513379      0.549655318    
  0.803240657     -0.127198428     -0.195727944      0.548009932    
  0.803862691     -0.126915723     -0.197942078      0.546365678    
  0.804475367     -0.126624718     -0.200155735      0.544722497    
  0.805078685     -0.126325443     -0.202368870      0.543080449    
  0.805672705     -0.126017913     -0.204581439      0.541439533    
  0.806257367     -0.125702143     -0.206793413      0.539799809    
  0.806832790     -0.125378147     -0.209004730      0.538161278    
  0.807398915     -0.125045940     -0.211215347      0.536523938    
  0.807955801     -0.124705553     -0.213425234      0.534887850    
  0.808503449     -0.124357000     -0.215634331      0.533253014    
  0.809041858     -0.124000296     -0.217842609      0.531619430    
  0.809571087     -0.123635456     -0.220050022      0.529987156    
  0.810091138     -0.123262495     -0.222256541      0.528356194    
  0.810602009     -0.122881435     -0.224462107      0.526726544    
  0.811103702     -0.122492284     -0.226666689      0.525098264    
  0.811596274     -0.122095056     -0.228870258      0.523471355    
  0.812079728     -0.121689767     -0.231072769      0.521845818    
  0.812554061     -0.121276431     -0.233274177      0.520221710    
  0.813019335     -0.120855056     -0.235474452      0.518599033    
  0.813475490     -0.120425656     -0.237673566      0.516977847    
  0.813922584     -0.119988240     -0.239871472      0.515358150    
  0.814360678     -0.119542822     -0.242068127      0.513739944    
  0.814789712     -0.119089410     -0.244263515      0.512123287    
  0.815209746     -0.118628003     -0.246457592      0.510508239    
  0.815620780     -0.118158616     -0.248650327      0.508894742    
  0.816022813     -0.117681257     -0.250841677      0.507282853    
  0.816415846     -0.117195927     -0.253031611      0.505672634    
  0.816799939     -0.116702624     -0.255220115      0.504064083    
  0.817175090     -0.116201364     -0.257407159      0.502457201    
  0.817541301     -0.115692139     -0.259592712      0.500852048    
  0.817898571     -0.115174949     -0.261776716      0.499248624    
  0.818246961     -0.114649802     -0.263959169      0.497646958    
  0.818586409     -0.114116691     -0.266140044      0.496047080    
  0.818916976     -0.113575608     -0.268319309      0.494449019    
  0.819238663     -0.113026559     -0.270496935      0.492852807    
  0.819551528     -0.112469539     -0.272672921      0.491258472    
  0.819855511     -0.111904532     -0.274847209      0.489666015    
  0.820150673     -0.111331530     -0.277019799      0.488075495    
  0.820437014     -0.110750526     -0.279190660      0.486486912    
  0.820714533     -0.110161506     -0.281359792      0.484900296    
  0.820983231     -0.109564461     -0.283527166      0.483315676    
  0.821243107     -0.108959384     -0.285692751      0.481733084    
  0.821494222     -0.108346246     -0.287856549      0.480152518    
  0.821736574     -0.107725032     -0.290018529      0.478574038    
  0.821970165     -0.107095726     -0.292178661      0.476997644    
  0.822194993     -0.106458299     -0.294336975      0.475423366    
  0.822411060     -0.105812728     -0.296493411      0.473851234    
  0.822618365     -0.105159000     -0.298648000      0.472281247    
  0.822816968     -0.104497083     -0.300800711      0.470713437    
  0.823006809     -0.103826940     -0.302951545      0.469147861    
  0.823187947     -0.103148535     -0.305100501      0.467584521    
  0.823360384     -0.102461852     -0.307247549      0.466023415    
  0.823524117     -0.101766847     -0.309392691      0.464464575    
  0.823679149     -0.101063468     -0.311535954      0.462908030    
  0.823825479     -0.100351684     -0.313677311      0.461353809    
  0.823963106      -9.96314436E-02 -0.315816790      0.459801912    
  0.824092031      -9.89027172E-02 -0.317954361      0.458252370    
  0.824212253      -9.81654525E-02 -0.320090055      0.456705213    
  0.824323833      -9.74195898E-02 -0.322223872      0.455160439    
  0.824426711      -9.66651067E-02 -0.324355811      0.453618050    
  0.824520946      -9.59019363E-02 -0.326485902      0.452078074    
  0.824606478      -9.51300114E-02 -0.328614146      0.450540543    
  0.824683309      -9.43492725E-02 -0.330740571      0.449005455    
  0.824751496      -9.35596675E-02 -0.332865179      0.447472811    
  0.824810982      -9.27611217E-02 -0.334988028      0.445942640    
  0.824861765      -9.19535682E-02 -0.337109089      0.444414943    
  0.824903846      -9.11369696E-02 -0.339228421      0.442889750    
  0.824937224      -9.03112367E-02 -0.341346025      0.441367030    
  0.824961901      -8.94762874E-02 -0.343461961      0.439846814    
  0.824977875      -8.86320397E-02 -0.345576227      0.438329101    
  0.824985147      -8.77784342E-02 -0.347688884      0.436813891    
  0.824983656      -8.69153738E-02 -0.349799961      0.435301214    
  0.824973404      -8.60427693E-02 -0.351909518      0.433791041    
  0.824954391      -8.51605386E-02 -0.354017556      0.432283372    
  0.824926615      -8.42686072E-02 -0.356124163      0.430778235    
  0.824890018      -8.33668709E-02 -0.358229369      0.429275602    
  0.824844599      -8.24552327E-02 -0.360333234      0.427775443    
  0.824790359      -8.15336183E-02 -0.362435788      0.426277786    
  0.824727237      -8.06019157E-02 -0.364537120      0.424782634    
  0.824655235      -7.96600208E-02 -0.366637290      0.423289955    
  0.824574351      -7.87078366E-02 -0.368736356      0.421799719    
  0.824484527      -7.77452737E-02 -0.370834351      0.420311958    
  0.824385703      -7.67722130E-02 -0.372931391      0.418826640    
  0.824277878      -7.57885501E-02 -0.375027537      0.417343736    
  0.824160993      -7.47942105E-02 -0.377122849      0.415863246    
  0.824034989      -7.37890750E-02 -0.379217416      0.414385140    
  0.823899865      -7.27730095E-02 -0.381311327      0.412909389    
  0.823755562      -7.17459023E-02 -0.383404702      0.411435992    
  0.823602021      -7.07076639E-02 -0.385497570      0.409964889    
  0.823439181      -6.96581602E-02 -0.387590080      0.408496082    
  0.823266983      -6.85972869E-02 -0.389682323      0.407029539    
  0.823085368      -6.75249696E-02 -0.391774356      0.405565232    
  0.822894275      -6.64410740E-02 -0.393866301      0.404103160    
  0.822693646      -6.53454736E-02 -0.395958304      0.402643263    
  0.822483420      -6.42380565E-02 -0.398050487      0.401185483    
  0.822263479      -6.31187409E-02 -0.400142908      0.399729818    
  0.822033763      -6.19873963E-02 -0.402235746      0.398276240    
  0.821794152      -6.08439222E-02 -0.404329121      0.396824688    
  0.821544588      -5.96882142E-02 -0.406423151      0.395375162    
  0.821285009      -5.85201979E-02 -0.408517927      0.393927604    
  0.821015239      -5.73397577E-02 -0.410613626      0.392481983    
  0.820735216      -5.61468042E-02 -0.412710369      0.391038239    
  0.820444822      -5.49412854E-02 -0.414808244      0.389596373    
  0.820143998      -5.37231006E-02 -0.416907430      0.388156325    
  0.819832563      -5.24921641E-02 -0.419008106      0.386718065    
  0.819510400      -5.12484051E-02 -0.421110421      0.385281563    
  0.819177330      -4.99917753E-02 -0.423214495      0.383846760    
  0.818833292      -4.87222075E-02 -0.425320506      0.382413656    
  0.818478107      -4.74396609E-02 -0.427428603      0.380982190    
  0.818111658      -4.61441092E-02 -0.429538876      0.379552364    
