   0.00000000       0.00000000       0.00000000    
   3.09688505E-03   5.79635939E-03   1.17708128E-02
   6.48270361E-03   1.13981646E-02   2.35227440E-02
   1.01362681E-02   1.67966764E-02   3.52576226E-02
   1.40370866E-02   2.19842941E-02   4.69767265E-02
   1.81654338E-02   2.69547980E-02   5.86807989E-02
   2.25066785E-02   3.17029804E-02   7.03704730E-02
   2.70379987E-02   3.62249874E-02   8.20452943E-02
   3.17414738E-02   4.05168757E-02   9.37047303E-02
   3.65998074E-02   4.45747450E-02  0.105347879    
   4.15998846E-02   4.83952053E-02  0.116973899    
   4.67256904E-02   5.19755594E-02  0.128581345    
   5.19590601E-02   5.53139821E-02  0.140168339    
   5.72857521E-02   5.84094934E-02  0.151733130    
   6.26921579E-02   6.12621419E-02  0.163273722    
   6.81652501E-02   6.38727844E-02  0.174788132    
   7.36925602E-02   6.62429556E-02  0.186274156    
   7.92621449E-02   6.83747008E-02  0.197729573    
   8.48625526E-02   7.02705532E-02  0.209152073    
   9.04844776E-02   7.19324499E-02  0.220539540    
   9.61165428E-02   7.33641535E-02  0.231889501    
  0.101749383       7.45687708E-02  0.243199706    
  0.107372679       7.55507126E-02  0.254467815    
  0.112976633       7.63146952E-02  0.265691459    
  0.118553162       7.68646076E-02  0.276868463    
  0.124093451       7.72055760E-02  0.287996769    
  0.129590243       7.73418844E-02  0.299074262    
  0.135035619       7.72790089E-02  0.310099006    
  0.140423030       7.70215243E-02  0.321069121    
  0.145745516       7.65751079E-02  0.331982881    
  0.150997221       7.59445876E-02  0.342838645    
  0.156172022       7.51358271E-02  0.353634953    
  0.161264718       7.41537586E-02  0.364370376    
  0.166270003       7.30043724E-02  0.375043601    
  0.171183541       7.16922507E-02  0.385653555    
  0.176000535       7.02238232E-02  0.396199167    
  0.180717215       6.86037615E-02  0.406679541    
  0.185329780       6.68376014E-02  0.417093992    
  0.189834595       6.49313033E-02  0.427441835    
  0.194228455       6.28907681E-02  0.437722504    
  0.198508590       6.07206747E-02  0.447935700    
  0.202672347       5.84264547E-02  0.458081007    
  0.206717283       5.60138486E-02  0.468158334    
  0.210641325       5.34885377E-02  0.478167593    
  0.214442596       5.08557633E-02  0.488108844    
  0.218119413       4.81206998E-02  0.497982264    
  0.221670389       4.52880934E-02  0.507788002    
  0.225094303       4.23633009E-02  0.517526448    
  0.228390142       3.93512473E-02  0.527198017    
  0.231557071       3.62567753E-02  0.536803186    
  0.234594226       3.30840722E-02  0.546342432    
  0.237501204       2.98381131E-02  0.555816472    
  0.240277767       2.65237167E-02  0.565225899    
  0.242923647       2.31453497E-02  0.574571609    
  0.245438591       1.97069142E-02  0.583854258    
  0.247822762       1.62129495E-02  0.593074858    
  0.250076473       1.26678608E-02  0.602234125    
  0.252200007       9.07569937E-03  0.611333191    
  0.254193544       5.44006098E-03  0.620372891    
  0.256057590       1.76502857E-03  0.629354358    
  0.257793099      -1.94543728E-03  0.638278484    
  0.259400547      -5.68765495E-03  0.647146225    
  0.260880828      -9.45806410E-03  0.655959129    
  0.262234569      -1.32533321E-02  0.664717793    
  0.263462842      -1.70699004E-02  0.673423529    
  0.264566600      -2.09044907E-02  0.682077408    
  0.265546918      -2.47539338E-02  0.690680563    
  0.266404599      -2.86153425E-02  0.699234068    
  0.267140955      -3.24854478E-02  0.707739055    
  0.267757326      -3.63614038E-02  0.716196656    
  0.268254876      -4.02403250E-02  0.724608004    
  0.268634498      -4.41196486E-02  0.732974112    
  0.268897623      -4.79967222E-02  0.741295993    
  0.269045472      -5.18689565E-02  0.749574840    
  0.269079536      -5.57337664E-02  0.757811666    
  0.269001424      -5.95886745E-02  0.766007662    
  0.268812537      -6.34313524E-02  0.774163663    
  0.268514335      -6.72595575E-02  0.782280862    
  0.268108159      -7.10711032E-02  0.790360093    
  0.267595291      -7.48639926E-02  0.798402369    
  0.266977191      -7.86361620E-02  0.806408703    
  0.266255260      -8.23856518E-02  0.814379990    
  0.265431106      -8.61105248E-02  0.822317004    
  0.264506340      -8.98089558E-02  0.830220699    
  0.263482600      -9.34791416E-02  0.838092029    
  0.262361526      -9.71193984E-02  0.845931768    
  0.261144489     -0.100728087      0.853740633    
  0.259833157     -0.104303636      0.861519575    
  0.258429050     -0.107844532      0.869269192    
  0.256933659     -0.111349292      0.876990199    
  0.255348265     -0.114816546      0.884683371    
  0.253674537     -0.118244924      0.892349184    
  0.251914203     -0.121633135      0.899988532    
  0.250068754     -0.124979950      0.907601714    
  0.248139739     -0.128284171      0.915189683    
  0.246128738     -0.131544635      0.922752678    
  0.244037166     -0.134760261      0.930291414    
  0.241866663     -0.137930006      0.937806249    
  0.239618674     -0.141052842      0.945297599    
  0.237294540     -0.144127771      0.952766120    
  0.234895870     -0.147153884      0.960211933    
  0.232424274     -0.150130361      0.967635691    
  0.229881257     -0.153056309      0.975037575    
  0.227268353     -0.155930951      0.982418001    
  0.224587008     -0.158753574      0.989777207    
  0.221838728     -0.161523432      0.997115552    
  0.219024941     -0.164239809       1.00443327    
  0.216146946     -0.166901991       1.01173055    
  0.213206291     -0.169509381       1.01900756    
  0.210204557     -0.172061473       1.02626455    
  0.207143188     -0.174557716       1.03350174    
  0.204023570     -0.176997542       1.04071915    
  0.200847164     -0.179380506       1.04791701    
  0.197615370     -0.181706131       1.05509531    
  0.194329605     -0.183973968       1.06225431    
  0.190991119     -0.186183602       1.06939375    
  0.187601283     -0.188334599       1.07651401    
  0.184161514     -0.190426633       1.08361483    
  0.180673346     -0.192459509       1.09069645    
  0.177138090     -0.194432840       1.09775853    
  0.173557073     -0.196346432       1.10480142    
  0.169931710     -0.198199973       1.11182487    
  0.166263252     -0.199993342       1.11882889    
  0.162553087     -0.201726243       1.12581313    
  0.158802301     -0.203398451       1.13277793    
  0.155012354     -0.205009863       1.13972282    
  0.151184499     -0.206560373       1.14664793    
  0.147320107     -0.208049893       1.15355301    
  0.143420368     -0.209478319       1.16043782    
  0.139486536     -0.210845590       1.16730225    
  0.135519907     -0.212151632       1.17414641    
  0.131521627     -0.213396415       1.18096983    
  0.127492860     -0.214579850       1.18777227    
  0.123434804     -0.215701938       1.19455373    
  0.119348705     -0.216762722       1.20131373    
  0.115235753     -0.217762336       1.20805228    
  0.111097075     -0.218700722       1.21476912    
  0.106933907     -0.219578028       1.22146416    
  0.102747351     -0.220394328       1.22813690    
   9.85385403E-02 -0.221149743       1.23478734    
   9.43086147E-02 -0.221844375       1.24141514    
   9.00585875E-02 -0.222478315       1.24802005    
   8.57895985E-02 -0.223051712       1.25460172    
   8.15026984E-02 -0.223564729       1.26116002    
   7.71989375E-02 -0.224017546       1.26769471    
   7.28793442E-02 -0.224410310       1.27420533    
   6.85449913E-02 -0.224743247       1.28069186    
   6.41968995E-02 -0.225016564       1.28715396    
   5.98360561E-02 -0.225230485       1.29359138    
   5.54634444E-02 -0.225385234       1.30000365    
   5.10799922E-02 -0.225480989       1.30639064    
   4.66867052E-02 -0.225518078       1.31275225    
   4.22844701E-02 -0.225496680       1.31908810    
   3.78742702E-02 -0.225417122       1.32539785    
   3.34569812E-02 -0.225279614       1.33168125    
   2.90335249E-02 -0.225084528       1.33793807    
   2.46047769E-02 -0.224832118       1.34416795    
   2.01715678E-02 -0.224522680       1.35037100    
   1.57347936E-02 -0.224156499       1.35654652    
   1.12952515E-02 -0.223733932       1.36269426    
   6.85378304E-03 -0.223255292       1.36881447    
   2.41117761E-03 -0.222720906       1.37490654    
  -2.03173794E-03 -0.222131133       1.38097012    
  -6.47424022E-03 -0.221486270       1.38700509    
  -1.09155392E-02 -0.220786735       1.39301133    
  -1.53548839E-02 -0.220032856       1.39898849    
  -1.97915677E-02 -0.219224975       1.40493643    
  -2.42248606E-02 -0.218363464       1.41085505    
  -2.86540631E-02 -0.217448756       1.41674387    
  -3.30785066E-02 -0.216481149       1.42260277    
  -3.74975204E-02 -0.215461075       1.42843175    
  -4.19104323E-02 -0.214388907       1.43423033    
  -4.63165902E-02 -0.213265046       1.43999851    
  -5.07154055E-02 -0.212089896       1.44573593    
  -5.51062673E-02 -0.210863844       1.45144260    
  -5.94885759E-02 -0.209587306       1.45711839    
  -6.38617352E-02 -0.208260670       1.46276295    
  -6.82251826E-02 -0.206884339       1.46837616    
  -7.25783706E-02 -0.205458745       1.47395790    
  -7.69207850E-02 -0.203984275       1.47950804    
  -8.12519118E-02 -0.202461362       1.48502648    
  -8.55712071E-02 -0.200890392       1.49051309    
  -8.98781791E-02 -0.199271843       1.49596775    
  -9.41723734E-02 -0.197606072       1.50139010    
  -9.84533206E-02 -0.195893541       1.50678039    
 -0.102720559     -0.194134668       1.51213825    
 -0.106973648     -0.192329824       1.51746368    
 -0.111212149     -0.190479502       1.52275681    
 -0.115435682     -0.188584089       1.52801716    
 -0.119643830     -0.186644033       1.53324473    
 -0.123836204     -0.184659734       1.53843975    
 -0.128012449     -0.182631642       1.54360199    
 -0.132172182     -0.180560142       1.54873133    
 -0.136315078     -0.178445742       1.55382788    
 -0.140440747     -0.176288784       1.55889130    
 -0.144548908     -0.174089760       1.56392193    
 -0.148639262     -0.171849027       1.56891942    
 -0.152711466     -0.169567019       1.57388377    
 -0.156765237     -0.167244196       1.57881510    
 -0.160800323     -0.164880976       1.58371353    
 -0.164816454     -0.162477732       1.58857882    
 -0.168813348     -0.160034969       1.59341121    
 -0.172790766     -0.157553062       1.59821033    
 -0.176748499     -0.155032396       1.60297656    
 -0.180686280     -0.152473405       1.60770953    
 -0.184603930     -0.149876520       1.61240971    
 -0.188501209     -0.147242144       1.61707687    
 -0.192377940     -0.144570678       1.62171125    
 -0.196233913     -0.141862556       1.62631249    
 -0.200069010     -0.139118195       1.63088095    
 -0.203882992     -0.136337966       1.63541663    
 -0.207675755     -0.133522272       1.63991952    
 -0.211447105     -0.130671546       1.64438987    
 -0.215196937     -0.127786130       1.64882743    
 -0.218925104     -0.124866478       1.65323257    
 -0.222631454     -0.121912949       1.65760517    
 -0.226315945     -0.118925944       1.66194546    
 -0.229978397     -0.115905844       1.66625357    
 -0.233618721     -0.112853050       1.67052925    
 -0.237236828     -0.109767944       1.67477274    
 -0.240832642     -0.106650896       1.67898428    
 -0.244406074     -0.103502303       1.68316412    
 -0.247957036     -0.100322522       1.68731189    
 -0.251485497      -9.71119180E-02   1.69142795    
 -0.254991353      -9.38708708E-02   1.69551253    
 -0.258474618      -9.05997679E-02   1.69956553    
 -0.261935174      -8.72989446E-02   1.70358717    
 -0.265373051      -8.39687958E-02   1.70757747    
 -0.268788129      -8.06096494E-02   1.71153688    
 -0.272180438      -7.72218704E-02   1.71546519    
 -0.275549948      -7.38058239E-02   1.71936250    
 -0.278896630      -7.03618452E-02   1.72322905    
 -0.282220453      -6.68902770E-02   1.72706497    
 -0.285521448      -6.33914992E-02   1.73087049    
 -0.288799614      -5.98657988E-02   1.73464584    
 -0.292054892      -5.63135445E-02   1.73839080    
 -0.295287341      -5.27350828E-02   1.74210584    
 -0.298496932      -4.91307043E-02   1.74579108    
 -0.301683754      -4.55007777E-02   1.74944639    
 -0.304847777      -4.18456048E-02   1.75307202    
 -0.307989001      -3.81655358E-02   1.75666845    
 -0.311107486      -3.44608389E-02   1.76023531    
 -0.314203233      -3.07319108E-02   1.76377320    
 -0.317276359      -2.69790236E-02   1.76728201    
 -0.320326835      -2.32024752E-02   1.77076209    
 -0.323354691      -1.94025598E-02   1.77421331    
 -0.326359987      -1.55796157E-02   1.77763617    
 -0.329342812      -1.17339352E-02   1.78103054    
 -0.332303166      -7.86580797E-03   1.78439701    
 -0.335241079      -3.97555064E-03   1.78773510    
 -0.338156730      -6.34491444E-05   1.79104543    
 -0.341050029       3.87024344E-03   1.79432809    
 -0.343921185       7.82518648E-03   1.79758322    
 -0.346770167       1.18011292E-02   1.80081093    
 -0.349597007       1.57977808E-02   1.80401134    
 -0.352401853       1.98148787E-02   1.80718482    
 -0.355184764       2.38521360E-02   1.81033134    
 -0.357945800       2.79092807E-02   1.81345105    
 -0.360685080       3.19860280E-02   1.81654441    
 -0.363402605       3.60821560E-02   1.81961119    
 -0.366098523       4.01973352E-02   1.82265186    
 -0.368772894       4.43313457E-02   1.82566631    
 -0.371425778       4.84839156E-02   1.82865489    
 -0.374057263       5.26548401E-02   1.83161771    
 -0.376667470       5.68438023E-02   1.83455503    
 -0.379256457       6.10505715E-02   1.83746696    
 -0.381824374       6.52749091E-02   1.84035361    
 -0.384371191       6.95165619E-02   1.84321523    
 -0.386897087       7.37753063E-02   1.84605181    
 -0.389402121       7.80508742E-02   1.84886372    
 -0.391886413       8.23430642E-02   1.85165107    
 -0.394350082       8.66516605E-02   1.85441387    
 -0.396793157       9.09763798E-02   1.85715246    
 -0.399215817       9.53170285E-02   1.85986698    
 -0.401618034       9.96733904E-02   1.86255753    
 -0.404000014      0.104045227       1.86522424    
 -0.406361848      0.108432278       1.86786747    
 -0.408703595      0.112834372       1.87048697    
 -0.411025405      0.117251307       1.87308323    
 -0.413327336      0.121682897       1.87565649    
 -0.415609479      0.126128808       1.87820661    
 -0.417871952      0.130588949       1.88073385    
 -0.420114815      0.135063097       1.88323843    
 -0.422338307      0.139551014       1.88572037    
 -0.424542367      0.144052520       1.88817990    
 -0.426727206      0.148567423       1.89061713    
 -0.428892851      0.153095543       1.89303219    
 -0.431039453      0.157636642       1.89542544    
 -0.433167040      0.162190542       1.89779663    
 -0.435275882      0.166757107       1.90014637    
 -0.437365949      0.171336129       1.90247428    
 -0.439437330      0.175927371       1.90478098    
 -0.441490203      0.180530727       1.90706646    
 -0.443524569      0.185146004       1.90933073    
 -0.445540607      0.189772978       1.91157401    
 -0.447538435      0.194411531       1.91379654    
 -0.449518114      0.199061468       1.91599798    
 -0.451479733      0.203722656       1.91817915    
 -0.453423381      0.208394915       1.92033970    
 -0.455349267      0.213078067       1.92247987    
 -0.457257360      0.217771918       1.92460001    
 -0.459147781      0.222476378       1.92669988    
 -0.461020678      0.227191284       1.92877984    
 -0.462876141      0.231916457       1.93084002    
 -0.464714199      0.236651778       1.93288040    
 -0.466535002      0.241397053       1.93490088    
 -0.468338639      0.246152207       1.93690217    
 -0.470125228      0.250917107       1.93888426    
 -0.471894801      0.255691499       1.94084680    
 -0.473647416      0.260475367       1.94279039    
 -0.475383282      0.265268564       1.94471467    
 -0.477102399      0.270070910       1.94662023    
 -0.478804916      0.274882346       1.94850695    
 -0.480490863      0.279702663       1.95037472    
 -0.482160419      0.284531832       1.95222425    
 -0.483813584      0.289369643       1.95405507    
 -0.485450387      0.294216067       1.95586765    
 -0.487071037      0.299070925       1.95766151    
 -0.488675565      0.303934157       1.95943737    
 -0.490264028      0.308805674       1.96119535    
 -0.491836578      0.313685358       1.96293509    
 -0.493393153      0.318573058       1.96465683    
 -0.494933903      0.323468745       1.96636093    
 -0.496458948      0.328372329       1.96804714    
 -0.497968256      0.333283693       1.96971571    
 -0.499462038      0.338202745       1.97136664    
 -0.500940323      0.343129486       1.97300029    
 -0.502402961      0.348063767       1.97461641    
 -0.503850400      0.353005528       1.97621524    
 -0.505282402      0.357954741       1.97779691    
 -0.506699026      0.362911344       1.97936141    
 -0.508100569      0.367875248       1.98090875    
 -0.509486973      0.372846395       1.98243904    
 -0.510858238      0.377824754       1.98395228    
 -0.512214422      0.382810324       1.98544896    
 -0.513555646      0.387802988       1.98692894    
 -0.514881849      0.392802775       1.98839200    
 -0.516193211      0.397809625       1.98983860    
 -0.517489672      0.402823538       1.99126840    
 -0.518771350      0.407844454       1.99268198    
 -0.520038247      0.412872404       1.99407899    
 -0.521290421      0.417907327       1.99545968    
 -0.522527933      0.422949344       1.99682403    
 -0.523750603      0.427998275       1.99817228    
 -0.524958789      0.433054388       1.99950445    
 -0.526152313      0.438117445       2.00082016    
 -0.527331233      0.443187654       2.00212026    
 -0.528495669      0.448264897       2.00340414    
 -0.529645443      0.453349262       2.00467205    
 -0.530780792      0.458440900       2.00592399    
 -0.531901658      0.463539749       2.00716043    
 -0.533008039      0.468645871       2.00838089    
 -0.534099996      0.473759413       2.00958586    
 -0.535177469      0.478880346       2.01077509    
 -0.536240578      0.484008878       2.01194859    
 -0.537289262      0.489144981       2.01310682    
 -0.538323462      0.494288802       2.01424932    
 -0.539343297      0.499440491       2.01537633    
 -0.540348828      0.504599929       2.01648808    
 -0.541339874      0.509767473       2.01758432    
 -0.542316556      0.514943242       2.01866531    
 -0.543278933      0.520127356       2.01973104    
 -0.544226825      0.525319874       2.02078176    
 -0.545160353      0.530521035       2.02181721    
 -0.546079516      0.535730898       2.02283716    
 -0.546984315      0.540949821       2.02384233    
 -0.547874689      0.546177804       2.02483225    
 -0.548750699      0.551415205       2.02580738    
 -0.549612284      0.556662023       2.02676725    
 -0.550459504      0.561918616       2.02771235    
 -0.551292419      0.567185283       2.02864218    
 -0.552110910      0.572461963       2.02955770    
 -0.552915037      0.577749193       2.03045797    
 -0.553704858      0.583047032       2.03134322    
 -0.554480255      0.588355899       2.03221369    
 -0.555241406      0.593675673       2.03306937    
 -0.555988312      0.599007010       2.03390980    
 -0.556720853      0.604350030       2.03473616    
 -0.557439208      0.609705210       2.03554678    
 -0.558143377      0.615072608       2.03634310    
 -0.558833301      0.620452702       2.03712416    
 -0.559509158      0.625845790       2.03789043    
 -0.560170949      0.631252050       2.03864193    
 -0.560818791      0.636671722       2.03937817    
 -0.561452746      0.642105460       2.04009914    
 -0.562072933      0.647553682       2.04080558    
 -0.562679350      0.653016388       2.04149652    
 -0.563272238      0.658494174       2.04217219    
 -0.563851714      0.663987219       2.04283237    
 -0.564417958      0.669496179       2.04347754    
 -0.564970970      0.675021231       2.04410648    
 -0.565510988      0.680562735       2.04472017    
 -0.566038370      0.686121047       2.04531813    
 -0.566553116      0.691696525       2.04589987    
 -0.567055583      0.697289705       2.04646540    
 -0.567546070      0.702900827       2.04701471    
 -0.568024933      0.708530486       2.04754758    
 -0.568492472      0.714178801       2.04806328    
 -0.568948984      0.719846368       2.04856205    
 -0.569394886      0.725533366       2.04904318    
 -0.569830596      0.731240273       2.04950690    
