   1.57079995      0.785399973      0.392699987    
   1.56562865      0.765122175      0.423675478    
   1.56039882      0.744384646      0.452346236    
   1.55511045      0.723226607      0.478808194    
   1.54975748      0.701735973      0.503183305    
   1.54435086      0.680023909      0.525875390    
   1.53887892      0.658164084      0.546689570    
   1.53332281      0.636156559      0.565410376    
   1.52769351      0.613923132      0.582422078    
   1.52200532      0.591455162      0.598058224    
   1.51625764      0.568801165      0.612414539    
   1.51043916      0.545957327      0.625160217    
   1.50455439      0.522983372      0.636414230    
   1.49861610      0.499994129      0.646470010    
   1.49262571      0.477072001      0.655392647    
   1.48658407      0.454274774      0.663245082    
   1.48049283      0.431642175      0.670082927    
   1.47435212      0.409207195      0.675960422    
   1.46816862      0.386953384      0.681046903    
   1.46194232      0.364897370      0.685383201    
   1.45566738      0.343146712      0.688766778    
   1.44935250      0.321623445      0.691475272    
   1.44299006      0.300482333      0.693229198    
   1.43658721      0.279593647      0.694371283    
   1.43014455      0.259062201      0.694758654    
   1.42366660      0.238798305      0.694595695    
   1.41714907      0.218906492      0.693756342    
   1.41060042      0.199292913      0.692418993    
   1.40401614      0.180060655      0.690480471    
   1.39740086      0.161113411      0.688096344    
   1.39075661      0.142552704      0.685175240    
   1.38408530      0.124282107      0.681855738    
   1.37738645      0.106399193      0.678057253    
   1.37066317       8.88096690E-02  0.673905492    
   1.36391878       7.15581477E-02  0.669375896    
   1.35715139       5.46460524E-02  0.664485097    
   1.35036600       3.80226821E-02  0.659297645    
   1.34356463       2.17382591E-02  0.653792858    
   1.33674765       5.87716326E-03  0.647921443    
   1.32991719      -9.69648361E-03  0.641804934    
   1.32307303      -2.49859877E-02  0.635458529    
   1.31622016      -3.99484336E-02  0.628866494    
   1.30936170      -5.45039289E-02  0.621998727    
   1.30249774      -6.87390715E-02  0.614922822    
   1.29562914      -8.26592445E-02  0.607655168    
   1.28875744      -9.63092819E-02  0.600224733    
   1.28188694     -0.109612316      0.592613220    
   1.27501714     -0.122611195      0.584850371    
   1.26815104     -0.135310754      0.576948643    
   1.26128745     -0.147753298      0.568928719    
   1.25442648     -0.159941673      0.560799718    
   1.24757910     -0.171771064      0.552546442    
   1.24074149     -0.183318883      0.544197917    
   1.23391247     -0.194624737      0.535768926    
   1.22709107     -0.205689743      0.527268171    
   1.22029150     -0.216421917      0.518685043    
   1.21350777     -0.226890370      0.510043502    
   1.20673728     -0.237131044      0.501356661    
   1.19998026     -0.247148752      0.492621571    
   1.19325125     -0.256856352      0.483848453    
   1.18654323     -0.266318887      0.475047678    
   1.17985690     -0.275542617      0.466221929    
   1.17318988     -0.284558356      0.457377285    
   1.16654932     -0.293315083      0.448520005    
   1.15993631     -0.301846713      0.439656466    
   1.15334845     -0.310156822      0.430793613    
   1.14678371     -0.318273455      0.421928763    
   1.14024615     -0.326177627      0.413070291    
   1.13374174     -0.333848417      0.404230654    
   1.12726784     -0.341315061      0.395413846    
   1.12081778     -0.348603994      0.386601001    
   1.11439443     -0.355719239      0.377808720    
   1.10800433     -0.362641156      0.369044930    
   1.10164595     -0.369375020      0.360307544    
   1.09532964     -0.375883281      0.351620346    
   1.08904684     -0.382211715      0.342971742    
   1.08279920     -0.388363928      0.334362268    
   1.07658458     -0.394345462      0.325795829    
   1.07040143     -0.400176078      0.317261249    
   1.06424558     -0.405861259      0.308764100    
   1.05812764     -0.411384284      0.300314635    
   1.05204415     -0.416749418      0.291913509    
   1.04599714     -0.421959549      0.283563763    
   1.03999710     -0.426986814      0.275291830    
   1.03403533     -0.431866914      0.267070770    
   1.02810812     -0.436604679      0.258909196    
   1.02221978     -0.441201538      0.250800729    
   1.01636863     -0.445662230      0.242753580    
   1.01055360     -0.449988633      0.234763369    
   1.00477087     -0.454198450      0.226825207    
  0.999020636     -0.458293676      0.218934238    
  0.993319213     -0.462237209      0.211129665    
  0.987655401     -0.466059417      0.203387126    
  0.982029378     -0.469763070      0.195710376    
  0.976440310     -0.473350495      0.188094214    
  0.970889628     -0.476824015      0.180538282    
  0.965376854     -0.480188072      0.173053458    
  0.959900737     -0.483442873      0.165630564    
  0.954456806     -0.486603469      0.158260122    
  0.949046195     -0.489671290      0.150947735    
  0.943682849     -0.492618114      0.143719479    
  0.938356936     -0.495466083      0.136555701    
  0.933068633     -0.498218566      0.129460126    
  0.927817166     -0.500877738      0.122429892    
  0.922602773     -0.503445268      0.115464106    
  0.917425931     -0.505923748      0.108563960    
  0.912279725     -0.508325040      0.101716585    
  0.907164872     -0.510648906       9.49232504E-02
  0.902096689     -0.512872756       8.82190168E-02
  0.897064626     -0.515015483       8.15781578E-02
  0.892069340     -0.517079711       7.50013739E-02
  0.887108684     -0.519067764       6.84884042E-02
  0.882184923     -0.520980716       6.20386340E-02
  0.877296388     -0.522819996       5.56526557E-02
  0.872437835     -0.524594963       4.93211560E-02
  0.867609441     -0.526306093       4.30417061E-02
  0.862816453     -0.527949750       3.68233025E-02
  0.858066559     -0.529513717       3.06849815E-02
  0.853352010     -0.531012416       2.46121008E-02
  0.848671138     -0.532448232       1.85965560E-02
  0.844024301     -0.533823013       1.26437265E-02
  0.839410782     -0.535137177       6.75137201E-03
  0.834830523     -0.536392748       9.17554833E-04
  0.830279350     -0.537596881      -4.86530270E-03
  0.825756073     -0.538750291      -1.06020570E-02
  0.821275651     -0.539838493      -1.62600279E-02
  0.816826761     -0.540873766      -2.18597874E-02
  0.812410414     -0.541857362      -2.74028555E-02
  0.808025837     -0.542790651      -3.28893773E-02
  0.803672969     -0.543674707      -3.83216180E-02
  0.799351037     -0.544509888      -4.36990745E-02
  0.795056343     -0.545302987      -4.90270555E-02
  0.790789008     -0.546054363      -5.43083809E-02
  0.786552548     -0.546761096      -5.95380887E-02
  0.782354236     -0.547417104      -6.46977499E-02
  0.778186560     -0.548029840      -6.98054805E-02
  0.774044037     -0.548605561      -7.48686343E-02
  0.769935012     -0.549137473      -7.98726007E-02
  0.765856683     -0.549629033      -8.48235488E-02
  0.761806905     -0.550082862      -8.97253677E-02
  0.757785738     -0.550498784      -9.45767015E-02
  0.753789544     -0.550882518      -9.93874893E-02
  0.749825120     -0.551226795     -0.104141504    
  0.745885372     -0.551540196     -0.108853556    
  0.741976798     -0.551816761     -0.113510825    
  0.738092482     -0.552063048     -0.118129902    
  0.734239817     -0.552274644     -0.122693770    
  0.730413377     -0.552455127     -0.127211422    
  0.726613998     -0.552604318     -0.131686375    
  0.722841740     -0.552724183     -0.136113882    
  0.719091535     -0.552817881     -0.140502959    
  0.715371966     -0.552881002     -0.144842669    
  0.711673558     -0.552918792     -0.149145037    
  0.708004296     -0.552926123     -0.153399393    
  0.704357505     -0.552911103     -0.157617316    
  0.700740099     -0.552867591     -0.161786482    
  0.697145224     -0.552800298     -0.165914714    
  0.693572760     -0.552709997     -0.170007348    
  0.690027773     -0.552594602     -0.174056113    
  0.686504066     -0.552458048     -0.178069472    
  0.683006942     -0.552296996     -0.182039469    
  0.679530442     -0.552115858     -0.185973257    
  0.676080525     -0.551912427     -0.189863399    
  0.672650993     -0.551689327     -0.193722516    
  0.669247210     -0.551443934     -0.197540492    
  0.665866911     -0.551178932     -0.201319069    
  0.662505209     -0.550896823     -0.205065802    
  0.659168422     -0.550594866     -0.208773479    
  0.655851245     -0.550276041     -0.212450236    
  0.652558863     -0.549937665     -0.216085717    
  0.649284601     -0.549583912     -0.219691932    
  0.646035016     -0.549211442     -0.223259971    
  0.642806649     -0.548823357     -0.226792768    
  0.639598250     -0.548419058     -0.230292872    
  0.636411905     -0.547999501     -0.233761489    
  0.633244932     -0.547564745     -0.237197548    
  0.630098522     -0.547114849     -0.240599945    
  0.626972020     -0.546651185     -0.243970603    
  0.623865247     -0.546173573     -0.247311503    
  0.620775342     -0.545683563     -0.250624508    
  0.617707193     -0.545179605     -0.253904283    
  0.614658415     -0.544662356     -0.257154077    
  0.611629069     -0.544132948     -0.260371834    
  0.608617365     -0.543591559     -0.263561904    
  0.605625629     -0.543038666     -0.266722649    
  0.602650762     -0.542473674     -0.269856572    
  0.599694490     -0.541897535     -0.272959918    
  0.596755683     -0.541311026     -0.276035666    
  0.593832374     -0.540715158     -0.279088497    
  0.590929449     -0.540107846     -0.282109380    
  0.588043272     -0.539490402     -0.285104573    
  0.585174382     -0.538863659     -0.288072616    
  0.582322299     -0.538227499     -0.291015208    
  0.579487026     -0.537582219     -0.293931574    
  0.576667845     -0.536927700     -0.296821743    
  0.573865533     -0.536265314     -0.299686998    
  0.571079195     -0.535594106     -0.302528232    
  0.568305850     -0.534915805     -0.305346966    
  0.565551221     -0.534228802     -0.308138937    
  0.562812388     -0.533534527     -0.310905933    
  0.560087979     -0.532832563     -0.313649744    
  0.557378292     -0.532123327     -0.316370279    
  0.554684579     -0.531407535     -0.319068193    
  0.552005351     -0.530685008     -0.321743369    
  0.549338579     -0.529956281     -0.324397355    
  0.546687841     -0.529221356     -0.327026904    
  0.544052303     -0.528479576     -0.329634726    
  0.541430414     -0.527732372     -0.332220584    
  0.538822055     -0.526979029     -0.334783733    
  0.536226928     -0.526220739     -0.337325901    
  0.533645570     -0.525457025     -0.339847684    
  0.531078756     -0.524687827     -0.342349291    
  0.528523266     -0.523913205     -0.344829500    
  0.525979698     -0.523134708     -0.347291440    
  0.523451209     -0.522351682     -0.349731296    
  0.520934522     -0.521563947     -0.352150857    
  0.518430591     -0.520771205     -0.354550719    
  0.515939176     -0.519974291     -0.356932908    
  0.513459861     -0.519173801     -0.359294087    
  0.510992169     -0.518369615     -0.361636639    
  0.508535981     -0.517561078     -0.363960534    
  0.506091893     -0.516749442     -0.366265535    
  0.503657818     -0.515934885     -0.368553936    
  0.501236141     -0.515115857     -0.370823264    
  0.498825073     -0.514294147     -0.373073995    
  0.496425688     -0.513469219     -0.375306666    
  0.494037092     -0.512641728     -0.377521247    
  0.491658390     -0.511811137     -0.379718065    
  0.489290655     -0.510978162     -0.381898910    
  0.486931443     -0.510142744     -0.384064168    
  0.484584272     -0.509304523     -0.386209846    
  0.482245266     -0.508464754     -0.388340205    
  0.479917616     -0.507621527     -0.390453994    
  0.477599204     -0.506776690     -0.392549902    
  0.475290120     -0.505930126     -0.394629836    
  0.472991139     -0.505081177     -0.396693617    
  0.470701009     -0.504230678     -0.398741215    
  0.468419075     -0.503377736     -0.400773764    
  0.466145188     -0.502524257     -0.402791858    
  0.463881463     -0.501668453     -0.404793054    
  0.461626083     -0.500811577     -0.406778544    
  0.459378690     -0.499953300     -0.408748895    
  0.457140207     -0.499094039     -0.410702705    
  0.454909235     -0.498233110     -0.412643135    
  0.452686161     -0.497370869     -0.414570093    
  0.450471163     -0.496508241     -0.416480154    
  0.448263407     -0.495644212     -0.418375880    
  0.446061671     -0.494779408     -0.420259088    
  0.443868697     -0.493913949     -0.422126323    
  0.441682875     -0.493047744     -0.423978686    
  0.439503491     -0.492180884     -0.425816864    
  0.437331527     -0.491313845     -0.427641243    
  0.435165852     -0.490445495     -0.429452509    
  0.433007151     -0.489577144     -0.431249559    
  0.430853158     -0.488708436     -0.433034599    
  0.428706199     -0.487839043     -0.434805840    
  0.426564813     -0.486969680     -0.436562598    
  0.424429893     -0.486099690     -0.438306630    
  0.422300905     -0.485230058     -0.440036088    
  0.420177579     -0.484360039     -0.441752791    
  0.418059498     -0.483489782     -0.443456471    
  0.415947020     -0.482619494     -0.445147902    
  0.413839161     -0.481749803     -0.446825832    
  0.411735326     -0.480879813     -0.448492467    
  0.409637928     -0.480009884     -0.450144619    
  0.407544225     -0.479140520     -0.451786309    
  0.405455738     -0.478270501     -0.453413099    
  0.403371066     -0.477400959     -0.455028236    
  0.401290894     -0.476532042     -0.456631958    
  0.399214774     -0.475663155     -0.458222896    
  0.397141963     -0.474794865     -0.459803611    
  0.395072341     -0.473926812     -0.461373389    
  0.393007815     -0.473059565     -0.462928206    
  0.390946001     -0.472192287     -0.464472830    
  0.388887197     -0.471326143     -0.466005951    
  0.386832565     -0.470459759     -0.467525363    
  0.384780377     -0.469593495     -0.469034344    
  0.382731259     -0.468728811     -0.470533460    
  0.380684108     -0.467864841     -0.472021610    
  0.378640771     -0.467000633     -0.473494917    
  0.376598895     -0.466137111     -0.474960536    
  0.374559164     -0.465274841     -0.476415336    
  0.372521758     -0.464413404     -0.477859169    
  0.370486408     -0.463551760     -0.479289830    
  0.368452430     -0.462691247     -0.480710477    
  0.366420835     -0.461831599     -0.482121885    
  0.364390433     -0.460972100     -0.483520329    
  0.362361759     -0.460113496     -0.484909773    
  0.360333592     -0.459255815     -0.486291260    
  0.358307034     -0.458398998     -0.487661242    
  0.356281221     -0.457542390     -0.489019454    
  0.354256362     -0.456686586     -0.490369231    
  0.352231443     -0.455832332     -0.491709352    
  0.350207657     -0.454977870     -0.493038028    
  0.348183542     -0.454124510     -0.494358003    
  0.346159875     -0.453272313     -0.495668769    
  0.344137102     -0.452420831     -0.496970415    
  0.342112720     -0.451569855     -0.498261988    
  0.340087861     -0.450719297     -0.499546319    
  0.338063508     -0.449870497     -0.500821233    
  0.336038113     -0.449021518     -0.502086818    
  0.334011793     -0.448173165     -0.503344297    
  0.331984341     -0.447326601     -0.504593790    
  0.329955786     -0.446480662     -0.505834877    
  0.327926129     -0.445634961     -0.507067204    
  0.325894713     -0.444789857     -0.508294463    
  0.323862344     -0.443946183     -0.509512842    
  0.321827948     -0.443103671     -0.510724008    
  0.319791853     -0.442260891     -0.511926532    
  0.317752302     -0.441419572     -0.513123631    
  0.315710992     -0.440579236     -0.514314711    
  0.313667744     -0.439738929     -0.515497029    
  0.311621726     -0.438899875     -0.516674340    
  0.309573144     -0.438062102     -0.517846167    
  0.307522029     -0.437224865     -0.519012034    
  0.305466354     -0.436387837     -0.520171821    
  0.303407997     -0.435551971     -0.521326780    
  0.301346987     -0.434717178     -0.522477150    
  0.299280822     -0.433882385     -0.523623645    
  0.297211587     -0.433048636     -0.524764895    
  0.295138270     -0.432215959     -0.525902569    
  0.293061227     -0.431384683     -0.527036369    
  0.290979683     -0.430553585     -0.528167963    
  0.288892776     -0.429723859     -0.529296637    
  0.286802709     -0.428895354     -0.530422330    
  0.284707814     -0.428068072     -0.531545341    
  0.282606304     -0.427240729     -0.532667816    
  0.280500054     -0.426414967     -0.533788681    
  0.278389752     -0.425590843     -0.534908295    
  0.276271850     -0.424767077     -0.536029041    
  0.274149179     -0.423944741     -0.537149429    
  0.272021294     -0.423124313     -0.538268864    
  0.269887537     -0.422305167     -0.539389610    
  0.267745346     -0.421486527     -0.540514469    
  0.265597552     -0.420669645     -0.541639805    
  0.263444006     -0.419854909     -0.542767048    
  0.261281341     -0.419041455     -0.543900013    
  0.259112895     -0.418229699     -0.545035124    
  0.256938100     -0.417420566     -0.546173692    
  0.254755765     -0.416613370     -0.547316790    
  0.252563804     -0.415807724     -0.548469484    
  0.250364214     -0.415004581     -0.549626648    
  0.248158351     -0.414204478     -0.550788045    
  0.245941430     -0.413406312     -0.551962435    
  0.243716240     -0.412610888     -0.553144634    
  0.241481766     -0.411818624     -0.554335654    
  0.239239752     -0.411029577     -0.555535018    
  0.236987576     -0.410244465     -0.556746423    
  0.234726071     -0.409462750     -0.557969272    
  0.232456282     -0.408685476     -0.559202433    
  0.230178118     -0.407911956     -0.560445905    
  0.227886975     -0.407143831     -0.561707854    
  0.225585505     -0.406379998     -0.562985241    
  0.223275170     -0.405621558     -0.564274073    
  0.220952183     -0.404868424     -0.565583110    
  0.218618661     -0.404121697     -0.566909015    
  0.216275662     -0.403381139     -0.568249643    
  0.213923186     -0.402647018     -0.569604576    
  0.211555690     -0.401920795     -0.570987463    
  0.209176093     -0.401202053     -0.572391450    
  0.206786767     -0.400491416     -0.573812306    
  0.204382569     -0.399790078     -0.575260639    
  0.201966241     -0.399098217     -0.576731682    
  0.199537382     -0.398416132     -0.578227460    
  0.197097465     -0.397743553     -0.579744577    
  0.194642022     -0.397083610     -0.581291974    
  0.192173511     -0.396435380     -0.582867324    
  0.189693749     -0.395798773     -0.584464550    
  0.187197745     -0.395177156     -0.586096287    
  0.184687778     -0.394569457     -0.587758124    
  0.182162747     -0.393976688     -0.589451492    
  0.179627284     -0.393398434     -0.591168284    
  0.177073047     -0.392838567     -0.592925251    
  0.174504220     -0.392296493     -0.594715297    
  0.171922818     -0.391771168     -0.596531868    
  0.169329748     -0.391263425     -0.598377228    
  0.166714892     -0.390781403     -0.600271165    
  0.164084315     -0.390321493     -0.602200925    
  0.161440790     -0.389882028     -0.604161263    
  0.158778861     -0.389469564     -0.606164694    
  0.156100050     -0.389083356     -0.608206511    
  0.153408557     -0.388720542     -0.610278368    
  0.150702178     -0.388382465     -0.612383187    
  0.147973999     -0.388081402     -0.614539862    
  0.145228326     -0.387811720     -0.616736650    
  0.142469466     -0.387570649     -0.618963897    
  0.139689267     -0.387368023     -0.621238947    
  0.136892736     -0.387201965     -0.623552620    
  0.134078562     -0.387073040     -0.625905156    
  0.131249949     -0.386977792     -0.628289402    
  0.128400907     -0.386929661     -0.630719125    
  0.125534475     -0.386923879     -0.633185923    
  0.122653358     -0.386956543     -0.635683835    
  0.119757719     -0.387029052     -0.638210475    
  0.116838478     -0.387163073     -0.640785933    
  0.113901407     -0.387347102     -0.643395007    
  0.110950328     -0.387575865     -0.646030545    
  0.107978441     -0.387866497     -0.648703277    
  0.104989454     -0.388213336     -0.651405215    
  0.101986378     -0.388609946     -0.654128969    
   9.89696085E-02 -0.389057845     -0.656873643    
