 -0.766738236      -1.70358813       1.78534591    
 -0.778230011      -1.72750151       1.63969195    
 -0.788768113      -1.75030231       1.50020123    
 -0.799496949      -1.76674521       1.36905110    
 -0.809748948      -1.77319849       1.24559009    
 -0.819285691      -1.77228451       1.12891591    
 -0.829188049      -1.77198255       1.01714134    
 -0.838851929      -1.78150332      0.911402702    
 -0.847355545      -1.79677808      0.812649727    
 -0.855509460      -1.80734789      0.721577823    
 -0.862169266      -1.81656682      0.637666404    
 -0.868097961      -1.82241595      0.560696900    
 -0.873057067      -1.81910193      0.489521027    
 -0.877523422      -1.80807912      0.422628731    
 -0.881703675      -1.79184282      0.359932572    
 -0.885391235      -1.77237189      0.300820678    
 -0.888999283      -1.75027847      0.245324776    
 -0.891987503      -1.72624588      0.192673996    
 -0.894864380      -1.70083845      0.143146515    
 -0.897471130      -1.67390501       9.64562073E-02
 -0.899696350      -1.64651072       5.25554009E-02
 -0.901794434      -1.61824620       1.10228853E-02
 -0.904019654      -1.58939755      -2.82605495E-02
 -0.905561447      -1.56023502      -6.48816451E-02
 -0.906960189      -1.53076255      -9.96669158E-02
 -0.908581436      -1.50109136     -0.132044151    
 -0.909392059      -1.47138035     -0.163070366    
 -0.910536468      -1.44158995     -0.191418335    
 -0.911426544      -1.41197050     -0.218677521    
 -0.911887467      -1.38233900     -0.243663788    
 -0.912300766      -1.35289037     -0.267577171    
 -0.912761688      -1.32370794     -0.289583206    
 -0.912936509      -1.29453743     -0.310313702    
 -0.912618637      -1.26591122     -0.329589844    
 -0.912841141      -1.23751163     -0.347518921    
 -0.912300766      -1.20965242     -0.364303589    
 -0.911649048      -1.18157065     -0.379590183    
 -0.911331177      -1.15447044     -0.393831730    
 -0.910425186      -1.12744963     -0.407131523    
 -0.909646332      -1.10094547     -0.419378281    
 -0.908374786      -1.07474720     -0.430623680    
 -0.907309830      -1.04924440     -0.440772384    
 -0.905879319      -1.02380514     -0.450197846    
 -0.904544175     -0.998985767     -0.458614022    
 -0.902716339     -0.974794209     -0.466454029    
 -0.901015580     -0.950920582     -0.473312527    
 -0.899235427     -0.927384675     -0.479499489    
 -0.897121429     -0.904349506     -0.484951347    
 -0.894880295     -0.881946087     -0.489910454    
 -0.892702758     -0.859894335     -0.494273514    
 -0.890318573     -0.838263810     -0.497825950    
 -0.887807190     -0.817070425     -0.500913441    
 -0.885025680     -0.796512783     -0.503476441    
 -0.882498443     -0.776070356     -0.505471230    
 -0.879526138     -0.756470382     -0.507442176    
 -0.876506150     -0.737035275     -0.508610427    
 -0.873406708     -0.718082964     -0.508932292    
 -0.870339096     -0.699669123     -0.509599864    
 -0.867001235     -0.681598961     -0.509579957    
 -0.863599777     -0.663854659     -0.508991897    
 -0.860246003     -0.646748126     -0.508431613    
 -0.856606185     -0.629909813     -0.507271290    
 -0.853363693     -0.613377512     -0.506234169    
 -0.849294662     -0.597469032     -0.504688442    
 -0.845734298     -0.581872463     -0.502713501    
 -0.841808319     -0.566486537     -0.500647247    
 -0.838041306     -0.551660836     -0.498485565    
 -0.834226608     -0.537119329     -0.496053696    
 -0.830078125     -0.522967160     -0.492731720    
 -0.826295197     -0.509134948     -0.490585953    
 -0.822099030     -0.495707989     -0.487188488    
 -0.817759812     -0.482517481     -0.483926147    
 -0.813754380     -0.469815731     -0.480890274    
 -0.809717178     -0.457342476     -0.477437168    
 -0.805536926     -0.445179135     -0.473682076    
 -0.801070511     -0.433233380     -0.470022351    
 -0.797080994     -0.421858817     -0.466076523    
 -0.792487442     -0.410480291     -0.462357193    
 -0.788593292     -0.399675965     -0.458252430    
 -0.783824921     -0.388924271     -0.454215199    
 -0.779819489     -0.378574938     -0.450181961    
 -0.775353134     -0.368394464     -0.445965916    
 -0.771125138     -0.358618289     -0.441431999    
 -0.766452134     -0.348934531     -0.437517971    
 -0.762510300     -0.339734554     -0.432833046    
 -0.757884979     -0.330511719     -0.428855419    
 -0.753498077     -0.321750849     -0.424174458    
 -0.749333680     -0.313046575     -0.419994205    
 -0.744946778     -0.304697961     -0.415321201    
 -0.740544021     -0.296506286     -0.411077350    
 -0.736165047     -0.288533181     -0.406408310    
 -0.731857598     -0.280829281     -0.402021408    
 -0.727486610     -0.273326039     -0.397296757    
 -0.723322213     -0.265992671     -0.392977387    
 -0.718927383     -0.258752704     -0.388924271    
 -0.714572251     -0.251978636     -0.383881718    
 -0.710455596     -0.245056555     -0.379625946    
 -0.706219673     -0.238551691     -0.375298649    
 -0.701816857     -0.232143208     -0.370554119    
 -0.697724044     -0.225992009     -0.366393715    
 -0.693519890     -0.219839811     -0.362122059    
 -0.689276040     -0.213971734     -0.357536465    
 -0.685151398     -0.208263099     -0.353185326    
 -0.681026757     -0.202634931     -0.348957390    
 -0.676767051     -0.197181106     -0.344614178    
 -0.672833145     -0.192034245     -0.340505451    
 -0.668780029     -0.186792508     -0.336317211    
 -0.664703071     -0.181788698     -0.331886619    
 -0.660729408     -0.176875785     -0.327823550    
 -0.656565011     -0.172158077     -0.323720783    
 -0.652821839     -0.167640552     -0.319645792    
 -0.648665428     -0.163163736     -0.315644354    
 -0.644763291     -0.158747539     -0.311625004    
 -0.640932739     -0.154538944     -0.307556003    
 -0.637078285     -0.150319934     -0.303697586    
 -0.633152306     -0.146444634     -0.299908727    
 -0.629520416     -0.142520174     -0.296183437    
 -0.625554740     -0.138657287     -0.291993231    
 -0.621875107     -0.134974718     -0.288556010    
 -0.618108094     -0.131464496     -0.284671783    
 -0.614452362     -0.127901137     -0.280942529    
 -0.610804558     -0.124499701     -0.277403980    
 -0.607085228     -0.121232867     -0.273754209    
 -0.603556633     -0.118003286     -0.270503759    
 -0.599773705     -0.114854179     -0.266754627    
 -0.596356392     -0.111827254     -0.263235956    
 -0.592764199     -0.108872853     -0.259852409    
 -0.589283288     -0.106008850     -0.256452948    
 -0.585778534     -0.103226304     -0.253240258    
 -0.582416832     -0.100389123     -0.250047445    
 -0.578943908      -9.77876261E-02 -0.246598318    
 -0.575447083      -9.51906070E-02 -0.243381664    
 -0.572077453      -9.27090645E-02 -0.240419313    
 -0.568842888      -9.03807580E-02 -0.237186745    
 -0.565425575      -8.78897831E-02 -0.234178707    
 -0.562254608      -8.56342390E-02 -0.231138870    
 -0.559059799      -8.34447667E-02 -0.228188440    
 -0.555610657      -8.11122358E-02 -0.225059196    
 -0.552487373      -7.90752470E-02 -0.222279623    
 -0.549372017      -7.69123435E-02 -0.219331190    
 -0.546137512      -7.50593841E-02 -0.216712549    
 -0.543141365      -7.29858875E-02 -0.213825703    
 -0.539938629      -7.11674467E-02 -0.211046144    
 -0.536990166      -6.93221912E-02 -0.208278492    
 -0.533898652      -6.74575567E-02 -0.205898285    
 -0.530783355      -6.57613054E-02 -0.203077003    
 -0.527946174      -6.40943646E-02 -0.200428560    
 -0.524973869      -6.23320527E-02 -0.198147699    
 -0.521922112      -6.07624650E-02 -0.195451573    
 -0.519212067      -5.92229255E-02 -0.192950174    
 -0.516096771      -5.77189028E-02 -0.190583870    
 -0.513482094      -5.62526286E-02 -0.188179806    
 -0.510628998      -5.46147414E-02 -0.185883045    
 -0.507744133      -5.34755476E-02 -0.183598205    
 -0.504787743      -5.19424677E-02 -0.181204081    
 -0.502459228      -5.07759564E-02 -0.178998709    
 -0.499463081      -4.93109226E-02 -0.176697969    
 -0.496904045      -4.81739640E-02 -0.174719095    
 -0.494098663      -4.69197817E-02 -0.172424316    
 -0.491595268      -4.57433350E-02 -0.170497105    
 -0.488909096      -4.45266552E-02 -0.168150663    
 -0.486365944      -4.35441732E-02 -0.166114166    
 -0.483687729      -4.23389189E-02 -0.164246559    
 -0.481263787      -4.12642956E-02 -0.162370995    
 -0.478585571      -4.02260572E-02 -0.160227224    
 -0.476225227      -3.92625742E-02 -0.158246353    
 -0.473825127      -3.83406878E-02 -0.156495973    
 -0.471242279      -3.73559706E-02 -0.154662132    
 -0.468834251      -3.63871455E-02 -0.152683258    
 -0.466545433      -3.55616212E-02 -0.150950745    
 -0.464097649      -3.45959030E-02 -0.149226189    
 -0.461689621      -3.38462479E-02 -0.147352621    
 -0.459559768      -3.29699367E-02 -0.145659849    
 -0.457000732      -3.21960710E-02 -0.144076347    
 -0.454894692      -3.14055644E-02 -0.142427281    
 -0.452582031      -3.05766854E-02 -0.140666962    
 -0.450364739      -2.98947096E-02 -0.139017895    
 -0.448155403      -2.91720033E-02 -0.137573481    
 -0.445953995      -2.84555051E-02 -0.135890648    
 -0.443847984      -2.78338790E-02 -0.134456158    
 -0.441686302      -2.71032248E-02 -0.132993862    
 -0.439445168      -2.64952574E-02 -0.131289169    
 -0.437577575      -2.58732587E-02 -0.129967928    
 -0.435209274      -2.53097471E-02 -0.128457949    
 -0.433405250      -2.46369597E-02 -0.127216175    
 -0.431283325      -2.40555648E-02 -0.125634670    
 -0.429344177      -2.35377494E-02 -0.124246873    
 -0.427325577      -2.30399277E-02 -0.123057760    
 -0.425275177      -2.24726889E-02 -0.121561684    
 -0.423423439      -2.19220910E-02 -0.120355688    
 -0.421460479      -2.14684755E-02 -0.118998684    
 -0.419584900      -2.09735092E-02 -0.117790699    
 -0.417661667      -2.05113236E-02 -0.116521120    
 -0.415889412      -1.99828297E-02 -0.115235649    
 -0.413958222      -1.96348876E-02 -0.114028655    
 -0.412130356      -1.91298630E-02 -0.112927951    
 -0.410493225      -1.87591966E-02 -0.111650430    
 -0.408577919      -1.83122233E-02 -0.110568605    
 -0.406757981      -1.79552790E-02 -0.109343730    
 -0.405144691      -1.75376739E-02 -0.108265877    
 -0.403539330      -1.71339754E-02 -0.107166171    
 -0.401671737      -1.68080758E-02 -0.106112160    
 -0.400050491      -1.64660942E-02 -0.105081998    
 -0.398373604      -1.60506610E-02 -0.103887916    
 -0.396855682      -1.58278886E-02 -0.102913380    
 -0.395075470      -1.53967487E-02 -0.101916991    
 -0.393533707      -1.51495142E-02 -0.100915633    
 -0.391999871      -1.47686647E-02  -9.98268500E-02
 -0.390513748      -1.45388143E-02  -9.88672152E-02
 -0.388987869      -1.42401708E-02  -9.79433432E-02
 -0.387215614      -1.39339520E-02  -9.70572233E-02
 -0.386039406      -1.35909142E-02  -9.60638151E-02
 -0.384418160      -1.33758411E-02  -9.51081514E-02
 -0.382892281      -1.31764142E-02  -9.42379236E-02
 -0.381596893      -1.29116075E-02  -9.33170319E-02
 -0.380138546      -1.25840306E-02  -9.23971310E-02
 -0.378696114      -1.23338150E-02  -9.16987658E-02
 -0.377309322      -1.21410936E-02  -9.06914473E-02
 -0.375994056      -1.19498000E-02  -8.98748636E-02
 -0.374702603      -1.16435811E-02  -8.90552998E-02
 -0.373307854      -1.14765642E-02  -8.82198438E-02
 -0.371944904      -1.13208471E-02  -8.73595476E-02
 -0.370732933      -1.09972432E-02  -8.66711140E-02
 -0.369564682      -1.08600901E-02  -8.58396292E-02
 -0.368201733      -1.06322272E-02  -8.50478783E-02
 -0.366942078      -1.04950741E-02  -8.42531547E-02
 -0.365861267      -1.02679553E-02  -8.34484920E-02
 -0.364565849      -1.01231039E-02  -8.28097239E-02
 -0.363477081      -9.92740225E-03  -8.20507631E-02
 -0.362209469      -9.72654670E-03  -8.12778845E-02
 -0.361160427      -9.67097748E-03  -8.04772004E-02
 -0.359984249      -9.36171692E-03  -7.99546614E-02
 -0.358935207      -9.25293844E-03  -7.91331157E-02
 -0.357902050      -9.14062094E-03  -7.84635544E-02
 -0.356705993      -8.92051775E-03  -7.77830705E-02
 -0.355676800      -8.82266741E-03  -7.70747662E-02
 -0.354794651      -8.55643302E-03  -7.64816999E-02
 -0.353686005      -8.56872648E-03  -7.57674351E-02
 -0.352676719      -8.31950456E-03  -7.51554966E-02
 -0.351711124      -8.22652783E-03  -7.44779930E-02
 -0.350840896      -8.07723682E-03  -7.38769770E-02
 -0.349771976      -7.98460096E-03  -7.31140375E-02
 -0.348933548      -7.80283799E-03  -7.25895166E-02
 -0.348043442      -7.62874261E-03  -7.21186399E-02
 -0.347093731      -7.58633623E-03  -7.13348389E-02
 -0.346263260      -7.41326576E-03  -7.07437620E-02
 -0.345500320      -7.25922501E-03  -7.01963902E-02
 -0.344590336      -7.18127331E-03  -6.95953742E-02
 -0.343751907      -7.06153596E-03  -6.89635649E-02
 -0.343060493      -6.92488020E-03  -6.83784485E-02
 -0.342170388      -6.87601650E-03  -6.78102151E-02
 -0.341490895      -6.64973632E-03  -6.73135146E-02
 -0.340644509      -6.59267744E-03  -6.67204484E-02
 -0.340064377      -6.45555556E-03  -6.61542043E-02
 -0.339361042      -6.32141391E-03  -6.57598153E-02
 -0.338578224      -6.23368332E-03  -6.49183989E-02
 -0.337974221      -6.07169559E-03  -6.46223649E-02
 -0.337294728      -6.02593645E-03  -6.39766455E-02
 -0.336643070      -5.88027760E-03  -6.34829178E-02
 -0.336066872      -5.74899232E-03  -6.29484653E-02
 -0.335407257      -5.61432308E-03  -6.24994449E-02
 -0.334886700      -5.58417896E-03  -6.19252510E-02
 -0.334417820      -5.37540764E-03  -6.14573546E-02
 -0.333698601      -5.28115779E-03  -6.08781986E-02
 -0.333241612      -5.22059062E-03  -6.04987144E-02
 -0.332697242      -5.00644883E-03  -5.98798208E-02
 -0.332303852      -4.90552420E-03  -5.94317913E-02
 -0.331787258      -4.83316043E-03  -5.90294600E-02
 -0.331330299      -4.67530126E-03  -5.84930182E-02
 -0.330909103      -4.55432246E-03  -5.80738001E-02
 -0.330503792      -4.38687066E-03  -5.75989485E-02
 -0.330030918      -4.36284253E-03  -5.70813827E-02
 -0.329697132      -4.15174291E-03  -5.66611700E-02
 -0.329315662      -4.07388434E-03  -5.61336689E-02
 -0.328938156      -3.91487638E-03  -5.56945801E-02
 -0.328719616      -3.71169299E-03  -5.53309917E-02
 -0.328318268      -3.67366406E-03  -5.49306460E-02
 -0.328087807      -3.52341053E-03  -5.44389077E-02
 -0.327718258      -3.35012260E-03  -5.38925342E-02
 -0.327563286      -3.18766874E-03  -5.36620617E-02
 -0.327304989      -3.08531639E-03  -5.31792641E-02
 -0.327062607      -2.94980896E-03  -5.27799129E-02
 -0.326915592      -2.75308266E-03  -5.23547344E-02
 -0.326772541      -2.62241811E-03  -5.19315414E-02
 -0.326462597      -2.45226547E-03  -5.15699387E-02
 -0.326446682      -2.29151919E-03  -5.11378050E-02
 -0.326240063      -2.11667898E-03  -5.07920980E-02
 -0.326224178      -1.93789601E-03  -5.05278520E-02
 -0.326037407      -1.78177527E-03  -5.00321388E-02
 -0.326033443      -1.61550322E-03  -4.96904068E-02
 -0.325942039      -1.40701106E-03  -4.93854284E-02
 -0.326009601      -1.28227600E-03  -4.89801168E-02
 -0.325874478      -1.04593730E-03  -4.86334153E-02
 -0.325989723      -8.94581899E-04  -4.83781099E-02
 -0.325969845      -7.08069012E-04  -4.80070710E-02
 -0.325874478      -4.62913886E-04  -4.76395078E-02
 -0.326124817      -3.23479384E-04  -4.73683067E-02
 -0.326251984      -3.16649675E-05  -4.71502542E-02
 -0.326216221       1.02709360E-04  -4.67598438E-02
 -0.326371193       3.49665061E-04  -4.65393066E-02
 -0.326518208       5.98110899E-04  -4.63043638E-02
 -0.326740742       7.46703416E-04  -4.60252166E-02
 -0.326955318       1.03741570E-03  -4.57103066E-02
 -0.327046722       1.22206600E-03  -4.54828143E-02
 -0.327360630       1.52681023E-03  -4.54326458E-02
 -0.327551365       1.73542649E-03  -4.50745225E-02
 -0.327869266       1.94022432E-03  -4.49205451E-02
 -0.327972561       2.22064555E-03  -4.46756668E-02
 -0.328552723       2.44397670E-03  -4.45966907E-02
 -0.328862667       2.72629154E-03  -4.44625802E-02
 -0.329013675       2.96998769E-03  -4.41998243E-02
 -0.329482555       3.23044765E-03  -4.41491604E-02
 -0.329917669       3.49236652E-03  -4.40567732E-02
 -0.330263376       3.79296648E-03  -4.39479947E-02
 -0.330754131       4.02914966E-03  -4.38556075E-02
 -0.331207126       4.31742519E-03  -4.38173600E-02
 -0.331650168       4.62500984E-03  -4.37950082E-02
 -0.332214445       4.89652157E-03  -4.38431911E-02
 -0.332589954       5.15154889E-03  -4.37522940E-02
 -0.333259493       5.47366217E-03  -4.38099094E-02
 -0.333873421       5.75864688E-03  -4.38421965E-02
 -0.334237009       6.02376321E-03  -4.39604111E-02
 -0.335113198       6.32187957E-03  -4.40681987E-02
 -0.335627794       6.64368272E-03  -4.41690274E-02
 -0.336313248       6.90681254E-03  -4.42728400E-02
 -0.336960942       7.21793622E-03  -4.44715209E-02
 -0.337731838       7.51061970E-03  -4.46796417E-02
 -0.338391453       7.80125475E-03  -4.49185558E-02
 -0.339176267       8.07186589E-03  -4.51872759E-02
 -0.339949131       8.39677360E-03  -4.54957299E-02
 -0.340793520       8.66890606E-03  -4.57594804E-02
 -0.341574341       8.96432158E-03  -4.61464114E-02
 -0.342426687       9.23800562E-03  -4.65765595E-02
 -0.343330711       9.54419374E-03  -4.69515733E-02
 -0.344262511       9.80322529E-03  -4.74398322E-02
 -0.345172495       1.00150704E-02  -4.79360409E-02
 -0.346110255       1.03411889E-02  -4.84421849E-02
 -0.347133487       1.05583733E-02  -4.90521379E-02
 -0.348146766       1.08221853E-02  -4.96278219E-02
 -0.349066645       1.10323848E-02  -5.03371172E-02
 -0.350296497       1.12823518E-02  -5.10285310E-02
 -0.351313740       1.14670023E-02  -5.17045446E-02
 -0.352448225       1.16742840E-02  -5.26035838E-02
 -0.353535026       1.18753873E-02  -5.33963256E-02
 -0.354790688       1.20279687E-02  -5.42327762E-02
 -0.356014580       1.22109428E-02  -5.52356243E-02
 -0.357174873       1.22718513E-02  -5.61470799E-02
 -0.358418614       1.24345226E-02  -5.71638346E-02
 -0.359763712       1.24869244E-02  -5.83201647E-02
 -0.361126661       1.26272440E-02  -5.94809651E-02
 -0.362418085       1.25461565E-02  -6.05752058E-02
 -0.363806874       1.26385437E-02  -6.18959479E-02
 -0.365253299       1.25971315E-02  -6.31441697E-02
 -0.366731495       1.25955790E-02  -6.45369291E-02
 -0.368138164       1.24651315E-02  -6.59162775E-02
 -0.369689852       1.23469783E-02  -6.74262643E-02
 -0.371243566       1.21991457E-02  -6.89014792E-02
 -0.372745603       1.19921444E-02  -7.05157742E-02
 -0.374404579       1.17976842E-02  -7.21986070E-02
 -0.376007944       1.14653260E-02  -7.38809481E-02
 -0.377757341       1.11424057E-02  -7.56944194E-02
 -0.379413366       1.07406331E-02  -7.74641857E-02
 -0.381110102       1.03243934E-02  -7.93680549E-02
 -0.382941961       9.84625239E-03  -8.14040527E-02
 -0.384769827       9.23772622E-03  -8.33416954E-02
 -0.386556983       8.65136553E-03  -8.54909420E-02
 -0.388435513       7.93871749E-03  -8.75751153E-02
 -0.390351802       7.14852149E-03  -8.97755250E-02
 -0.392243266       6.34826720E-03  -9.20305625E-02
 -0.394394010       5.46773290E-03  -9.44452956E-02
 -0.396161288       4.43439931E-03  -9.66489315E-02
 -0.398414344       3.38492286E-03  -9.91898254E-02
 -0.400432944       2.22716480E-03 -0.101676829    
 -0.402563810       9.46658372E-04 -0.104128569    
 -0.404552609      -4.23813850E-04 -0.106761359    
 -0.406866282      -1.88599026E-03 -0.109397620    
 -0.409075618      -3.44781834E-03 -0.112038352    
 -0.411295891      -5.14170760E-03 -0.114815183    
 -0.413474441      -6.87179482E-03 -0.117489450    
 -0.415897369      -8.84030014E-03 -0.120344758    
 -0.418098778      -1.08589726E-02 -0.123077631    
 -0.420660764      -1.30326180E-02 -0.126044944    
 -0.422874093      -1.52956694E-02 -0.128787011    
 -0.425411254      -1.77226346E-02 -0.131770968    
 -0.427731872      -2.03307103E-02 -0.134539858    
 -0.430369854      -2.29869038E-02 -0.137528032    
 -0.432706863      -2.59355959E-02 -0.140378758    
 -0.435257941      -2.88981330E-02 -0.143244982    
 -0.437823445      -3.20722051E-02 -0.146113083    
 -0.440346211      -3.54753807E-02 -0.148965418    
 -0.442878872      -3.89227644E-02 -0.151699901    
 -0.445521116      -4.26311679E-02 -0.154523805    
 -0.448145002      -4.64953482E-02 -0.157155216    
 -0.450674206      -5.05330674E-02 -0.159827307    
 -0.453340262      -5.47076873E-02 -0.162358582    
 -0.455927849      -5.91185875E-02 -0.164811566    
 -0.458569974      -6.37001470E-02 -0.167196378    
 -0.461151123      -6.84650168E-02 -0.169454262    
 -0.463795781      -7.34380037E-02 -0.171535477    
 -0.466386795      -7.85799474E-02 -0.173545063    
