   1.00000000    
  0.999970019    
  0.999951363    
  0.999935627    
  0.999927223    
  0.999922872    
  0.999921799    
  0.999924719    
  0.999932587    
  0.999944568    
  0.999957681    
  0.999974787    
  0.999991298    
   1.00001419    
   1.00003517    
   1.00005889    
   1.00008202    
   1.00010896    
   1.00013554    
   1.00016236    
   1.00019014    
   1.00021625    
   1.00024366    
   1.00027108    
   1.00029886    
   1.00032592    
   1.00035226    
   1.00037897    
   1.00040448    
   1.00042975    
   1.00045335    
   1.00047731    
   1.00050020    
   1.00052202    
   1.00054371    
   1.00056326    
   1.00058210    
   1.00060070    
   1.00061715    
   1.00063241    
   1.00064814    
   1.00066185    
   1.00067461    
   1.00068641    
   1.00069642    
   1.00070620    
   1.00071430    
   1.00072181    
   1.00072789    
   1.00073314    
   1.00073719    
   1.00073946    
   1.00074148    
   1.00074232    
   1.00074244    
   1.00074148    
   1.00073922    
   1.00073564    
   1.00073087    
   1.00072551    
   1.00071943    
   1.00071204    
   1.00070465    
   1.00069511    
   1.00068498    
   1.00067496    
   1.00066328    
   1.00065064    
   1.00063705    
   1.00062406    
   1.00060844    
   1.00059247    
   1.00057602    
   1.00055933    
   1.00054193    
   1.00052285    
   1.00050426    
   1.00048435    
   1.00046360    
   1.00044250    
   1.00042093    
   1.00039852    
   1.00037539    
   1.00035238    
   1.00032759    
   1.00030351    
   1.00027859    
   1.00025320    
   1.00022674    
   1.00019979    
   1.00017309    
   1.00014615    
   1.00011837    
   1.00008965    
   1.00006104    
   1.00003207    
   1.00000310    
  0.999972820    
  0.999942780    
  0.999912620    
  0.999881387    
  0.999850750    
  0.999819279    
  0.999787271    
  0.999755144    
  0.999723077    
  0.999690890    
  0.999658525    
  0.999625027    
  0.999592245    
  0.999559164    
  0.999525428    
  0.999491513    
  0.999457955    
  0.999423444    
  0.999389410    
  0.999354839    
  0.999320865    
  0.999286354    
  0.999251604    
  0.999216974    
  0.999181509    
  0.999146342    
  0.999112010    
  0.999076843    
  0.999042153    
  0.999006152    
  0.998970747    
  0.998936057    
  0.998899937    
  0.998865604    
  0.998829842    
  0.998794794    
  0.998759985    
  0.998723984    
  0.998688221    
  0.998653650    
  0.998618245    
  0.998583317    
  0.998547673    
  0.998512805    
  0.998477995    
  0.998443127    
  0.998408020    
  0.998373210    
  0.998339176    
  0.998304367    
  0.998269796    
  0.998235703    
  0.998201370    
  0.998166800    
  0.998133540    
  0.998099685    
  0.998066187    
  0.998033166    
  0.997998118    
  0.997965336    
  0.997932911    
  0.997900009    
  0.997867167    
  0.997834086    
  0.997802138    
  0.997770309    
  0.997737706    
  0.997706413    
  0.997674882    
  0.997643411    
  0.997612119    
  0.997581005    
  0.997550845    
  0.997520804    
  0.997489810    
  0.997459769    
  0.997429729    
  0.997399509    
  0.997370362    
  0.997341812    
  0.997312367    
  0.997284174    
  0.997256219    
  0.997227311    
  0.997200370    
  0.997172236    
  0.997144103    
  0.997117519    
  0.997091234    
  0.997063637    
  0.997037888    
  0.997011483    
  0.996986389    
  0.996960521    
  0.996935129    
  0.996910334    
  0.996885955    
  0.996861339    
  0.996836901    
  0.996813774    
  0.996789992    
  0.996766806    
  0.996743560    
  0.996721625    
  0.996699333    
  0.996677160    
  0.996655345    
  0.996633649    
  0.996612549    
  0.996592283    
  0.996571481    
  0.996551156    
  0.996531725    
  0.996511817    
  0.996492445    
  0.996473074    
  0.996454358    
  0.996436357    
  0.996418536    
  0.996400595    
  0.996383488    
  0.996365488    
  0.996348858    
  0.996332407    
  0.996315777    
  0.996300042    
  0.996284604    
  0.996269584    
  0.996253848    
  0.996239185    
  0.996224999    
  0.996210337    
  0.996196389    
  0.996183395    
  0.996170282    
  0.996157408    
  0.996144533    
  0.996131778    
  0.996119857    
  0.996108592    
  0.996096849    
  0.996085763    
  0.996075034    
  0.996063948    
  0.996053636    
  0.996044397    
  0.996034145    
  0.996024251    
  0.996015191    
  0.996006489    
  0.995998263    
  0.995989561    
  0.995981932    
  0.995973408    
  0.995966554    
  0.995958924    
  0.995952129    
  0.995945096    
  0.995938420    
  0.995932817    
  0.995926201    
  0.995920837    
  0.995915413    
  0.995910347    
  0.995905757    
  0.995900512    
  0.995896339    
  0.995892048    
  0.995887995    
  0.995884776    
  0.995881021    
  0.995878100    
  0.995874345    
  0.995871782    
  0.995869279    
  0.995867133    
  0.995864689    
  0.995862901    
  0.995861053    
  0.995859504    
  0.995858073    
  0.995857477    
  0.995855987    
  0.995855391    
  0.995855093    
  0.995854020    
  0.995854855    
  0.995854020    
  0.995854318    
  0.995854497    
  0.995855510    
  0.995855570    
  0.995857477    
  0.995857596    
  0.995859146    
  0.995860040    
  0.995862365    
  0.995864213    
  0.995865464    
  0.995867014    
  0.995868564    
  0.995871425    
  0.995873690    
  0.995875895    
  0.995878458    
  0.995881557    
  0.995883942    
  0.995886326    
  0.995889783    
  0.995893359    
  0.995895505    
  0.995899081    
  0.995902538    
  0.995905817    
  0.995909154    
  0.995912492    
  0.995915949    
  0.995919704    
  0.995923638    
  0.995926917    
  0.995931506    
  0.995934010    
  0.995939076    
  0.995942950    
  0.995946527    
  0.995950818    
  0.995954156    
  0.995958447    
  0.995962858    
  0.995966673    
  0.995971084    
  0.995975733    
  0.995979428    
  0.995983899    
  0.995987177    
  0.995992184    
  0.995996356    
  0.995999396    
  0.996004701    
  0.996008992    
  0.996012032    
  0.996016562    
  0.996020257    
  0.996024132    
  0.996028066    
  0.996031642    
  0.996035457    
  0.996039391    
  0.996043682    
  0.996047318    
  0.996051192    
  0.996054530    
  0.996058226    
  0.996061325    
  0.996065140    
  0.996068597    
  0.996071935    
  0.996075749    
  0.996078491    
  0.996081591    
  0.996085584    
  0.996087551    
  0.996090174    
  0.996093869    
  0.996096253    
  0.996099651    
  0.996101379    
  0.996104896    
  0.996107459    
  0.996109605    
  0.996111393    
  0.996114135    
  0.996116221    
  0.996119022    
  0.996120334    
  0.996122599    
  0.996125221    
  0.996126533    
  0.996127963    
  0.996130049    
  0.996131659    
  0.996132970    
  0.996134996    
  0.996136248    
  0.996137619    
  0.996138930    
  0.996140122    
  0.996141195    
  0.996142149    
  0.996142924    
  0.996144176    
  0.996144772    
  0.996144652    
  0.996145964    
  0.996146977    
  0.996147513    
  0.996148229    
  0.996148467    
  0.996149421    
  0.996149421    
  0.996149063    
  0.996149540    
  0.996149302    
  0.996149302    
