   0.00000000       0.00000000       0.00000000    
   3.05145257E-03   5.84206544E-03   1.17725534E-02
   6.26403373E-03   1.15474733E-02   2.35242974E-02
   9.62723140E-03   1.71125829E-02   3.52554880E-02
   1.31308446E-02   2.25342344E-02   4.69661504E-02
   1.67650264E-02   2.78099366E-02   5.86561151E-02
   2.05203220E-02   3.29379700E-02   7.03251287E-02
   2.43876092E-02   3.79170440E-02   8.19727331E-02
   2.83579770E-02   4.27458398E-02   9.35984254E-02
   3.24228369E-02   4.74227555E-02  0.105201587    
   3.65739241E-02   5.19463234E-02  0.116781205    
   4.08033654E-02   5.63155748E-02  0.128336623    
   4.51036803E-02   6.05295710E-02  0.139866799    
   4.94678207E-02   6.45882338E-02  0.151371121    
   5.38889728E-02   6.84916601E-02  0.162848189    
   5.83606549E-02   7.22407624E-02  0.174297258    
   6.28766939E-02   7.58366063E-02  0.185716912    
   6.74313381E-02   7.92808309E-02  0.197106645    
   7.20186904E-02   8.25750306E-02  0.208464891    
   7.66335651E-02   8.57209787E-02  0.219790265    
   8.12705234E-02   8.87208134E-02  0.231082097    
   8.59248117E-02   9.15766805E-02  0.242338628    
   9.05916542E-02   9.42908823E-02  0.253559083    
   9.52665582E-02   9.68658701E-02  0.264742404    
   9.99451876E-02   9.93042663E-02  0.275887132    
  0.104623444      0.101608530      0.286991984    
  0.109297432      0.103781223      0.298056066    
  0.113963537      0.105825305      0.309078246    
  0.118618160      0.107743330      0.320057303    
  0.123258032      0.109538384      0.330991954    
  0.127879873      0.111212842      0.341881305    
  0.132481009      0.112770073      0.352724582    
  0.137058273      0.114212558      0.363520384    
  0.141609251      0.115543358      0.374268025    
  0.146131486      0.116765417      0.384966761    
  0.150622651      0.117881358      0.395615369    
  0.155080274      0.118894249      0.406213075    
  0.159502685      0.119807012      0.416759282    
  0.163887829      0.120622344      0.427252978    
  0.168233976      0.121343009      0.437693805    
  0.172539622      0.121972129      0.448081106    
  0.176803172      0.122512221      0.458413988    
  0.181023136      0.122965910      0.468692094    
  0.185198456      0.123336188      0.478914976    
  0.189327791      0.123625569      0.489081830    
  0.193410337      0.123836599      0.499192595    
  0.197444856      0.123972006      0.509246707    
  0.201430753      0.124034323      0.519243896    
  0.205367163      0.124026068      0.529183805    
  0.209253356      0.123949543      0.539066434    
  0.213088900      0.123807423      0.548891187    
  0.216873109      0.123601750      0.558657706    
  0.220605895      0.123335049      0.568366647    
  0.224286571      0.123009600      0.578017175    
  0.227915064      0.122627519      0.587609708    
  0.231491148      0.122191064      0.597143531    
  0.235014498      0.121702261      0.606619716    
  0.238485083      0.121163085      0.616037011    
  0.241903067      0.120575704      0.625396371    
  0.245268226      0.119942166      0.634697258    
  0.248580739      0.119264171      0.643940330    
  0.251840681      0.118543804      0.653125107    
  0.255048424      0.117782600      0.662252843    
  0.258203804      0.116982676      0.671321988    
  0.261307120      0.116145447      0.680333912    
  0.264359117      0.115272723      0.689289689    
  0.267359644      0.114365906      0.698187530    
  0.270309001      0.113426916      0.707028687    
  0.273207664      0.112457104      0.715813279    
  0.276056290      0.111458063      0.724541903    
  0.278854817      0.110430881      0.733214498    
  0.281603903      0.109377243      0.741831303    
  0.284304261      0.108298607      0.750393152    
  0.286956102      0.107196040      0.758899987    
  0.289559931      0.106070898      0.767352521    
  0.292116106      0.104924306      0.775749981    
  0.294625580      0.103757598      0.784094214    
  0.297088534      0.102571897      0.792384326    
  0.299505651      0.101368271      0.800621212    
  0.301877350      0.100147717      0.808805525    
  0.304204464       9.89114717E-02  0.816936910    
  0.306487381       9.76601839E-02  0.825016677    
  0.308726728       9.63950008E-02  0.833045065    
  0.310923249       9.51170474E-02  0.841021776    
  0.313077033       9.38269570E-02  0.848947108    
  0.315189153       9.25257951E-02  0.856822431    
  0.317260087       9.12140831E-02  0.864647925    
  0.319290876       8.98927301E-02  0.872423470    
  0.321280986       8.85628164E-02  0.880149186    
  0.323231816       8.72247368E-02  0.887826264    
  0.325144082       8.58793259E-02  0.895454884    
  0.327018052       8.45273063E-02  0.903035820    
  0.328854442       8.31693038E-02  0.910568297    
  0.330653876       8.18057135E-02  0.918053687    
  0.332416803       8.04376230E-02  0.925492406    
  0.334143966       7.90652558E-02  0.932884455    
  0.335835934       7.76894391E-02  0.940230012    
  0.337493032       7.63104185E-02  0.947530031    
  0.339116365       7.49286339E-02  0.954785407    
  0.340706110       7.35451430E-02  0.961995006    
  0.342262983       7.21598044E-02  0.969159901    
  0.343787402       7.07735494E-02  0.976281106    
  0.345280111       6.93864524E-02  0.983358026    
  0.346741289       6.79991841E-02  0.990391374    
  0.348171979       6.66119456E-02  0.997382224    
  0.349572629       6.52252138E-02   1.00433028    
  0.350943595       6.38394579E-02   1.01123595    
  0.352285624       6.24548234E-02   1.01809943    
  0.353598863       6.10718615E-02   1.02492070    
  0.354884088       5.96907325E-02   1.03170168    
  0.356141686       5.83117045E-02   1.03844190    
  0.357372433       5.69350421E-02   1.04514098    
  0.358576655       5.55612780E-02   1.05179918    
  0.359754652       5.41904382E-02   1.05841923    
  0.360907108       5.28230853E-02   1.06499732    
  0.362034559       5.14592081E-02   1.07153714    
  0.363137394       5.00987954E-02   1.07803833    
  0.364216149       4.87424135E-02   1.08450150    
  0.365271002       4.73900922E-02   1.09092677    
  0.366302699       4.60421368E-02   1.09731317    
  0.367311507       4.46987115E-02   1.10366249    
  0.368298024       4.33600508E-02   1.10997319    
  0.369262695       4.20260318E-02   1.11624765    
  0.370205581       4.06973474E-02   1.12248564    
  0.371127397       3.93733941E-02   1.12868798    
  0.372028559       3.80551405E-02   1.13485348    
  0.372909278       3.67420577E-02   1.14098203    
  0.373770058       3.54345962E-02   1.14707601    
  0.374611199       3.41329835E-02   1.15313482    
  0.375433236       3.28367949E-02   1.15915883    
  0.376236767       3.15466411E-02   1.16514814    
  0.377021581       3.02623063E-02   1.17110276    
  0.377788305       2.89841052E-02   1.17702353    
  0.378537536       2.77121961E-02   1.18291008    
  0.379269004       2.64462810E-02   1.18876278    
  0.379983574       2.51866095E-02   1.19458222    
  0.380681574       2.39334460E-02   1.20036876    
  0.381363034       2.26866249E-02   1.20612192    
  0.382028520       2.14462485E-02   1.21184337    
  0.382678002       2.02123281E-02   1.21753192    
  0.383312345       1.89849958E-02   1.22318840    
  0.383931369       1.77642964E-02   1.22881293    
  0.384535730       1.65501647E-02   1.23440564    
  0.385125309       1.53426733E-02   1.23996723    
  0.385700792       1.41418371E-02   1.24549758    
  0.386262268       1.29479505E-02   1.25099730    
  0.386809945       1.17607592E-02   1.25646520    
  0.387344301       1.05800517E-02   1.26190329    
  0.387865305       9.40630306E-03   1.26731157    
  0.388373464       8.23940709E-03   1.27268851    
  0.388868868       7.07922829E-03   1.27803588    
  0.389352262       5.92576433E-03   1.28335488    
  0.389822960       4.77937190E-03   1.28864264    
  0.390281945       3.63972108E-03   1.29390240    
  0.390729308       2.50682491E-03   1.29913270    
  0.391164750       1.38087617E-03   1.30433202    
  0.391589373       2.61619687E-04   1.30950511    
  0.392003089      -8.50960729E-04   1.31465030    
  0.392405868      -1.95643422E-03   1.31976497    
  0.392798036      -3.05551756E-03   1.32485294    
  0.393179655      -4.14743740E-03   1.32991147    
  0.393551201      -5.23287943E-03   1.33494401    
  0.393912792      -6.31133933E-03   1.33994853    
  0.394264668      -7.38311559E-03   1.34492433    
  0.394607067      -8.44826922E-03   1.34987414    
  0.394939810      -9.50650312E-03   1.35479665    
  0.395263433      -1.05583249E-02   1.35969186    
  0.395577997      -1.16033182E-02   1.36456072    
  0.395883650      -1.26417670E-02   1.36940277    
  0.396180809      -1.36734927E-02   1.37421870    
  0.396469384      -1.46988258E-02   1.37900913    
  0.396749407      -1.57174077E-02   1.38377142    
  0.397021472      -1.67294797E-02   1.38850808    
  0.397285283      -1.77349802E-02   1.39322007    
  0.397541314      -1.87342539E-02   1.39790535    
  0.397789598      -1.97267216E-02   1.40256548    
  0.398030400      -2.07129624E-02   1.40720165    
  0.398263872      -2.16927994E-02   1.41181087    
  0.398489952      -2.26663239E-02   1.41639614    
  0.398708999      -2.36334894E-02   1.42095625    
  0.398920894      -2.45940741E-02   1.42549002    
  0.399126202      -2.55488232E-02   1.43000150    
  0.399324656      -2.64971871E-02   1.43448699    
  0.399516314      -2.74390578E-02   1.43894708    
  0.399701715      -2.83751860E-02   1.44338512    
  0.399880677      -2.93048546E-02   1.44779873    
  0.400053352      -3.02284639E-02   1.45218623    
  0.400220275      -3.11461221E-02   1.45655191    
  0.400381058      -3.20577398E-02   1.46089280    
  0.400536209      -3.29632685E-02   1.46521091    
  0.400685102      -3.38626243E-02   1.46950471    
  0.400828838      -3.47562358E-02   1.47377467    
  0.400966734      -3.56439874E-02   1.47802234    
  0.401099503      -3.65258455E-02   1.48224699    
  0.401226938      -3.74017991E-02   1.48644793    
  0.401348710      -3.82721722E-02   1.49062610    
  0.401466012      -3.91366556E-02   1.49478185    
  0.401577890      -3.99952009E-02   1.49891400    
  0.401684791      -4.08483632E-02   1.50302446    
  0.401787072      -4.16954421E-02   1.50711071    
  0.401884913      -4.25373875E-02   1.51117647    
  0.401977718      -4.33735028E-02   1.51521909    
  0.402066320      -4.42039222E-02   1.51923919    
  0.402150124      -4.50290442E-02   1.52323747    
  0.402229667      -4.58484851E-02   1.52721357    
  0.402304888      -4.66625728E-02   1.53116727    
  0.402376056      -4.74712774E-02   1.53510070    
  0.402443260      -4.82747294E-02   1.53901112    
  0.402506113      -4.90726456E-02   1.54290009    
  0.402565092      -4.98650484E-02   1.54676759    
  0.402620345      -5.06525561E-02   1.55061364    
  0.402671546      -5.14347814E-02   1.55443799    
  0.402719229      -5.22113852E-02   1.55824089    
  0.402763218      -5.29831238E-02   1.56202281    
  0.402803630      -5.37497327E-02   1.56578386    
  0.402840674      -5.45111969E-02   1.56952381    
  0.402873605      -5.52676767E-02   1.57324219    
  0.402904004      -5.60189337E-02   1.57694077    
  0.402930468      -5.67652658E-02   1.58061624    
  0.402954161      -5.75066321E-02   1.58427358    
  0.402974248      -5.82428053E-02   1.58790767    
  0.402991474      -5.89743517E-02   1.59152281    
  0.403005362      -5.97011074E-02   1.59511864    
  0.403016567      -6.04228228E-02   1.59869146    
  0.403024733      -6.11397587E-02   1.60224533    
  0.403030157      -6.18516356E-02   1.60577810    
  0.403032422      -6.25592023E-02   1.60929060    
  0.403032303      -6.32616580E-02   1.61278367    
  0.403029233      -6.39597625E-02   1.61625588    
  0.403023452      -6.46532178E-02   1.61970806    
  0.403015375      -6.53415844E-02   1.62314069    
  0.403004497      -6.60258010E-02   1.62655282    
  0.402991086      -6.67053312E-02   1.62994552    
  0.402975380      -6.73805624E-02   1.63331866    
  0.402957112      -6.80509955E-02   1.63667107    
  0.402936399      -6.87169358E-02   1.64000392    
  0.402913719      -6.93786442E-02   1.64331853    
  0.402888238      -7.00357035E-02   1.64661109    
  0.402861118      -7.06884637E-02   1.64988589    
  0.402831554      -7.13370219E-02   1.65314090    
  0.402800024      -7.19811991E-02   1.65637553    
  0.402766138      -7.26208463E-02   1.65959096    
  0.402730614      -7.32564777E-02   1.66278851    
  0.402692795      -7.38877878E-02   1.66596580    
  0.402653039      -7.45150670E-02   1.66912270    
  0.402611285      -7.51379654E-02   1.67226124    
  0.402567863      -7.57568255E-02   1.67538106    
  0.402522773      -7.63714015E-02   1.67848134    
  0.402475506      -7.69821405E-02   1.68156290    
  0.402426749      -7.75884762E-02   1.68462420    
  0.402375966      -7.81910643E-02   1.68766677    
  0.402323663      -7.87895620E-02   1.69069171    
  0.402269870      -7.93841556E-02   1.69369590    
  0.402214348      -7.99747333E-02   1.69668257    
  0.402157396      -8.05613846E-02   1.69964898    
  0.402098566      -8.11438411E-02   1.70259655    
  0.402038723      -8.17231759E-02   1.70552742    
  0.401976794      -8.22979286E-02   1.70843697    
  0.401913911      -8.28692466E-02   1.71132970    
  0.401849419      -8.34366307E-02   1.71420300    
  0.401783675      -8.40006024E-02   1.71705747    
  0.401716679      -8.45604464E-02   1.71989334    
  0.401648283      -8.51165578E-02   1.72270989    
  0.401578516      -8.56694579E-02   1.72550893    
  0.401507914      -8.62181485E-02   1.72828758    
  0.401435703      -8.67635086E-02   1.73104918    
  0.401362270      -8.73054191E-02   1.73379302    
  0.401287913      -8.78433660E-02   1.73651624    
  0.401212513      -8.83781910E-02   1.73922229    
  0.401135594      -8.89092088E-02   1.74190927    
  0.401057988      -8.94369259E-02   1.74457753    
  0.400979400      -8.99608284E-02   1.74722767    
  0.400899619      -9.04818922E-02   1.74985981    
  0.400818884      -9.09989625E-02   1.75247252    
  0.400737315      -9.15129408E-02   1.75506783    
  0.400654703      -9.20234993E-02   1.75764418    
  0.400571495      -9.25305858E-02   1.76020157    
  0.400487155      -9.30344090E-02   1.76274085    
  0.400402039      -9.35352892E-02   1.76526308    
  0.400316119      -9.40325633E-02   1.76776528    
  0.400229275      -9.45268869E-02   1.77024996    
  0.400141954      -9.50176939E-02   1.77271688    
  0.400053591      -9.55053568E-02   1.77516389    
  0.399964869      -9.59897935E-02   1.77759421    
  0.399875283      -9.64713171E-02   1.78000438    
  0.399784803      -9.69497487E-02   1.78239763    
  0.399694234      -9.74247903E-02   1.78477156    
  0.399602950      -9.78970230E-02   1.78712761    
  0.399510801      -9.83661041E-02   1.78946507    
  0.399418443      -9.88323316E-02   1.79178596    
  0.399325043      -9.92953852E-02   1.79408586    
  0.399231613      -9.97553691E-02   1.79636919    
  0.399137616     -0.100212507       1.79863298    
  0.399043471     -0.100667246       1.80088043    
  0.398948729     -0.101118274       1.80310810    
  0.398853451     -0.101567000       1.80531728    
  0.398757696     -0.102012627       1.80750799    
  0.398661733     -0.102455147       1.80967951    
  0.398565620     -0.102895297       1.81183481    
  0.398469180     -0.103332296       1.81397009    
  0.398372144     -0.103766635       1.81608796    
  0.398275316     -0.104198433       1.81818700    
  0.398178339     -0.104627334       1.82026756    
  0.398080766     -0.105053358       1.82232916    
  0.397983164     -0.105477050       1.82437289    
  0.397885501     -0.105897807       1.82639837    
  0.397788078     -0.106315956       1.82840586    
  0.397690117     -0.106731370       1.83039272    
  0.397592157     -0.107144363       1.83236361    
  0.397494555     -0.107554659       1.83431423    
  0.397396684     -0.107962184       1.83624649    
  0.397298843     -0.108367331       1.83816016    
  0.397201061     -0.108769841       1.84005511    
  0.397103429     -0.109169781       1.84193206    
  0.397005767     -0.109567299       1.84378970    
  0.396908611     -0.109962054       1.84562933    
  0.396811336     -0.110354424       1.84744895    
  0.396714628     -0.110744536       1.84925246    
  0.396617621     -0.111131802       1.85103333    
  0.396521479     -0.111516997       1.85279930    
  0.396425486     -0.111899234       1.85454404    
  0.396329582     -0.112279095       1.85627019    
  0.396234214     -0.112656631       1.85797834    
  0.396138906     -0.113031909       1.85966611    
  0.396044612     -0.113404468       1.86133564    
  0.395950705     -0.113774553       1.86298645    
  0.395856977     -0.114142329       1.86461782    
  0.395763904     -0.114507630       1.86623049    
  0.395671606     -0.114870414       1.86782467    
  0.395579636     -0.115230650       1.86939776    
  0.395488590     -0.115588434       1.87095296    
  0.395397872     -0.115944035       1.87248743    
  0.395308197     -0.116297185       1.87400484    
  0.395218909     -0.116647564       1.87550199    
  0.395130724     -0.116995595       1.87697804    
  0.395043254     -0.117341183       1.87843788    
  0.394956619     -0.117683887       1.87987590    
  0.394870490     -0.118024491       1.88129377    
  0.394785672     -0.118362516       1.88269365    
  0.394701868     -0.118697882       1.88407266    
  0.394619137     -0.119030543       1.88543260    
  0.394537240     -0.119360544       1.88677180    
  0.394456267     -0.119687870       1.88809168    
  0.394376725     -0.120012604       1.88939202    
  0.394297928     -0.120334946       1.89067304    
  0.394220799     -0.120654225       1.89193356    
  0.394144684     -0.120970741       1.89317334    
  0.394070029     -0.121284425       1.89439392    
  0.393996418     -0.121595301       1.89559317    
  0.393923938     -0.121903099       1.89677262    
  0.393853128     -0.122208059       1.89793086    
  0.393783778     -0.122510143       1.89906979    
  0.393715769     -0.122809038       1.90018833    
  0.393649429     -0.123104692       1.90128541    
  0.393584579     -0.123397410       1.90236294    
  0.393520951     -0.123686425       1.90341854    
  0.393459231     -0.123972468       1.90445280    
  0.393399358     -0.124254830       1.90546727    
  0.393340319     -0.124533862       1.90646029    
  0.393283516     -0.124809273       1.90743196    
  0.393228590     -0.125081167       1.90838349    
  0.393175125     -0.125349268       1.90931320    
  0.393123627     -0.125613406       1.91022170    
  0.393073767     -0.125873536       1.91110730    
  0.393025905     -0.126129985       1.91197383    
  0.392979711     -0.126381993       1.91281736    
  0.392935574     -0.126629785       1.91363871    
  0.392892897     -0.126873076       1.91443837    
  0.392852783     -0.127112269       1.91521680    
  0.392814279     -0.127346456       1.91597235    
  0.392777801     -0.127576038       1.91670704    
  0.392743051     -0.127800629       1.91741824    
  0.392710447     -0.128020361       1.91810703    
  0.392679930     -0.128234819       1.91877472    
  0.392651051     -0.128443912       1.91941845    
  0.392624199     -0.128647566       1.92003882    
  0.392599225     -0.128845602       1.92063820    
  0.392576098     -0.129038081       1.92121398    
  0.392554790     -0.129224107       1.92176628    
  0.392535746     -0.129404396       1.92229617    
  0.392518193     -0.129578054       1.92280185    
  0.392502695     -0.129745468       1.92328513    
  0.392488569     -0.129906118       1.92374372    
  0.392476320     -0.130059838       1.92417920    
  0.392465830     -0.130206823       1.92459118    
  0.392456859     -0.130346194       1.92497885    
  0.392448992     -0.130478397       1.92534256    
  0.392443240     -0.130602598       1.92568195    
  0.392438263     -0.130718961       1.92599726    
  0.392434388     -0.130827457       1.92628706    
  0.392432004     -0.130927756       1.92655396    
  0.392430723     -0.131019250       1.92679584    
  0.392430067     -0.131101981       1.92701244    
  0.392430395     -0.131175980       1.92720377    
  0.392430961     -0.131240681       1.92736995    
  0.392432094     -0.131296292       1.92751145    
  0.392433196     -0.131341979       1.92762768    
  0.392434627     -0.131377950       1.92771733    
  0.392435968     -0.131403968       1.92778194    
  0.392436802     -0.131419882       1.92782104    
  0.392437190     -0.131425112       1.92783427    
