   1.60051298    
  0.367872655    
  0.257420212    
  0.198996976    
  0.163088441    
  0.141514391    
  0.223300248    
  0.191106796    
  0.157847062    
  0.116249576    
  0.107243247    
   9.63373780E-02
   8.74895155E-02
   8.07657912E-02
   7.48018995E-02
   7.00875223E-02
  0.129068881    
   8.79647434E-02
   6.34360239E-02
   7.30209425E-02
   6.78789094E-02
   6.34242594E-02
   5.95265366E-02
   5.60865328E-02
   5.30274250E-02
   5.02887703E-02
   4.78223488E-02
   4.55891937E-02
   4.35574800E-02
   4.17009518E-02
   3.95900719E-02
   3.80533226E-02
   3.66324708E-02
   3.53148133E-02
   3.40894423E-02
   3.28975432E-02
   3.18328999E-02
   3.08111105E-02
   2.98786703E-02
   2.89991405E-02
   2.81702671E-02
   2.73659453E-02
   2.66165957E-02
   2.59154402E-02
   2.52524577E-02
   2.46227570E-02
   2.39873622E-02
   2.34188158E-02
   2.28730757E-02
   2.23468505E-02
   2.18372066E-02
   2.13345755E-02
   2.08691023E-02
   2.04314962E-02
   1.99633688E-02
   1.96399502E-02
   1.95705649E-02
   1.89615563E-02
   1.93307288E-02
   2.31886134E-02
   2.29026750E-02
   3.53517309E-02
   3.41319926E-02
   3.29866596E-02
   3.66019569E-02
   3.52864750E-02
   3.58666293E-02
   3.71763967E-02
   3.85844931E-02
   1.51805198E-02
   2.20132545E-02
   2.15408895E-02
   2.10949089E-02
   2.86522843E-02
   2.78493911E-02
   2.70848423E-02
   2.63610985E-02
   2.56752148E-02
   2.50243898E-02
   2.44061965E-02
   2.61944458E-02
   2.55277418E-02
   2.48946473E-02
   2.42825542E-02
   2.37000119E-02
   2.31453218E-02
   2.26157680E-02
   2.21149307E-02
   2.16313936E-02
   2.11732704E-02
   2.16134861E-02
   2.11513937E-02
   2.07088254E-02
   2.02880930E-02
   1.98806357E-02
   1.94892995E-02
   1.91096403E-02
   1.87479276E-02
   1.83997154E-02
   1.80642623E-02
   1.77408755E-02
   1.74289122E-02
   1.71277784E-02
   1.68369152E-02
   1.65558066E-02
   1.62839685E-02
   1.60209462E-02
   1.57663226E-02
   1.55196944E-02
   1.52806928E-02
   1.50489677E-02
   1.48241920E-02
   1.46060567E-02
   1.43942693E-02
   1.41885588E-02
   1.39886644E-02
   1.37919541E-02
   1.35269929E-02
   1.33452462E-02
   1.31664760E-02
   1.29905902E-02
   1.28229260E-02
   1.26559520E-02
   1.24873361E-02
   1.23302164E-02
   1.21791381E-02
   1.20317061E-02
   1.18878111E-02
   1.17473276E-02
   1.16080828E-02
   1.14743700E-02
   1.13436729E-02
   1.12104136E-02
   1.10856900E-02
   1.09634558E-02
   1.08439140E-02
   1.07251788E-02
   1.06108226E-02
   1.04957931E-02
   1.03844628E-02
   1.02772610E-02
   1.01687815E-02
   1.00625549E-02
   9.96180717E-03
   9.85834468E-03
   9.75228939E-03
   9.65625327E-03
   9.56346001E-03
   9.46789514E-03
   9.37695522E-03
   9.28635709E-03
   9.20070987E-03
   9.11654811E-03
   9.03249253E-03
   8.94865580E-03
   8.86893459E-03
   8.79069045E-03
   8.71211756E-03
   8.62991530E-03
   8.55489261E-03
   8.48079193E-03
   8.40432104E-03
   8.33409466E-03
   8.26354232E-03
   8.19407310E-03
   8.12335126E-03
   8.05532373E-03
   7.98843894E-03
   7.91436620E-03
   7.85215385E-03
   7.79091567E-03
   7.72911124E-03
   7.66964583E-03
   7.60109210E-03
   7.53788929E-03
   7.48023577E-03
   7.42347911E-03
   7.36310938E-03
   7.30708614E-03
   7.24855531E-03
   7.19522173E-03
   7.14267418E-03
   7.09057366E-03
   8.28770269E-03
   8.32039304E-03
   8.25145096E-03
   8.18364415E-03
   8.11694562E-03
   8.05132743E-03
   8.02555867E-03
   7.96140637E-03
   1.52874598E-02
   1.50555316E-02
   1.48305595E-02
   1.46122361E-02
   1.44002717E-02
   1.41943907E-02
   1.39943184E-02
   1.14782555E-02
   6.56011933E-03
   6.51614927E-03
   6.47382671E-03
   6.43124338E-03
   6.39001466E-03
   5.57038235E-03
   5.32568665E-03
   5.29743405E-03
   5.26944548E-03
   5.31769404E-03
   5.34627493E-03
   5.37493452E-03
   5.41439420E-03
   5.57184778E-03
   5.67145832E-03
   5.70371561E-03
   5.73641993E-03
   5.75990556E-03
   5.74417925E-03
   5.75670786E-03
   5.78985456E-03
   5.80330146E-03
   5.83707774E-03
   6.36870274E-03
   6.41831243E-03
   6.45963987E-03
   6.57369429E-03
   6.74414961E-03
   7.00899214E-03
   7.05829030E-03
   7.12674810E-03
   7.17768120E-03
   7.45967962E-03
   7.51551054E-03
   7.57220620E-03
   7.62976194E-03
   7.68813770E-03
   7.74741126E-03
   7.79771572E-03
   7.84879457E-03
   7.91056547E-03
   7.98343495E-03
   8.06783233E-03
   8.14347435E-03
   8.23080540E-03
   8.25694669E-03
   8.32540542E-03
   8.38426687E-03
   8.42268486E-03
   8.50474089E-03
   8.56641214E-03
   8.60697404E-03
   8.64801463E-03
   8.41985643E-03
   8.32125638E-03
   4.03182255E-03
