   0.00000000       0.00000000       0.00000000       1.00000000    
   5.88184223E-03   2.92999973E-03   1.50852115E-03  0.999962270    
   1.17438249E-02   5.81025751E-03   3.06390459E-03  0.999885142    
   1.75853651E-02   8.63988698E-03   4.66199638E-03  0.999764979    
   2.34058145E-02   1.14181070E-02   6.29880745E-03  0.999604583    
   2.92045996E-02   1.41443973E-02   7.97055475E-03  0.999403000    
   3.49811912E-02   1.68185215E-02   9.67366528E-03  0.999160469    
   4.07350361E-02   1.94403622E-02   1.14047229E-02  0.998878062    
   4.64656092E-02   2.20096819E-02   1.31604346E-02  0.998556912    
   5.21724597E-02   2.45260391E-02   1.49376988E-02  0.998197317    
   5.78551069E-02   2.69890204E-02   1.67336054E-02  0.997798622    
   6.35131374E-02   2.93983109E-02   1.85454171E-02  0.997362852    
   6.91462457E-02   3.17536592E-02   2.03706417E-02  0.996888578    
   7.47540146E-02   3.40550020E-02   2.22069137E-02  0.996380031    
   8.03362057E-02   3.63025628E-02   2.40521021E-02  0.995833755    
   8.58924985E-02   3.84966880E-02   2.59041004E-02  0.995252907    
   9.14225653E-02   4.06379104E-02   2.77610216E-02  0.994636536    
   9.69262347E-02   4.27268520E-02   2.96210591E-02  0.993987560    
  0.102403231       4.47642244E-02   3.14824469E-02  0.993304670    
  0.107853159       4.67507131E-02   3.33436802E-02  0.992588878    
  0.113276020       4.86871265E-02   3.52030881E-02  0.991841197    
  0.118671417       5.05743325E-02   3.70593704E-02  0.991061151    
  0.124039203       5.24130985E-02   3.89111303E-02  0.990250826    
  0.129379287       5.42043597E-02   4.07571048E-02  0.989410341    
  0.134691313       5.59490360E-02   4.25960831E-02  0.988540530    
  0.139975145       5.76480031E-02   4.44269627E-02  0.987641573    
  0.145230681       5.93021289E-02   4.62487154E-02  0.986714065    
  0.150457725       6.09124340E-02   4.80603501E-02  0.985759258    
  0.155656129       6.24797866E-02   4.98609655E-02  0.984777033    
  0.160825580       6.40052259E-02   5.16496897E-02  0.983768523    
  0.165966153       6.54894933E-02   5.34257293E-02  0.982733607    
  0.171077624       6.69337288E-02   5.51883876E-02  0.981674016    
  0.176159829       6.83386847E-02   5.69368899E-02  0.980589569    
  0.181212723       6.97053820E-02   5.86706810E-02  0.979480922    
  0.186236233       7.10347444E-02   6.03891425E-02  0.978349090    
  0.191230237       7.23276213E-02   6.20918311E-02  0.977193713    
  0.196194530       7.35849291E-02   6.37780428E-02  0.976016104    
  0.201129109       7.48075768E-02   6.54474795E-02  0.974817038    
  0.206033900       7.59964511E-02   6.70997277E-02  0.973596096    
  0.210908920       7.71523491E-02   6.87343925E-02  0.972354293    
  0.215753943       7.82762095E-02   7.03511164E-02  0.971093178    
  0.220569015       7.93688595E-02   7.19496682E-02  0.969811797    
  0.225354090       8.04310068E-02   7.35296905E-02  0.968511403    
  0.230109140       8.14636201E-02   7.50909969E-02  0.967192411    
  0.234834060       8.24674293E-02   7.66333640E-02  0.965855002    
  0.239528894       8.34431574E-02   7.81566948E-02  0.964500308    
  0.244193643       8.43916535E-02   7.96607137E-02  0.963128209    
  0.248828217       8.53136480E-02   8.11453760E-02  0.961739779    
  0.253432721       8.62099156E-02   8.26105624E-02  0.960334897    
  0.258007169       8.70810673E-02   8.40561613E-02  0.958914459    
  0.262551516       8.79279673E-02   8.54821578E-02  0.957478642    
  0.267065644       8.87511596E-02   8.68884996E-02  0.956027746    
  0.271549940       8.95513967E-02   8.82752314E-02  0.954562783    
  0.276004136       9.03293416E-02   8.96422341E-02  0.953083873    
  0.280428410       9.10855755E-02   9.09896120E-02  0.951591671    
  0.284822613       9.18208212E-02   9.23174173E-02  0.950086296    
  0.289187282       9.25356448E-02   9.36255902E-02  0.948568046    
  0.293521971       9.32305902E-02   9.49142724E-02  0.947037399    
  0.297827065       9.39063430E-02   9.61835831E-02  0.945494711    
  0.302102327       9.45634320E-02   9.74334925E-02  0.943940759    
  0.306348115       9.52023640E-02   9.86641794E-02  0.942375779    
  0.310564250       9.58237797E-02   9.98757109E-02  0.940799952    
  0.314751297       9.64280888E-02  0.101068310      0.939214051    
  0.318908721       9.70159695E-02  0.102241971      0.937617600    
  0.323036999       9.75877345E-02  0.103396848      0.936011612    
  0.327136576       9.81440097E-02  0.104533195      0.934396684    
  0.331206769       9.86851156E-02  0.105651170      0.932772458    
  0.335248172       9.92116928E-02  0.106750749      0.931139410    
  0.339260757       9.97241065E-02  0.107832223      0.929497957    
  0.343244672      0.100222766      0.108895801      0.927849233    
  0.347200215      0.100708105      0.109941565      0.926191747    
  0.351127237      0.101180546      0.110969760      0.924527049    
  0.355026096      0.101640567      0.111980580      0.922855377    
  0.358896762      0.102088407      0.112974204      0.921177089    
  0.362739593      0.102524526      0.113950737      0.919492185    
  0.366554320      0.102949254      0.114910483      0.917800486    
  0.370341480      0.103362963      0.115853623      0.916103423    
  0.374100924      0.103766046      0.116780333      0.914400220    
  0.377832919      0.104158804      0.117690831      0.912691474    
  0.381537735      0.104541495      0.118585274      0.910977542    
  0.385215193      0.104914524      0.119463935      0.909258783    
  0.388865888      0.105278119      0.120327011      0.907535017    
  0.392489940      0.105632640      0.121174686      0.905806541    
  0.396087021      0.105978377      0.122007221      0.904074252    
  0.399657518      0.106315546      0.122824684      0.902337313    
  0.403201729      0.106644452      0.123627365      0.900597095    
  0.406719923      0.106965326      0.124415539      0.898853004    
  0.410211921      0.107278466      0.125189558      0.897105515    
  0.413677871      0.107584096      0.125949144      0.895354629    
  0.417118281      0.107882455      0.126694843      0.893600583    
  0.420533031      0.108173758      0.127426907      0.891844094    
  0.423922509      0.108458236      0.128145382      0.890085042    
  0.427286536      0.108736113      0.128850564      0.888323426    
  0.430625618      0.109007560      0.129542708      0.886559248    
  0.433939815      0.109272867      0.130221829      0.884793222    
  0.437229246      0.109532133      0.130888298      0.883025289    
  0.440493852      0.109785594      0.131542251      0.881255925    
  0.443734258      0.110033423      0.132183820      0.879484415    
  0.446950674      0.110275753      0.132813409      0.877711654    
  0.450142622      0.110512860      0.133430988      0.875937939    
  0.453310639      0.110744797      0.134036958      0.874162793    
  0.456455082      0.110971801      0.134631261      0.872387052    
  0.459575772      0.111193962      0.135214314      0.870610356    
  0.462673008      0.111411482      0.135786101      0.868832886    
  0.465747207      0.111624502      0.136346966      0.867054880    
  0.468798250      0.111833125      0.136897087      0.865276754    
  0.471826285      0.112037532      0.137436569      0.863498509    
  0.474831522      0.112237804      0.137965709      0.861720204    
  0.477813959      0.112434149      0.138484538      0.859941542    
  0.480774283      0.112626590      0.138993233      0.858163416    
  0.483712405      0.112815246      0.139492005      0.856385529    
  0.486628234      0.113000296      0.139981180      0.854607821    
  0.489521742      0.113181829      0.140460819      0.852830946    
  0.492394239      0.113359965      0.140930876      0.851054549    
  0.495244056      0.113534786      0.141391829      0.849279106    
  0.498072803      0.113706425      0.141843662      0.847504616    
  0.500880361      0.113874897      0.142286658      0.845730901    
  0.503666937      0.114040367      0.142720863      0.843958557    
  0.506432652      0.114202887      0.143146425      0.842187107    
  0.509177148      0.114362545      0.143563613      0.840417147    
  0.511901140      0.114519455      0.143972442      0.838648558    
  0.514604151      0.114673711      0.144373223      0.836881340    
  0.517287076      0.114825323      0.144766062      0.835115790    
  0.519949734      0.114974402      0.145150855      0.833352506    
  0.522592723      0.115120985      0.145528018      0.831590295    
  0.525215387      0.115265250      0.145897567      0.829830587    
  0.527817965      0.115407124      0.146259785      0.828072250    
  0.530401289      0.115546785      0.146614611      0.826316118    
  0.532965064      0.115684211      0.146962166      0.824562669    
  0.535509706      0.115819566      0.147302836      0.822810411    
  0.538034976      0.115952760      0.147636637      0.821061730    
  0.540541232      0.116083965      0.147963613      0.819314539    
  0.543028712      0.116213195      0.148283899      0.817570150    
  0.545497239      0.116340540      0.148597673      0.815828621    
  0.547947228      0.116465993      0.148904994      0.814088941    
  0.550378740      0.116589651      0.149206102      0.812352061    
  0.552791953      0.116711505      0.149500981      0.810618639    
  0.555186868      0.116831653      0.149789810      0.808887601    
  0.557564020      0.116950132      0.150072664      0.807159543    
  0.559923112      0.117066957      0.150349647      0.805434108    
  0.562264502      0.117182203      0.150620967      0.803712070    
  0.564588189      0.117295854      0.150886610      0.801993191    
  0.566894352      0.117408007      0.151146799      0.800277412    
  0.569183290      0.117518678      0.151401520      0.798564553    
  0.571455002      0.117627904      0.151650980      0.796855092    
  0.573709667      0.117735736      0.151895136      0.795149386    
  0.575947046      0.117842175      0.152134210      0.793446779    
  0.578167856      0.117947236      0.152368367      0.791747451    
  0.580372155      0.118050970      0.152597427      0.790051818    
  0.582559466      0.118153431      0.152821749      0.788359761    
  0.584730446      0.118254624      0.153041288      0.786671042    
  0.586885571      0.118354611      0.153256267      0.784986377    
  0.589023888      0.118453331      0.153466538      0.783305407    
  0.591146588      0.118550941      0.153672352      0.781628072    
  0.593253195      0.118647337      0.153873831      0.779954791    
  0.595343292      0.118742615      0.154070944      0.778284550    
  0.597418547      0.118836798      0.154263854      0.776618898    
  0.599478424      0.118929870      0.154452667      0.774957180    
  0.601522028      0.119021878      0.154637381      0.773299634    
  0.603550911      0.119112797      0.154818133      0.771645606    
  0.605563939      0.119202733      0.154994905      0.769995868    
  0.607562542      0.119291574      0.155167818      0.768350422    
  0.609546006      0.119379520      0.155336946      0.766709149    
  0.611514151      0.119466491      0.155502483      0.765071809    
  0.613467932      0.119552478      0.155664399      0.763439119    
  0.615406990      0.119637541      0.155822605      0.761810541    
  0.617331386      0.119721614      0.155977473      0.760186255    
  0.619241476      0.119804867      0.156128839      0.758566201    
  0.621137202      0.119887158      0.156276852      0.756950557    
  0.623018801      0.119968586      0.156421572      0.755339801    
  0.624886572      0.120049126      0.156563073      0.753733218    
  0.626739621      0.120128803      0.156701401      0.752130985    
  0.628578901      0.120207660      0.156836689      0.750533581    
  0.630404830      0.120285720      0.156968743      0.748940349    
  0.632216692      0.120362863      0.157097995      0.747351706    
  0.634015024      0.120439239      0.157224163      0.745768249    
  0.635800421      0.120514855      0.157347485      0.744189203    
  0.637571871      0.120589703      0.157468081      0.742614567    
  0.639330387      0.120663680      0.157585844      0.741045058    
  0.641075671      0.120736897      0.157700896      0.739480376    
  0.642807305      0.120809458      0.157813281      0.737920165    
  0.644526780      0.120881155      0.157923132      0.736365139    
  0.646232903      0.120952189      0.158030421      0.734814465    
  0.647925854      0.121022478      0.158135086      0.733268738    
  0.649606884      0.121091969      0.158237383      0.731728137    
  0.651275218      0.121160790      0.158337116      0.730192602    
  0.652930319      0.121228911      0.158434629      0.728661537    
  0.654573679      0.121296324      0.158529833      0.727135956    
  0.656204402      0.121363044      0.158622772      0.725614965    
  0.657823145      0.121429078      0.158713460      0.724099517    
  0.659429491      0.121494472      0.158801809      0.722588599    
  0.661023617      0.121559173      0.158888236      0.721083045    
  0.662606180      0.121623121      0.158972397      0.719582498    
  0.664176822      0.121686496      0.159054577      0.718087137    
  0.665735483      0.121749252      0.159134760      0.716596723    
  0.667282522      0.121811159      0.159212857      0.715111375    
  0.668818057      0.121872559      0.159289151      0.713631749    
  0.670341730      0.121933319      0.159363389      0.712156951    
  0.671854317      0.121993333      0.159435779      0.710687280    
  0.673354864      0.122052848      0.159506381      0.709223211    
  0.674844801      0.122111633      0.159575298      0.707764506    
  0.676323295      0.122169793      0.159642294      0.706310868    
  0.677790463      0.122227505      0.159707680      0.704862475    
  0.679246724      0.122284383      0.159771293      0.703419447    
  0.680691898      0.122340776      0.159833238      0.701981664    
  0.682126045      0.122396424      0.159893602      0.700549603    
  0.683549941      0.122451551      0.159952313      0.699122787    
  0.684962571      0.122506097      0.160009667      0.697701156    
  0.686364651      0.122559994      0.160065308      0.696285069    
  0.687756121      0.122613318      0.160119399      0.694874823    
  0.689137101      0.122666061      0.160172209      0.693469405    
  0.690507472      0.122718096      0.160223514      0.692069769    
  0.691867411      0.122769766      0.160273343      0.690675497    
  0.693217158      0.122820713      0.160321862      0.689286828    
  0.694556713      0.122871019      0.160369039      0.687903941    
  0.695886075      0.122920848      0.160414934      0.686526477    
  0.697205186      0.122969821      0.160459369      0.685154557    
  0.698514581      0.123018593      0.160502687      0.683788121    
  0.699813187      0.123066507      0.160544753      0.682427287    
  0.701102853      0.123114094      0.160585582      0.681071818    
  0.702381790      0.123160847      0.160625160      0.679722905    
  0.703651488      0.123207219      0.160663664      0.678378642    
  0.704911888      0.123252891      0.160700887      0.677040040    
  0.706161797      0.123297982      0.160737187      0.675707936    
  0.707402647      0.123342551      0.160772279      0.674381196    
  0.708633602      0.123386793      0.160806328      0.673059642    
  0.709855139      0.123430058      0.160839364      0.671744406    
  0.711067557      0.123473085      0.160871327      0.670434713    
  0.712270379      0.123515405      0.160902396      0.669130504    
  0.713463962      0.123557076      0.160932451      0.667832315    
  0.714648426      0.123598404      0.160961464      0.666540205    
  0.715823591      0.123638935      0.160989657      0.665253818    
  0.716989756      0.123678997      0.161016867      0.663972974    
  0.718147039      0.123718522      0.161043286      0.662697613    
  0.719294965      0.123757496      0.161068767      0.661428332    
  0.720434010      0.123795807      0.161093354      0.660165310    
  0.721564651      0.123833694      0.161117211      0.658907771    
  0.722685695      0.123870797      0.161140129      0.657656491    
  0.723798513      0.123907611      0.161162376      0.656410754    
  0.724902570      0.123943694      0.161183849      0.655171037    
  0.725997627      0.123979293      0.161204636      0.653937042    
  0.727084100      0.124014296      0.161224544      0.652709305    
  0.728162587      0.124048799      0.161243841      0.651487529    
  0.729232132      0.124082759      0.161262393      0.650271118    
  0.730292976      0.124116004      0.161280394      0.649061143    
  0.731345594      0.124148726      0.161297604      0.647857249    
  0.732390106      0.124180950      0.161314219      0.646659136    
  0.733426094      0.124212675      0.161330268      0.645467401    
  0.734453976      0.124243729      0.161345631      0.644281030    
  0.735473275      0.124274254      0.161360458      0.643101633    
  0.736484408      0.124304175      0.161374703      0.641927361    
  0.737487972      0.124333553      0.161388353      0.640759706    
  0.738482833      0.124362387      0.161401629      0.639597952    
  0.739470065      0.124390654      0.161414251      0.638442278    
  0.740448892      0.124418378      0.161426499      0.637292802    
  0.741419733      0.124445483      0.161438048      0.636149585    
  0.742383480      0.124472037      0.161449417      0.635012150    
  0.743338346      0.124497987      0.161460042      0.633881032    
  0.744286180      0.124523461      0.161470398      0.632755995    
  0.745225966      0.124548301      0.161480233      0.631637156    
  0.746158004      0.124572501      0.161489859      0.630524576    
  0.747082353      0.124596246      0.161498964      0.629418433    
  0.747998774      0.124619469      0.161507711      0.628318071    
  0.748907983      0.124641880      0.161516160      0.627224088    
  0.749809027      0.124663964      0.161524296      0.626136780    
  0.750703037      0.124685355      0.161532000      0.625055134    
  0.751589835      0.124706082      0.161539391      0.623979867    
  0.752468407      0.124726385      0.161546543      0.622911155    
  0.753340065      0.124746025      0.161553502      0.621848583    
  0.754204035      0.124765091      0.161560014      0.620791912    
  0.755060732      0.124783516      0.161566451      0.619742215    
  0.755910099      0.124801531      0.161572531      0.618698657    
  0.756752431      0.124818705      0.161578521      0.617661417    
  0.757587075      0.124835484      0.161584169      0.616630495    
  0.758414865      0.124851644      0.161589712      0.615605891    
  0.759235322      0.124867178      0.161595047      0.614587665    
  0.760048389      0.124882191      0.161600292      0.613576233    
  0.760854423      0.124896541      0.161605328      0.612571001    
  0.761653841      0.124910250      0.161610290      0.611572087    
  0.762445629      0.124923460      0.161615103      0.610579491    
  0.763230681      0.124935903      0.161619842      0.609593630    
  0.764008880      0.124947973      0.161624402      0.608614028    
  0.764779627      0.124959335      0.161628932      0.607640862    
  0.765543997      0.124970123      0.161633372      0.606674850    
  0.766300797      0.124980278      0.161637917      0.605714679    
  0.767051280      0.124989733      0.161642268      0.604761124    
  0.767794430      0.124998808      0.161646724      0.603814423    
  0.768531084      0.125007108      0.161651179      0.602874458    
  0.769260705      0.125014871      0.161655575      0.601940453    
  0.769984186      0.125021979      0.161660030      0.601013601    
  0.770699978      0.125028417      0.161664501      0.600093007    
  0.771409690      0.125034407      0.161668986      0.599179268    
  0.772112250      0.125039712      0.161673635      0.598272026    
  0.772808909      0.125044361      0.161678523      0.597371578    
  0.773498356      0.125048548      0.161683232      0.596477926    
  0.774181068      0.125051960      0.161688268      0.595590532    
  0.774857163      0.125054777      0.161693305      0.594709992    
  0.775526404      0.125057057      0.161698475      0.593836427    
  0.776189864      0.125058666      0.161703855      0.592969596    
  0.776846170      0.125059709      0.161709383      0.592109680    
  0.777496278      0.125060096      0.161714971      0.591256022    
  0.778139770      0.125059903      0.161721006      0.590409458    
  0.778776765      0.125059083      0.161727175      0.589570105    
  0.779407084      0.125057653      0.161733449      0.588737071    
  0.780031145      0.125055581      0.161740094      0.587910712    
  0.780648887      0.125052914      0.161746904      0.587091804    
  0.781260371      0.125049770      0.161754042      0.586279631    
  0.781864643      0.125045925      0.161761463      0.585474074    
  0.782463491      0.125041440      0.161769077      0.584675372    
  0.783055425      0.125036418      0.161777169      0.583884180    
  0.783641040      0.125030786      0.161785424      0.583099723    
  0.784220338      0.125024512      0.161794111      0.582322180    
  0.784793258      0.125017643      0.161803082      0.581551731    
  0.785360098      0.125010282      0.161812395      0.580787957    
  0.785920441      0.125002146      0.161822110      0.580031693    
  0.786474764      0.124993652      0.161832169      0.579282403    
  0.787022293      0.124984436      0.161842674      0.578540146    
  0.787564516      0.124974728      0.161853597      0.577804804    
  0.788099110      0.124964334      0.161864936      0.577076733    
  0.788628876      0.124953471      0.161876738      0.576355934    
  0.789151609      0.124942109      0.161888912      0.575642347    
  0.789668143      0.124930106      0.161901504      0.574935794    
  0.790178835      0.124917589      0.161914572      0.574236453    
  0.790682793      0.124904357      0.161928222      0.573544264    
  0.791180909      0.124890819      0.161942333      0.572859645    
  0.791672885      0.124876730      0.161956906      0.572182417    
  0.792158484      0.124862015      0.161971971      0.571512103    
  0.792638183      0.124846801      0.161987543      0.570849478    
  0.793111861      0.124831207      0.162003621      0.570194066    
  0.793578744      0.124815039      0.162020251      0.569546163    
  0.794039905      0.124798492      0.162037432      0.568905711    
  0.794494450      0.124781281      0.162055224      0.568272412    
  0.794943631      0.124763712      0.162073568      0.567646921    
  0.795386314      0.124745667      0.162092283      0.567028701    
  0.795822203      0.124727286      0.162111849      0.566417992    
  0.796253204      0.124708377      0.162131757      0.565815091    
  0.796677232      0.124689139      0.162152261      0.565219998    
  0.797094822      0.124669336      0.162173450      0.564631879    
  0.797506928      0.124649227      0.162195191      0.564051867    
  0.797912538      0.124628812      0.162217572      0.563479364    
  0.798312068      0.124608114      0.162240505      0.562914550    
  0.798705280      0.124586925      0.162264004      0.562358022    
  0.799092352      0.124565490      0.162288040      0.561808705    
  0.799473524      0.124543816      0.162312731      0.561267316    
  0.799848676      0.124521658      0.162338004      0.560733557    
  0.800217628      0.124499418      0.162363887      0.560208201    
  0.800580144      0.124476872      0.162390351      0.559690654    
  0.800936759      0.124454193      0.162417382      0.559180856    
  0.801286876      0.124431200      0.162445009      0.558679104    
  0.801630974      0.124407962      0.162473053      0.558185637    
  0.801968575      0.124384664      0.162501857      0.557700098    
  0.802300394      0.124361165      0.162531182      0.557222724    
  0.802625954      0.124337621      0.162560984      0.556753337    
  0.802945077      0.124314018      0.162591368      0.556292355    
  0.803258359      0.124290280      0.162622288      0.555839658    
  0.803564906      0.124266542      0.162653521      0.555394948    
  0.803865135      0.124242701      0.162685484      0.554959118    
  0.804159522      0.124218993      0.162717789      0.554531872    
  0.804447234      0.124195188      0.162750453      0.554111958    
  0.804728687      0.124171548      0.162783638      0.553701043    
  0.805004239      0.124147967      0.162817255      0.553299069    
  0.805273175      0.124124520      0.162851214      0.552905083    
  0.805535913      0.124101207      0.162885472      0.552520335    
  0.805791676      0.124078132      0.162920117      0.552143812    
  0.806042016      0.124055170      0.162955061      0.551776350    
  0.806285441      0.124032453      0.162990153      0.551417589    
  0.806522310      0.124010101      0.163025573      0.551067591    
  0.806752741      0.123987935      0.163061008      0.550726354    
  0.806977034      0.123966187      0.163096860      0.550394416    
  0.807194531      0.123944804      0.163132638      0.550071478    
  0.807406008      0.123923771      0.163168445      0.549757719    
  0.807610393      0.123903215      0.163204253      0.549452603    
  0.807808399      0.123883016      0.163240135      0.549157381    
  0.808000267      0.123863406      0.163275808      0.548871279    
  0.808184922      0.123844273      0.163311347      0.548594236    
  0.808362901      0.123825625      0.163346723      0.548326969    
  0.808534801      0.123807564      0.163381711      0.548069000    
  0.808699846      0.123790011      0.163416445      0.547820568    
  0.808857977      0.123773210      0.163450614      0.547581792    
  0.809009671      0.123757035      0.163484514      0.547352970    
  0.809154391      0.123741522      0.163517684      0.547133803    
  0.809292555      0.123726793      0.163550347      0.546924293    
  0.809423625      0.123712592      0.163582206      0.546725094    
  0.809548020      0.123699255      0.163613275      0.546535730    
  0.809665620      0.123686656      0.163643599      0.546356320    
  0.809776127      0.123674892      0.163672835      0.546187222    
  0.809879839      0.123663694      0.163700968      0.546028256    
  0.809976578      0.123653591      0.163727999      0.545880079    
  0.810066342      0.123644166      0.163753629      0.545741856    
  0.810148716      0.123635486      0.163778007      0.545614064    
  0.810224771      0.123627633      0.163800910      0.545497298    
  0.810293555      0.123620741      0.163822144      0.545391202    
  0.810355067      0.123614602      0.163841635      0.545295835    
  0.810409427      0.123609275      0.163859472      0.545211554    
  0.810456574      0.123604685      0.163875207      0.545138001    
  0.810496807      0.123600796      0.163888976      0.545075834    
  0.810529649      0.123597778      0.163900375      0.545024157    
  0.810554981      0.123595506      0.163909599      0.544983983    
  0.810573280      0.123593889      0.163916379      0.544955492    
  0.810584307      0.123592936      0.163920552      0.544937789    
  0.810588002      0.123592719      0.163921937      0.544931889    
