   1.57079995      0.785399973      0.392699987    
   1.56504941      0.772623062      0.406090081    
   1.55921268      0.759666800      0.418387771    
   1.55329692      0.746539533      0.429639280    
   1.54730070      0.733288944      0.439907163    
   1.54122758      0.719989955      0.449249089    
   1.53508294      0.706697822      0.457715958    
   1.52886403      0.693407953      0.465344518    
   1.52257264      0.680046678      0.472180039    
   1.51621747      0.666570842      0.478274912    
   1.50980115      0.653015733      0.483686745    
   1.50333488      0.639391482      0.488469243    
   1.49682415      0.625723362      0.492674470    
   1.49027622      0.612080097      0.496345878    
   1.48369479      0.598519504      0.499515593    
   1.47708201      0.585080683      0.502215087    
   1.47044158      0.571787894      0.504471242    
   1.46377409      0.558660805      0.506311178    
   1.45708418      0.545713961      0.507756233    
   1.45037270      0.532957673      0.508829832    
   1.44364166      0.520403385      0.509553254    
   1.43689394      0.508054554      0.509947419    
   1.43013048      0.495917708      0.510030091    
   1.42335033      0.483997226      0.509818137    
   1.41655862      0.472295463      0.509331524    
   1.40975642      0.460814744      0.508584023    
   1.40294206      0.449556559      0.507593691    
   1.39612162      0.438521206      0.506370664    
   1.38929260      0.427709281      0.504935026    
   1.38245690      0.417119503      0.503294945    
   1.37561774      0.406751961      0.501467466    
   1.36877549      0.396605283      0.499460638    
   1.36192977      0.386677474      0.497288764    
   1.35508275      0.376968443      0.494961411    
   1.34823811      0.367474109      0.492489487    
   1.34139180      0.358192772      0.489883095    
   1.33454955      0.349120378      0.487150818    
   1.32771218      0.340258598      0.484303892    
   1.32087719      0.331600070      0.481350154    
   1.31404901      0.323144197      0.478296667    
   1.30722666      0.314887106      0.475151330    
   1.30041385      0.306826502      0.471921653    
   1.29360902      0.298957169      0.468615860    
   1.28681493      0.291278630      0.465239376    
   1.28003085      0.283786237      0.461799771    
   1.27326047      0.276475281      0.458301365    
   1.26650286      0.269343376      0.454751521    
   1.25975859      0.262387991      0.451155275    
   1.25303018      0.255605370      0.447518140    
   1.24631858      0.248990774      0.443843812    
   1.23962331      0.242541566      0.440136760    
   1.23294592      0.236254588      0.436403066    
   1.22628736      0.230126560      0.432646215    
   1.21964967      0.224152714      0.428870142    
   1.21303093      0.218332186      0.425079107    
   1.20643449      0.212658659      0.421273291    
   1.19986069      0.207130894      0.417458713    
   1.19331014      0.201745272      0.413641721    
   1.18678260      0.196497753      0.409819722    
   1.18028009      0.191385761      0.405997872    
   1.17380309      0.186406851      0.402180433    
   1.16735125      0.181556240      0.398367196    
   1.16092670      0.176831916      0.394562662    
   1.15452647      0.172231585      0.390765905    
   1.14815676      0.167750567      0.386980742    
   1.14181376      0.163386524      0.383210391    
   1.13550019      0.159137875      0.379455537    
   1.12921488      0.155000418      0.375716895    
   1.12295818      0.150972024      0.371996492    
   1.11673260      0.147049770      0.368301004    
   1.11053538      0.143231258      0.364621609    
   1.10436964      0.139513448      0.360967696    
   1.09823644      0.135894567      0.357338250    
   1.09213328      0.132370949      0.353731573    
   1.08606040      0.128940880      0.350150794    
   1.08001888      0.125602037      0.346598178    
   1.07401085      0.122352786      0.343073010    
   1.06803274      0.119188845      0.339577436    
   1.06208909      0.116110243      0.336109757    
   1.05617464      0.113112673      0.332672864    
   1.05029595      0.110195741      0.329266250    
   1.04444730      0.107356429      0.325889885    
   1.03863215      0.104593471      0.322545141    
   1.03284872      0.101903833      0.319234401    
   1.02710032       9.92868245E-02  0.315953016    
   1.02138150       9.67388153E-02  0.312706769    
   1.01569736       9.42599773E-02  0.309490353    
   1.01004612       9.18468460E-02  0.306309044    
   1.00442612       8.94989967E-02  0.303159088    
  0.998839021       8.72137621E-02  0.300044179    
  0.993284941       8.49899650E-02  0.296961099    
  0.987763703       8.28259662E-02  0.293913037    
  0.982274771       8.07197466E-02  0.290897876    
  0.976818621       7.86698014E-02  0.287918150    
  0.971393704       7.66748562E-02  0.284970820    
  0.966001749       7.47342110E-02  0.282053888    
  0.960642457       7.28443712E-02  0.279174775    
  0.955314040       7.10064471E-02  0.276327580    
  0.950017393       6.92173094E-02  0.273512840    
  0.944753766       6.74762353E-02  0.270733684    
  0.939520836       6.57812953E-02  0.267985731    
  0.934319437       6.41324967E-02  0.265269816    
  0.929149866       6.25277087E-02  0.262588292    
  0.924011230       6.09657355E-02  0.259939402    
  0.918903530       5.94459735E-02  0.257322222    
  0.913827777       5.79671152E-02  0.254737616    
  0.908781528       5.65268584E-02  0.252183825    
  0.903765678       5.51259145E-02  0.249661446    
  0.898780406       5.37624992E-02  0.247172296    
  0.893824935       5.24359308E-02  0.244713619    
  0.888900697       5.11447452E-02  0.242285714    
  0.884004533       4.98874411E-02  0.239888370    
  0.879139543       4.86637130E-02  0.237521037    
  0.874303818       4.74731065E-02  0.235183850    
  0.869496822       4.63140644E-02  0.232877180    
  0.864718735       4.51866649E-02  0.230599448    
  0.859970093       4.40883301E-02  0.228350133    
  0.855248690       4.30194288E-02  0.226128757    
  0.850557029       4.19794992E-02  0.223938808    
  0.845892966       4.09671888E-02  0.221774638    
  0.841257155       3.99812050E-02  0.219639599    
  0.836648762       3.90219465E-02  0.217532530    
  0.832067728       3.80881988E-02  0.215452000    
  0.827514589       3.71789522E-02  0.213398844    
  0.822987914       3.62939276E-02  0.211370066    
  0.818489611       3.54325213E-02  0.209369406    
  0.814016938       3.45938168E-02  0.207395136    
  0.809571207       3.37772705E-02  0.205446243    
  0.805151582       3.29822041E-02  0.203522846    
  0.800758243       3.22080068E-02  0.201623544    
  0.796390116       3.14550884E-02  0.199748188    
  0.792048037       3.07216812E-02  0.197898701    
  0.787732184       3.00077517E-02  0.196073338    
  0.783441603       2.93124337E-02  0.194270194    
  0.779175282       2.86345780E-02  0.192491293    
  0.774934590       2.79754046E-02  0.190734953    
  0.770717680       2.73331478E-02  0.189001411    
  0.766524732       2.67073121E-02  0.187289998    
  0.762357652       2.60989703E-02  0.185602054    
  0.758213997       2.55059060E-02  0.183934957    
  0.754093707       2.49290634E-02  0.182289973    
  0.749997675       2.43661180E-02  0.180664629    
  0.745924115       2.38187239E-02  0.179060936    
  0.741874576       2.32849680E-02  0.177478090    
  0.737847149       2.27650516E-02  0.175916001    
  0.733842909       2.22591199E-02  0.174371764    
  0.729862034       2.17659101E-02  0.172848687    
  0.725902438       2.12852024E-02  0.171345472    
  0.721965134       2.08177119E-02  0.169859365    
  0.718050718       2.03619935E-02  0.168393478    
  0.714156628       1.99178215E-02  0.166946352    
  0.710285902       1.94849297E-02  0.165516973    
  0.706434786       1.90630350E-02  0.164105624    
  0.702605069       1.86534245E-02  0.162711501    
  0.698796988       1.82523578E-02  0.161334515    
  0.695011079       1.78627893E-02  0.159975484    
  0.691242635       1.74819697E-02  0.158632994    
  0.687496662       1.71121377E-02  0.157307759    
  0.683769882       1.67508330E-02  0.155997366    
  0.680064142       1.63989346E-02  0.154704183    
  0.676377177       1.60558596E-02  0.153425455    
  0.672710359       1.57219097E-02  0.152164325    
  0.669062614       1.53953284E-02  0.150918469    
  0.665434957       1.50777865E-02  0.149686620    
  0.661825478       1.47683043E-02  0.148468837    
  0.658236086       1.44666089E-02  0.147267133    
  0.654664397       1.41721396E-02  0.146080285    
  0.651110709       1.38845844E-02  0.144906566    
  0.647576392       1.36044146E-02  0.143746600    
  0.644060135       1.33315111E-02  0.142601475    
  0.640561044       1.30647989E-02  0.141469344    
  0.637080312       1.28053296E-02  0.140350148    
  0.633617640       1.25514828E-02  0.139245003    
  0.630170941       1.23042082E-02  0.138152555    
  0.626743436       1.20627377E-02  0.137071982    
  0.623331726       1.18271960E-02  0.136003777    
  0.619937360       1.15978708E-02  0.134948775    
  0.616559625       1.13736605E-02  0.133906141    
  0.613198459       1.11548705E-02  0.132874340    
  0.609853804       1.09414542E-02  0.131855160    
  0.606524944       1.07327001E-02  0.130846739    
  0.603212297       1.05294259E-02  0.129849285    
  0.599916458       1.03307115E-02  0.128864616    
  0.596634626       1.01366621E-02  0.127889857    
  0.593370557       9.94683895E-03  0.126926422    
  0.590120018       9.76206176E-03  0.125972301    
  0.586885393       9.58164502E-03  0.125030041    
  0.583665311       9.40511189E-03  0.124098189    
  0.580460370       9.23231244E-03  0.123175256    
  0.577270806       9.06376727E-03  0.122263543    
  0.574095130       8.89935158E-03  0.121360876    
  0.570934176       8.73833802E-03  0.120468386    
  0.567787290       8.58103670E-03  0.119584955    
  0.564654827       8.42720177E-03  0.118711047    
  0.561535656       8.27733055E-03  0.117846780    
  0.558430970       8.13006889E-03  0.116991565    
  0.555339992       7.98659492E-03  0.116144605    
  0.552261293       7.84590095E-03  0.115307227    
  0.549196959       7.70855928E-03  0.114477962    
  0.546146274       7.57389469E-03  0.113657884    
  0.543107688       7.44236214E-03  0.112845890    
  0.540081143       7.31385732E-03  0.112042144    
  0.537068605       7.18779676E-03  0.111246303    
  0.534068227       7.06430105E-03  0.110458188    
  0.531080425       6.94392109E-03  0.109679028    
  0.528104007       6.82521192E-03  0.108907178    
  0.525140941       6.70973631E-03  0.108142801    
  0.522189438       6.59611495E-03  0.107385933    
  0.519249439       6.48534996E-03  0.106637232    
  0.516320586       6.37630885E-03  0.105895728    
  0.513403177       6.26950758E-03  0.105161153    
  0.510499060       6.16500294E-03  0.104433224    
  0.507603765       6.06307108E-03  0.103712745    
  0.504720628       5.96275227E-03  0.102999434    
  0.501848936       5.86392917E-03  0.102292649    
  0.498986959       5.76709211E-03  0.101592772    
  0.496135920       5.67271188E-03  0.100899793    
  0.493295699       5.58020826E-03  0.100212052    
  0.490465879       5.48915006E-03   9.95318666E-02
  0.487645924       5.39952656E-03   9.88578051E-02
  0.484835654       5.31219970E-03   9.81898904E-02
  0.482035846       5.22612548E-03   9.75282416E-02
  0.479246259       5.14121912E-03   9.68730450E-02
  0.476465762       5.05873980E-03   9.62230116E-02
  0.473694026       4.97728912E-03   9.55792144E-02
  0.470932513       4.89754742E-03   9.49413553E-02
  0.468180448       4.81883436E-03   9.43094566E-02
  0.465436488       4.74182470E-03   9.36835930E-02
  0.462702245       4.66590142E-03   9.30625200E-02
  0.459976166       4.59144590E-03   9.24471393E-02
  0.457259595       4.51849680E-03   9.18375552E-02
  0.454550892       4.44596447E-03   9.12339762E-02
  0.451851010       4.37575160E-03   9.06343162E-02
  0.449158996       4.30635456E-03   9.00408179E-02
  0.446474731       4.23779991E-03   8.94523412E-02
  0.443799436       4.17089602E-03   8.88689682E-02
  0.441131860       4.10472602E-03   8.82909074E-02
  0.438470900       4.04055277E-03   8.77172947E-02
  0.435818255       3.97628732E-03   8.71490389E-02
  0.433173180       3.91389104E-03   8.65853727E-02
  0.430535346       3.85219208E-03   8.60267878E-02
  0.427904040       3.79161281E-03   8.54727104E-02
  0.425280750       3.73172830E-03   8.49243551E-02
  0.422663748       3.67320701E-03   8.43799338E-02
  0.420053422       3.61599145E-03   8.38390440E-02
  0.417450219       3.55909392E-03   8.33040327E-02
  0.414853245       3.50349443E-03   8.27734545E-02
  0.412261993       3.44905024E-03   8.22469816E-02
  0.409677565       3.39519070E-03   8.17250162E-02
  0.407099426       3.34222917E-03   8.12077895E-02
  0.404526472       3.29029257E-03   8.06949511E-02
  0.401960194       3.23872245E-03   8.01863745E-02
  0.399399012       3.18884943E-03   7.96815231E-02
  0.396844178       3.13940435E-03   7.91811198E-02
  0.394293696       3.09098768E-03   7.86849633E-02
  0.391748488       3.04357708E-03   7.81917647E-02
  0.389209151       2.99682445E-03   7.77048767E-02
  0.386674345       2.95128673E-03   7.72202089E-02
  0.384144634       2.90609221E-03   7.67403841E-02
  0.381619811       2.86199013E-03   7.62642622E-02
  0.379099309       2.81887269E-03   7.57921487E-02
  0.376583755       2.77676526E-03   7.53234029E-02
  0.374072105       2.73488392E-03   7.48589635E-02
  0.371563971       2.69456836E-03   7.43980333E-02
  0.369061232       2.65495968E-03   7.39414468E-02
  0.366561919       2.61580525E-03   7.34877065E-02
  0.364066690       2.57825688E-03   7.30386078E-02
  0.361574411       2.54146545E-03   7.25928694E-02
  0.359086007       2.50521675E-03   7.21501485E-02
  0.356601030       2.47015199E-03   7.17114508E-02
  0.354119211       2.43599457E-03   7.12758973E-02
  0.351640433       2.40309304E-03   7.08439052E-02
  0.349165201       2.37037172E-03   7.04157948E-02
  0.346692473       2.33923364E-03   6.99908361E-02
  0.344222605       2.30867951E-03   6.95698336E-02
  0.341755569       2.27931794E-03   6.91521242E-02
  0.339290172       2.25148024E-03   6.87371418E-02
  0.336827785       2.22392776E-03   6.83251619E-02
  0.334367126       2.19750218E-03   6.79168701E-02
  0.331909239       2.17237626E-03   6.75126761E-02
  0.329452515       2.14846875E-03   6.71102107E-02
  0.326997727       2.12532887E-03   6.67113662E-02
  0.324544758       2.10320530E-03   6.63155168E-02
  0.322092891       2.08255718E-03   6.59228563E-02
  0.319642097       2.06288905E-03   6.55333698E-02
  0.317193627       2.04449706E-03   6.51465952E-02
  0.314745277       2.02731066E-03   6.47630617E-02
  0.312298477       2.01143557E-03   6.43821210E-02
  0.309851795       1.99690135E-03   6.40031621E-02
  0.307406515       1.98353804E-03   6.36279210E-02
  0.304961264       1.97142176E-03   6.32552430E-02
  0.302516699       1.96086918E-03   6.28848523E-02
  0.300071627       1.95125211E-03   6.25175014E-02
  0.297627568       1.94340758E-03   6.21527508E-02
  0.295182645       1.93669822E-03   6.17899150E-02
  0.292737871       1.93138770E-03   6.14298619E-02
  0.290293813       1.92791584E-03   6.10725656E-02
  0.287847877       1.92548975E-03   6.07173033E-02
  0.285400987       1.92525226E-03   6.03636764E-02
  0.282954365       1.92602258E-03   6.00129776E-02
  0.280506581       1.92864507E-03   5.96639328E-02
  0.278057694       1.93313090E-03   5.93166500E-02
  0.275607139       1.93873118E-03   5.89714609E-02
  0.273154974       1.94651179E-03   5.86286336E-02
  0.270702124       1.95567729E-03   5.82875125E-02
  0.268246919       1.96712837E-03   5.79467677E-02
  0.265790284       1.98014406E-03   5.76087087E-02
  0.263331264       1.99469575E-03   5.72718047E-02
  0.260871470       2.01135059E-03   5.69367371E-02
  0.258407325       2.02968041E-03   5.66022620E-02
  0.255940855       2.05012760E-03   5.62687926E-02
  0.253473252       2.07240251E-03   5.59372939E-02
  0.251002133       2.09663087E-03   5.56061752E-02
  0.248527750       2.12282361E-03   5.52757494E-02
  0.246050775       2.15127086E-03   5.49461395E-02
  0.243570119       2.18148949E-03   5.46172224E-02
  0.241086066       2.21387018E-03   5.42885922E-02
  0.238598689       2.24855775E-03   5.39601296E-02
  0.236107081       2.28528166E-03   5.36313057E-02
  0.233612657       2.32391828E-03   5.33031635E-02
  0.231113210       2.36497074E-03   5.29745892E-02
  0.228609160       2.40816060E-03   5.26457727E-02
  0.226102382       2.45333882E-03   5.23160696E-02
  0.223589033       2.50075292E-03   5.19855581E-02
  0.221071824       2.55058054E-03   5.16542904E-02
  0.218549475       2.60238163E-03   5.13222441E-02
  0.216022268       2.65651615E-03   5.09887077E-02
  0.213489279       2.71284580E-03   5.06536104E-02
  0.210951343       2.77135521E-03   5.03167212E-02
  0.208407521       2.83189421E-03   4.99778166E-02
  0.205857903       2.89487001E-03   4.96365987E-02
  0.203301951       2.95988680E-03   4.92934026E-02
  0.200740144       3.02711921E-03   4.89473045E-02
  0.198171943       3.09640425E-03   4.85979803E-02
  0.195596963       3.16798571E-03   4.82458435E-02
  0.193014994       3.24150990E-03   4.78900447E-02
  0.190426201       3.31662293E-03   4.75305244E-02
  0.187830374       3.39418184E-03   4.71672080E-02
  0.185226873       3.47336964E-03   4.67993170E-02
  0.182615772       3.55453603E-03   4.64271083E-02
  0.179997772       3.63727892E-03   4.60495800E-02
  0.177370548       3.72189656E-03   4.56668660E-02
  0.174735695       3.80789908E-03   4.52790819E-02
  0.172092333       3.89545620E-03   4.48845550E-02
  0.169440821       3.98452161E-03   4.44840826E-02
  0.166779891       4.07473138E-03   4.40773368E-02
  0.164109781       4.16631345E-03   4.36630696E-02
  0.161430970       4.25835233E-03   4.32419665E-02
  0.158742830       4.35161125E-03   4.28132378E-02
  0.156044602       4.44526318E-03   4.23758365E-02
  0.153336152       4.53996751E-03   4.19297293E-02
  0.150618017       4.63406369E-03   4.14754152E-02
  0.147889465       4.72885277E-03   4.10111956E-02
  0.145150065       4.82333126E-03   4.05376144E-02
  0.142399579       4.91779810E-03   4.00535874E-02
  0.139638543       5.01128659E-03   3.95592153E-02
  0.136865869       5.10388892E-03   3.90535183E-02
  0.134081542       5.19538252E-03   3.85367572E-02
  0.131285951       5.28532360E-03   3.80078889E-02
  0.128477916       5.37380623E-03   3.74663994E-02
  0.125657856       5.45979617E-03   3.69122922E-02
  0.122824676       5.54336421E-03   3.63445841E-02
  0.119979076       5.62391896E-03   3.57636027E-02
  0.117120750       5.70135191E-03   3.51683423E-02
  0.114248686       5.77519881E-03   3.45578119E-02
  0.111362912       5.84448176E-03   3.39327492E-02
  0.108463734       5.90936700E-03   3.32915671E-02
  0.105550468       5.96890738E-03   3.26347537E-02
  0.102622829       6.02252129E-03   3.19614373E-02
   9.96810049E-02   6.07013330E-03   3.12712081E-02
   9.67230499E-02   6.11114129E-03   3.05628683E-02
   9.37518403E-02   6.14439929E-03   2.98380014E-02
   9.07637328E-02   6.16978621E-03   2.90940776E-02
   8.77604857E-02   6.18648995E-03   2.83315014E-02
   8.47412571E-02   6.19358988E-03   2.75505371E-02
   8.17071125E-02   6.19041128E-03   2.67498270E-02
   7.86556154E-02   6.17626635E-03   2.59293448E-02
   7.55875483E-02   6.15040772E-03   2.50890572E-02
   7.25028291E-02   6.11184491E-03   2.42279433E-02
   6.94017708E-02   6.06030645E-03   2.33467724E-02
   6.62825406E-02   5.99400420E-03   2.24441867E-02
   6.31467998E-02   5.91256190E-03   2.15211045E-02
   5.99918440E-02   5.81481727E-03   2.05757674E-02
   5.68202883E-02   5.70009975E-03   1.96098648E-02
   5.36297038E-02   5.56717999E-03   1.86215825E-02
   5.04217148E-02   5.41469967E-03   1.76125336E-02
   4.71939407E-02   5.24229789E-03   1.65810734E-02
   4.39486392E-02   5.04778093E-03   1.55282328E-02
   4.06842045E-02   4.83104493E-03   1.44538954E-02
   3.74005288E-02   4.59050341E-03   1.33580472E-02
   3.40979323E-02   4.32443805E-03   1.22408066E-02
   3.07763405E-02   4.03251732E-03   1.11030573E-02
   2.74349321E-02   3.71278357E-03   9.94412880E-03
   2.40738448E-02   3.36406846E-03   8.76546465E-03
   2.06937883E-02   2.98507046E-03   7.56675983E-03
   1.72937363E-02   2.57476280E-03   6.34907046E-03
   1.38742775E-02   2.13137339E-03   5.11298375E-03
   1.04350029E-02   1.65362225E-03   3.85901099E-03
   6.97636930E-03   1.14013464E-03   2.58810399E-03
   3.49790091E-03   5.89349598E-04   1.30158791E-03
   0.00000000       0.00000000       0.00000000    
