   0.00000000       0.00000000       0.00000000       1.00000000    
   0.00000000       0.00000000       3.99264791E-05   1.00000000    
   0.00000000       0.00000000       1.59696574E-04   1.00000000    
   0.00000000       0.00000000       3.59295693E-04  0.999999940    
   0.00000000       0.00000000       6.38708821E-04  0.999999821    
   0.00000000       0.00000000       9.97920753E-04  0.999999523    
   0.00000000       0.00000000       1.43691630E-03  0.999998987    
   0.00000000       0.00000000       1.95567892E-03  0.999998093    
   0.00000000       0.00000000       2.55419291E-03  0.999996722    
   0.00000000       0.00000000       3.23244208E-03  0.999994755    
   0.00000000       0.00000000       3.99041036E-03  0.999992013    
   0.00000000       0.00000000       4.82807960E-03  0.999988317    
   0.00000000       0.00000000       5.74542955E-03  0.999983490    
   0.00000000       0.00000000       6.74244110E-03  0.999977291    
   0.00000000       0.00000000       7.81909935E-03  0.999969423    
   0.00000000       0.00000000       8.97537638E-03  0.999959707    
   0.00000000       0.00000000       1.02112480E-02  0.999947846    
   0.00000000       0.00000000       1.15266861E-02  0.999933541    
   0.00000000       0.00000000       1.29216667E-02  0.999916494    
   0.00000000       0.00000000       1.43961599E-02  0.999896348    
   0.00000000       0.00000000       1.59501340E-02  0.999872744    
   0.00000000       0.00000000       1.75835565E-02  0.999845326    
   0.00000000       0.00000000       1.92963965E-02  0.999813735    
   0.00000000       0.00000000       2.10886188E-02  0.999777555    
   0.00000000       0.00000000       2.29601841E-02  0.999736309    
   0.00000000       0.00000000       2.49110535E-02  0.999689579    
   0.00000000       0.00000000       2.69411877E-02  0.999636948    
   0.00000000       0.00000000       2.90505495E-02  0.999577880    
   0.00000000       0.00000000       3.12390793E-02  0.999511898    
   0.00000000       0.00000000       3.35067287E-02  0.999438465    
   0.00000000       0.00000000       3.58534381E-02  0.999357045    
   0.00000000       0.00000000       3.82791497E-02  0.999267042    
   0.00000000       0.00000000       4.07838076E-02  0.999167979    
   0.00000000       0.00000000       4.33673337E-02  0.999059200    
   0.00000000       0.00000000       4.60296497E-02  0.998940051    
   0.00000000       0.00000000       4.87706736E-02  0.998809993    
   0.00000000       0.00000000       5.15903234E-02  0.998668313    
   0.00000000       0.00000000       5.44885099E-02  0.998514354    
   0.00000000       0.00000000       5.74651361E-02  0.998347461    
   0.00000000       0.00000000       6.05200976E-02  0.998166919    
   0.00000000       0.00000000       6.36532903E-02  0.997972012    
   0.00000000       0.00000000       6.68646023E-02  0.997762024    
   0.00000000       0.00000000       7.01539069E-02  0.997536123    
   0.00000000       0.00000000       7.35210776E-02  0.997293591    
   0.00000000       0.00000000       7.69659728E-02  0.997033656    
   0.00000000       0.00000000       8.04884434E-02  0.996755481    
   0.00000000       0.00000000       8.40883255E-02  0.996458232    
   0.00000000       0.00000000       8.77654627E-02  0.996141076    
   0.00000000       0.00000000       9.15196985E-02  0.995803177    
   0.00000000       0.00000000       9.53508317E-02  0.995443642    
   0.00000000       0.00000000       9.92586762E-02  0.995061576    
   0.00000000       0.00000000      0.103243038      0.994656086    
   0.00000000       0.00000000      0.107303716      0.994226217    
   0.00000000       0.00000000      0.111440495      0.993771017    
   0.00000000       0.00000000      0.115653105      0.993289590    
   0.00000000       0.00000000      0.119941287      0.992780924    
   0.00000000       0.00000000      0.124304786      0.992244005    
   0.00000000       0.00000000      0.128743291      0.991677880    
   0.00000000       0.00000000      0.133256510      0.991081536    
   0.00000000       0.00000000      0.137844145      0.990453899    
   0.00000000       0.00000000      0.142505869      0.989793897    
   0.00000000       0.00000000      0.147241354      0.989100516    
   0.00000000       0.00000000      0.152050242      0.988372684    
   0.00000000       0.00000000      0.156932160      0.987609327    
   0.00000000       0.00000000      0.161886692      0.986809313    
   0.00000000       0.00000000      0.166913435      0.985971510    
   0.00000000       0.00000000      0.172011957      0.985094845    
   0.00000000       0.00000000      0.177181810      0.984178126    
   0.00000000       0.00000000      0.182422534      0.983220220    
   0.00000000       0.00000000      0.187733635      0.982219994    
   0.00000000       0.00000000      0.193114594      0.981176198    
   0.00000000       0.00000000      0.198564857      0.980087757    
   0.00000000       0.00000000      0.204083815      0.978953421    
   0.00000000       0.00000000      0.209670871      0.977771997    
   0.00000000       0.00000000      0.215325385      0.976542354    
   0.00000000       0.00000000      0.221046701      0.975263238    
   0.00000000       0.00000000      0.226834208      0.973933399    
   0.00000000       0.00000000      0.232687145      0.972551644    
   0.00000000       0.00000000      0.238604769      0.971116781    
   0.00000000       0.00000000      0.244586304      0.969627559    
   0.00000000       0.00000000      0.250630915      0.968082726    
   0.00000000       0.00000000      0.256737679      0.966481149    
   0.00000000       0.00000000      0.262905627      0.964821577    
   0.00000000       0.00000000      0.269133747      0.963102818    
   0.00000000       0.00000000      0.275420964      0.961323738    
   0.00000000       0.00000000      0.281766236      0.959483087    
   0.00000000       0.00000000      0.288168371      0.957579792    
   0.00000000       0.00000000      0.294626027      0.955612659    
   0.00000000       0.00000000      0.301137775      0.953580678    
   0.00000000       0.00000000      0.307702065      0.951482773    
   0.00000000       0.00000000      0.314317226      0.949317992    
   0.00000000       0.00000000      0.320981443      0.947085440    
   0.00000000       0.00000000      0.327692509      0.944784403    
   0.00000000       0.00000000      0.334447920      0.942414224    
   0.00000000       0.00000000      0.341244996      0.939974368    
   0.00000000       0.00000000      0.348081350      0.937464297    
   0.00000000       0.00000000      0.354954213      0.934883654    
   0.00000000       0.00000000      0.361856937      0.932233632    
   0.00000000       0.00000000      0.368780285      0.929516613    
   0.00000000       0.00000000      0.375711381      0.926736772    
   0.00000000       0.00000000      0.382637441      0.923898637    
   0.00000000       0.00000000      0.389539331      0.921009898    
   0.00000000       0.00000000      0.396401048      0.918077528    
   0.00000000       0.00000000      0.403210700      0.915107250    
   0.00000000       0.00000000      0.409955263      0.912105739    
   0.00000000       0.00000000      0.416629702      0.909076393    
   0.00000000       0.00000000      0.423228502      0.906023085    
   0.00000000       0.00000000      0.429749638      0.902948201    
   0.00000000       0.00000000      0.436191827      0.899853826    
   0.00000000       0.00000000      0.442553312      0.896742344    
   0.00000000       0.00000000      0.448832810      0.893615901    
   0.00000000       0.00000000      0.455029577      0.890476465    
   0.00000000       0.00000000      0.461142898      0.887326062    
   0.00000000       0.00000000      0.467172295      0.884166479    
   0.00000000       0.00000000      0.473117441      0.880999565    
   0.00000000       0.00000000      0.478978097      0.877827048    
   0.00000000       0.00000000      0.484754145      0.874650657    
   0.00000000       0.00000000      0.490445614      0.871472001    
   0.00000000       0.00000000      0.496052563      0.868292689    
   0.00000000       0.00000000      0.501575112      0.865114272    
   0.00000000       0.00000000      0.507013500      0.861938298    
   0.00000000       0.00000000      0.512367785      0.858766317    
   0.00000000       0.00000000      0.517638206      0.855599821    
   0.00000000       0.00000000      0.522825003      0.852440238    
   0.00000000       0.00000000      0.527928531      0.849289000    
   0.00000000       0.00000000      0.532949209      0.846147478    
   0.00000000       0.00000000      0.537887275      0.843016982    
   0.00000000       0.00000000      0.542743206      0.839898944    
   0.00000000       0.00000000      0.547517359      0.836794555    
   0.00000000       0.00000000      0.552210152      0.833705187    
   0.00000000       0.00000000      0.556821942      0.830632091    
   0.00000000       0.00000000      0.561353207      0.827576518    
   0.00000000       0.00000000      0.565804362      0.824539721    
   0.00000000       0.00000000      0.570175827      0.821522892    
   0.00000000       0.00000000      0.574468136      0.818527162    
   0.00000000       0.00000000      0.578681707      0.815553665    
   0.00000000       0.00000000      0.582817078      0.812603533    
   0.00000000       0.00000000      0.586874783      0.809677899    
   0.00000000       0.00000000      0.590855241      0.806777775    
   0.00000000       0.00000000      0.594758987      0.803904235    
   0.00000000       0.00000000      0.598586500      0.801058352    
   0.00000000       0.00000000      0.602338314      0.798241079    
   0.00000000       0.00000000      0.606014967      0.795453429    
   0.00000000       0.00000000      0.609616935      0.792696357    
   0.00000000       0.00000000      0.613144696      0.789970815    
   0.00000000       0.00000000      0.616598785      0.787277699    
   0.00000000       0.00000000      0.619979739      0.784617960    
   0.00000000       0.00000000      0.623288035      0.781992495    
   0.00000000       0.00000000      0.626524210      0.779402137    
   0.00000000       0.00000000      0.629688740      0.776847720    
   0.00000000       0.00000000      0.632782102      0.774330080    
   0.00000000       0.00000000      0.635804832      0.771850049    
   0.00000000       0.00000000      0.638757408      0.769408345    
   0.00000000       0.00000000      0.641640365      0.767005801    
   0.00000000       0.00000000      0.644454181      0.764643133    
   0.00000000       0.00000000      0.647199333      0.762321055    
   0.00000000       0.00000000      0.649876297      0.760040283    
   0.00000000       0.00000000      0.652485490      0.757801473    
   0.00000000       0.00000000      0.655027449      0.755605340    
   0.00000000       0.00000000      0.657502592      0.753452539    
   0.00000000       0.00000000      0.659911394      0.751343668    
   0.00000000       0.00000000      0.662254274      0.749279380    
   0.00000000       0.00000000      0.664531708      0.747260273    
   0.00000000       0.00000000      0.666744113      0.745286942    
   0.00000000       0.00000000      0.668891907      0.743359923    
   0.00000000       0.00000000      0.670975506      0.741479754    
   0.00000000       0.00000000      0.672995329      0.739646971    
   0.00000000       0.00000000      0.674951732      0.737862110    
   0.00000000       0.00000000      0.676845133      0.736125708    
   0.00000000       0.00000000      0.678675890      0.734438181    
   0.00000000       0.00000000      0.680444360      0.732800007    
   0.00000000       0.00000000      0.682150900      0.731211662    
   0.00000000       0.00000000      0.683795929      0.729673564    
   0.00000000       0.00000000      0.685379684      0.728186131    
   0.00000000       0.00000000      0.686902583      0.726749778    
   0.00000000       0.00000000      0.688364863      0.725364864    
   0.00000000       0.00000000      0.689766884      0.724031746    
   0.00000000       0.00000000      0.691108942      0.722750843    
   0.00000000       0.00000000      0.692391276      0.721522450    
   0.00000000       0.00000000      0.693614185      0.720346868    
   0.00000000       0.00000000      0.694777966      0.719224453    
   0.00000000       0.00000000      0.695882857      0.718155503    
   0.00000000       0.00000000      0.696929038      0.717140257    
   0.00000000       0.00000000      0.697916746      0.716179013    
   0.00000000       0.00000000      0.698846221      0.715272069    
   0.00000000       0.00000000      0.699717700      0.714419603    
   0.00000000       0.00000000      0.700531304      0.713621855    
   0.00000000       0.00000000      0.701287210      0.712879002    
   0.00000000       0.00000000      0.701985598      0.712191284    
   0.00000000       0.00000000      0.702626646      0.711558819    
   0.00000000       0.00000000      0.703210473      0.710981846    
   0.00000000       0.00000000      0.703737199      0.710460484    
   0.00000000       0.00000000      0.704206944      0.709994853    
   0.00000000       0.00000000      0.704619825      0.709585130    
   0.00000000       0.00000000      0.704975903      0.709231377    
   0.00000000       0.00000000      0.705275238      0.708933711    
   0.00000000       0.00000000      0.705517888      0.708692253    
   0.00000000       0.00000000      0.705703914      0.708507001    
   0.00000000       0.00000000      0.705833375      0.708378017    
   0.00000000       0.00000000      0.705906272      0.708305359    
   0.00000000       0.00000000      0.705922604      0.708289087    
