   0.00000000       0.00000000       0.00000000    
   7.98529582E-05   0.00000000       0.00000000    
   3.19393177E-04   0.00000000       0.00000000    
   7.18591386E-04   0.00000000       0.00000000    
   1.27741776E-03   0.00000000       0.00000000    
   1.99584197E-03   0.00000000       0.00000000    
   2.87383352E-03   0.00000000       0.00000000    
   3.91136017E-03   0.00000000       0.00000000    
   5.10839140E-03   0.00000000       0.00000000    
   6.46489533E-03   0.00000000       0.00000000    
   7.98084214E-03   0.00000000       0.00000000    
   9.65619646E-03   0.00000000       0.00000000    
   1.14909224E-02   0.00000000       0.00000000    
   1.34849837E-02   0.00000000       0.00000000    
   1.56383570E-02   0.00000000       0.00000000    
   1.79509949E-02   0.00000000       0.00000000    
   2.04228498E-02   0.00000000       0.00000000    
   2.30538808E-02   0.00000000       0.00000000    
   2.58440524E-02   0.00000000       0.00000000    
   2.87933145E-02   0.00000000       0.00000000    
   3.19016166E-02   0.00000000       0.00000000    
   3.51689234E-02   0.00000000       0.00000000    
   3.85951847E-02   0.00000000       0.00000000    
   4.21803631E-02   0.00000000       0.00000000    
   4.59244028E-02   0.00000000       0.00000000    
   4.98272590E-02   0.00000000       0.00000000    
   5.38888946E-02   0.00000000       0.00000000    
   5.81092685E-02   0.00000000       0.00000000    
   6.24883212E-02   0.00000000       0.00000000    
   6.70259967E-02   0.00000000       0.00000000    
   7.17222467E-02   0.00000000       0.00000000    
   7.65770152E-02   0.00000000       0.00000000    
   8.15902427E-02   0.00000000       0.00000000    
   8.67618769E-02   0.00000000       0.00000000    
   9.20918360E-02   0.00000000       0.00000000    
   9.75800604E-02   0.00000000       0.00000000    
  0.103226468       0.00000000       0.00000000    
  0.109031014       0.00000000       0.00000000    
  0.114993617       0.00000000       0.00000000    
  0.121114194       0.00000000       0.00000000    
  0.127392694       0.00000000       0.00000000    
  0.133829042       0.00000000       0.00000000    
  0.140423149       0.00000000       0.00000000    
  0.147174940       0.00000000       0.00000000    
  0.154084310       0.00000000       0.00000000    
  0.161151201       0.00000000       0.00000000    
  0.168375462       0.00000000       0.00000000    
  0.175757036       0.00000000       0.00000000    
  0.183295861       0.00000000       0.00000000    
  0.190991804       0.00000000       0.00000000    
  0.198844761       0.00000000       0.00000000    
  0.206854656       0.00000000       0.00000000    
  0.215021417       0.00000000       0.00000000    
  0.223344892       0.00000000       0.00000000    
  0.231824964       0.00000000       0.00000000    
  0.240461469       0.00000000       0.00000000    
  0.249254286       0.00000000       0.00000000    
  0.258203208       0.00000000       0.00000000    
  0.267308146       0.00000000       0.00000000    
  0.276568890       0.00000000       0.00000000    
  0.285985321       0.00000000       0.00000000    
  0.295557261       0.00000000       0.00000000    
  0.305284590       0.00000000       0.00000000    
  0.315167069       0.00000000       0.00000000    
  0.325204521       0.00000000       0.00000000    
  0.335396707       0.00000000       0.00000000    
  0.345743388       0.00000000       0.00000000    
  0.356244415       0.00000000       0.00000000    
  0.366899520       0.00000000       0.00000000    
  0.377708495       0.00000000       0.00000000    
  0.388671011       0.00000000       0.00000000    
  0.399786800       0.00000000       0.00000000    
  0.411055475       0.00000000       0.00000000    
  0.422476679       0.00000000       0.00000000    
  0.434050024       0.00000000       0.00000000    
  0.445775181       0.00000000       0.00000000    
  0.457651854       0.00000000       0.00000000    
  0.469679534       0.00000000       0.00000000    
  0.481857777       0.00000000       0.00000000    
  0.494186074       0.00000000       0.00000000    
  0.506663859       0.00000000       0.00000000    
  0.519290447       0.00000000       0.00000000    
  0.532065094       0.00000000       0.00000000    
  0.544986963       0.00000000       0.00000000    
  0.558055162       0.00000000       0.00000000    
  0.571268857       0.00000000       0.00000000    
  0.584627032       0.00000000       0.00000000    
  0.598128319       0.00000000       0.00000000    
  0.611771226       0.00000000       0.00000000    
  0.625553966       0.00000000       0.00000000    
  0.639474690       0.00000000       0.00000000    
  0.653531134       0.00000000       0.00000000    
  0.667720377       0.00000000       0.00000000    
  0.682038724       0.00000000       0.00000000    
  0.696482182       0.00000000       0.00000000    
  0.711047292       0.00000000       0.00000000    
  0.725730181       0.00000000       0.00000000    
  0.740518034       0.00000000       0.00000000    
  0.755392969       0.00000000       0.00000000    
  0.770328581       0.00000000       0.00000000    
  0.785298645       0.00000000       0.00000000    
  0.800262809       0.00000000       0.00000000    
  0.815186858       0.00000000       0.00000000    
  0.830045462       0.00000000       0.00000000    
  0.844810128       0.00000000       0.00000000    
  0.859469533       0.00000000       0.00000000    
  0.874011576       0.00000000       0.00000000    
  0.888431072       0.00000000       0.00000000    
  0.902724743       0.00000000       0.00000000    
  0.916888058       0.00000000       0.00000000    
  0.930917561       0.00000000       0.00000000    
  0.944810927       0.00000000       0.00000000    
  0.958565652       0.00000000       0.00000000    
  0.972179890       0.00000000       0.00000000    
  0.985652030       0.00000000       0.00000000    
  0.998980522       0.00000000       0.00000000    
   1.01216424       0.00000000       0.00000000    
   1.02520216       0.00000000       0.00000000    
   1.03809333       0.00000000       0.00000000    
   1.05083716       0.00000000       0.00000000    
   1.06343293       0.00000000       0.00000000    
   1.07587957       0.00000000       0.00000000    
   1.08817661       0.00000000       0.00000000    
   1.10032332       0.00000000       0.00000000    
   1.11231947       0.00000000       0.00000000    
   1.12416458       0.00000000       0.00000000    
   1.13585806       0.00000000       0.00000000    
   1.14739966       0.00000000       0.00000000    
   1.15878916       0.00000000       0.00000000    
   1.17002594       0.00000000       0.00000000    
   1.18110967       0.00000000       0.00000000    
   1.19204021       0.00000000       0.00000000    
   1.20281696       0.00000000       0.00000000    
   1.21343982       0.00000000       0.00000000    
   1.22390854       0.00000000       0.00000000    
   1.23422265       0.00000000       0.00000000    
   1.24438238       0.00000000       0.00000000    
   1.25438726       0.00000000       0.00000000    
   1.26423705       0.00000000       0.00000000    
   1.27393174       0.00000000       0.00000000    
   1.28347087       0.00000000       0.00000000    
   1.29285455       0.00000000       0.00000000    
   1.30208254       0.00000000       0.00000000    
   1.31115460       0.00000000       0.00000000    
   1.32007051       0.00000000       0.00000000    
   1.32883024       0.00000000       0.00000000    
   1.33743382       0.00000000       0.00000000    
   1.34588075       0.00000000       0.00000000    
   1.35417128       0.00000000       0.00000000    
   1.36230505       0.00000000       0.00000000    
   1.37028182       0.00000000       0.00000000    
   1.37810171       0.00000000       0.00000000    
   1.38576436       0.00000000       0.00000000    
   1.39327013       0.00000000       0.00000000    
   1.40061855       0.00000000       0.00000000    
   1.40780962       0.00000000       0.00000000    
   1.41484344       0.00000000       0.00000000    
   1.42171943       0.00000000       0.00000000    
   1.42843795       0.00000000       0.00000000    
   1.43499875       0.00000000       0.00000000    
   1.44140172       0.00000000       0.00000000    
   1.44764674       0.00000000       0.00000000    
   1.45373392       0.00000000       0.00000000    
   1.45966315       0.00000000       0.00000000    
   1.46543431       0.00000000       0.00000000    
   1.47104728       0.00000000       0.00000000    
   1.47650206       0.00000000       0.00000000    
   1.48179865       0.00000000       0.00000000    
   1.48693681       0.00000000       0.00000000    
   1.49191654       0.00000000       0.00000000    
   1.49673772       0.00000000       0.00000000    
   1.50140035       0.00000000       0.00000000    
   1.50590456       0.00000000       0.00000000    
   1.51024997       0.00000000       0.00000000    
   1.51443684       0.00000000       0.00000000    
   1.51846480       0.00000000       0.00000000    
   1.52233410       0.00000000       0.00000000    
   1.52604449       0.00000000       0.00000000    
   1.52959597       0.00000000       0.00000000    
   1.53298867       0.00000000       0.00000000    
   1.53622222       0.00000000       0.00000000    
   1.53929710       0.00000000       0.00000000    
   1.54221261       0.00000000       0.00000000    
   1.54496908       0.00000000       0.00000000    
   1.54756629       0.00000000       0.00000000    
   1.55000460       0.00000000       0.00000000    
   1.55228353       0.00000000       0.00000000    
   1.55440307       0.00000000       0.00000000    
   1.55636334       0.00000000       0.00000000    
   1.55816436       0.00000000       0.00000000    
   1.55980599       0.00000000       0.00000000    
   1.56128824       0.00000000       0.00000000    
   1.56261110       0.00000000       0.00000000    
   1.56377447       0.00000000       0.00000000    
   1.56477833       0.00000000       0.00000000    
   1.56562257       0.00000000       0.00000000    
   1.56630731       0.00000000       0.00000000    
   1.56683242       0.00000000       0.00000000    
   1.56719780       0.00000000       0.00000000    
   1.56740367       0.00000000       0.00000000    
   1.56744981       0.00000000       0.00000000    
