   0.00000000       0.00000000       0.00000000    
   0.00000000       0.00000000       1.25255883E-02
   0.00000000       0.00000000       2.50489525E-02
   0.00000000       0.00000000       3.75699848E-02
   0.00000000       0.00000000       5.00886403E-02
   0.00000000       0.00000000       6.26049489E-02
   0.00000000       0.00000000       7.51188099E-02
   0.00000000       0.00000000       8.76300782E-02
   0.00000000       0.00000000      0.100139059    
   0.00000000       0.00000000      0.112645485    
   0.00000000       0.00000000      0.125149533    
   0.00000000       0.00000000      0.137650788    
   0.00000000       0.00000000      0.150148943    
   0.00000000       0.00000000      0.162645131    
   0.00000000       0.00000000      0.175138116    
   0.00000000       0.00000000      0.187627688    
   0.00000000       0.00000000      0.200113863    
   0.00000000       0.00000000      0.212596595    
   0.00000000       0.00000000      0.225076348    
   0.00000000       0.00000000      0.237552300    
   0.00000000       0.00000000      0.250024587    
   0.00000000       0.00000000      0.262493491    
   0.00000000       0.00000000      0.274959028    
   0.00000000       0.00000000      0.287420899    
   0.00000000       0.00000000      0.299878806    
   0.00000000       0.00000000      0.312333822    
   0.00000000       0.00000000      0.324785560    
   0.00000000       0.00000000      0.337233305    
   0.00000000       0.00000000      0.349676281    
   0.00000000       0.00000000      0.362115532    
   0.00000000       0.00000000      0.374550104    
   0.00000000       0.00000000      0.386980861    
   0.00000000       0.00000000      0.399407268    
   0.00000000       0.00000000      0.411828160    
   0.00000000       0.00000000      0.424242884    
   0.00000000       0.00000000      0.436653197    
   0.00000000       0.00000000      0.449057996    
   0.00000000       0.00000000      0.461457670    
   0.00000000       0.00000000      0.473851472    
   0.00000000       0.00000000      0.486239940    
   0.00000000       0.00000000      0.498622388    
   0.00000000       0.00000000      0.510998905    
   0.00000000       0.00000000      0.523369193    
   0.00000000       0.00000000      0.535732985    
   0.00000000       0.00000000      0.548089564    
   0.00000000       0.00000000      0.560438335    
   0.00000000       0.00000000      0.572779536    
   0.00000000       0.00000000      0.585115433    
   0.00000000       0.00000000      0.597443461    
   0.00000000       0.00000000      0.609762073    
   0.00000000       0.00000000      0.622074127    
   0.00000000       0.00000000      0.634378970    
   0.00000000       0.00000000      0.646678150    
   0.00000000       0.00000000      0.658965170    
   0.00000000       0.00000000      0.671240211    
   0.00000000       0.00000000      0.683504581    
   0.00000000       0.00000000      0.695757508    
   0.00000000       0.00000000      0.707996607    
   0.00000000       0.00000000      0.720224380    
   0.00000000       0.00000000      0.732440829    
   0.00000000       0.00000000      0.744645834    
   0.00000000       0.00000000      0.756837249    
   0.00000000       0.00000000      0.769014120    
   0.00000000       0.00000000      0.781177104    
   0.00000000       0.00000000      0.793320537    
   0.00000000       0.00000000      0.805447638    
   0.00000000       0.00000000      0.817559779    
   0.00000000       0.00000000      0.829654217    
   0.00000000       0.00000000      0.841731668    
   0.00000000       0.00000000      0.853788674    
   0.00000000       0.00000000      0.865820885    
   0.00000000       0.00000000      0.877826393    
   0.00000000       0.00000000      0.889803410    
   0.00000000       0.00000000      0.901752234    
   0.00000000       0.00000000      0.913672328    
   0.00000000       0.00000000      0.925566852    
   0.00000000       0.00000000      0.937430978    
   0.00000000       0.00000000      0.949257016    
   0.00000000       0.00000000      0.961047053    
   0.00000000       0.00000000      0.972796440    
   0.00000000       0.00000000      0.984497488    
   0.00000000       0.00000000      0.996139646    
   0.00000000       0.00000000       1.00771689    
   0.00000000       0.00000000       1.01922894    
   0.00000000       0.00000000       1.03067386    
   0.00000000       0.00000000       1.04204690    
   0.00000000       0.00000000       1.05332875    
   0.00000000       0.00000000       1.06449687    
   0.00000000       0.00000000       1.07553709    
   0.00000000       0.00000000       1.08643711    
   0.00000000       0.00000000       1.09717906    
   0.00000000       0.00000000       1.10771823    
   0.00000000       0.00000000       1.11799312    
   0.00000000       0.00000000       1.12796283    
   0.00000000       0.00000000       1.13762045    
   0.00000000       0.00000000       1.14706314    
   0.00000000       0.00000000       1.15587759    
   0.00000000       0.00000000       1.16352022    
   0.00000000       0.00000000       1.16941190    
   0.00000000       0.00000000       1.17298865    
   0.00000000       0.00000000       1.17435050    
   0.00000000       0.00000000       1.17252827    
   0.00000000       0.00000000       1.16813636    
   0.00000000       0.00000000       1.16196859    
   0.00000000       0.00000000       1.15405154    
   0.00000000       0.00000000       1.14523673    
   0.00000000       0.00000000       1.13579512    
   0.00000000       0.00000000       1.12603247    
   0.00000000       0.00000000       1.11601162    
   0.00000000       0.00000000       1.10564375    
   0.00000000       0.00000000       1.09502983    
   0.00000000       0.00000000       1.08426225    
   0.00000000       0.00000000       1.07331491    
   0.00000000       0.00000000       1.06223047    
   0.00000000       0.00000000       1.05102360    
   0.00000000       0.00000000       1.03970778    
   0.00000000       0.00000000       1.02830791    
   0.00000000       0.00000000       1.01683986    
   0.00000000       0.00000000       1.00530779    
   0.00000000       0.00000000      0.993720055    
   0.00000000       0.00000000      0.982067525    
   0.00000000       0.00000000      0.970349193    
   0.00000000       0.00000000      0.958585441    
   0.00000000       0.00000000      0.946783602    
   0.00000000       0.00000000      0.934951603    
   0.00000000       0.00000000      0.923087716    
   0.00000000       0.00000000      0.911187232    
   0.00000000       0.00000000      0.899262309    
   0.00000000       0.00000000      0.887308776    
   0.00000000       0.00000000      0.875322282    
   0.00000000       0.00000000      0.863308191    
   0.00000000       0.00000000      0.851267576    
   0.00000000       0.00000000      0.839203358    
   0.00000000       0.00000000      0.827119291    
   0.00000000       0.00000000      0.815019190    
   0.00000000       0.00000000      0.802902579    
   0.00000000       0.00000000      0.790769935    
   0.00000000       0.00000000      0.778620720    
   0.00000000       0.00000000      0.766455054    
   0.00000000       0.00000000      0.754273117    
   0.00000000       0.00000000      0.742076874    
   0.00000000       0.00000000      0.729867876    
   0.00000000       0.00000000      0.717648506    
   0.00000000       0.00000000      0.705416322    
   0.00000000       0.00000000      0.693172455    
   0.00000000       0.00000000      0.680917919    
   0.00000000       0.00000000      0.668651223    
   0.00000000       0.00000000      0.656372905    
   0.00000000       0.00000000      0.644083440    
   0.00000000       0.00000000      0.631785095    
   0.00000000       0.00000000      0.619477868    
   0.00000000       0.00000000      0.607164681    
   0.00000000       0.00000000      0.594843626    
   0.00000000       0.00000000      0.582515240    
   0.00000000       0.00000000      0.570178211    
   0.00000000       0.00000000      0.557833970    
   0.00000000       0.00000000      0.545482218    
   0.00000000       0.00000000      0.533123136    
   0.00000000       0.00000000      0.520757318    
   0.00000000       0.00000000      0.508385718    
   0.00000000       0.00000000      0.496007323    
   0.00000000       0.00000000      0.483622998    
   0.00000000       0.00000000      0.471233845    
   0.00000000       0.00000000      0.458838075    
   0.00000000       0.00000000      0.446436822    
   0.00000000       0.00000000      0.434030086    
   0.00000000       0.00000000      0.421618164    
   0.00000000       0.00000000      0.409201264    
   0.00000000       0.00000000      0.396779031    
   0.00000000       0.00000000      0.384351939    
   0.00000000       0.00000000      0.371921003    
   0.00000000       0.00000000      0.359484673    
   0.00000000       0.00000000      0.347044289    
   0.00000000       0.00000000      0.334600717    
   0.00000000       0.00000000      0.322152078    
   0.00000000       0.00000000      0.309700161    
   0.00000000       0.00000000      0.297244310    
   0.00000000       0.00000000      0.284785151    
   0.00000000       0.00000000      0.272322804    
   0.00000000       0.00000000      0.259855747    
   0.00000000       0.00000000      0.247386783    
   0.00000000       0.00000000      0.234913111    
   0.00000000       0.00000000      0.222435743    
   0.00000000       0.00000000      0.209955782    
   0.00000000       0.00000000      0.197471872    
   0.00000000       0.00000000      0.184985131    
   0.00000000       0.00000000      0.172495514    
   0.00000000       0.00000000      0.160001978    
   0.00000000       0.00000000      0.147505850    
   0.00000000       0.00000000      0.135007530    
   0.00000000       0.00000000      0.122505844    
   0.00000000       0.00000000      0.110001884    
   0.00000000       0.00000000       9.74946320E-02
   0.00000000       0.00000000       8.49853158E-02
   0.00000000       0.00000000       7.24739507E-02
   0.00000000       0.00000000       5.99592701E-02
   0.00000000       0.00000000       4.74425294E-02
   0.00000000       0.00000000       3.49230841E-02
   0.00000000       0.00000000       2.24016309E-02
   0.00000000       0.00000000       9.87827498E-03
   0.00000000       2.78354529E-03  -5.60040586E-04
