   0.00000000       0.00000000      0.982427776    
   0.00000000       0.00000000      0.982255280    
   0.00000000       0.00000000      0.982072711    
   0.00000000       0.00000000      0.981886089    
   0.00000000       0.00000000      0.981702268    
   0.00000000       0.00000000      0.981514335    
   0.00000000       0.00000000      0.981305182    
   0.00000000       0.00000000      0.981130421    
   0.00000000       0.00000000      0.980925977    
   0.00000000       0.00000000      0.980745435    
   0.00000000       0.00000000      0.980532587    
   0.00000000       0.00000000      0.980277896    
   0.00000000       0.00000000      0.980093181    
   0.00000000       0.00000000      0.979834914    
   0.00000000       0.00000000      0.979618788    
   0.00000000       0.00000000      0.979354560    
   0.00000000       0.00000000      0.979075253    
   0.00000000       0.00000000      0.978854358    
   0.00000000       0.00000000      0.978555143    
   0.00000000       0.00000000      0.978261828    
   0.00000000       0.00000000      0.977997720    
   0.00000000       0.00000000      0.977735937    
   0.00000000       0.00000000      0.977457762    
   0.00000000       0.00000000      0.977125823    
   0.00000000       0.00000000      0.976915479    
   0.00000000       0.00000000      0.976606905    
   0.00000000       0.00000000      0.976298392    
   0.00000000       0.00000000      0.975966454    
   0.00000000       0.00000000      0.975688338    
   0.00000000       0.00000000      0.975319028    
   0.00000000       0.00000000      0.974961400    
   0.00000000       0.00000000      0.974622428    
   0.00000000       0.00000000      0.974274158    
   0.00000000       0.00000000      0.973757565    
   0.00000000       0.00000000      0.973430336    
   0.00000000       0.00000000      0.972990930    
   0.00000000       0.00000000      0.972602904    
   0.00000000       0.00000000      0.972130716    
   0.00000000       0.00000000      0.971724033    
   0.00000000       0.00000000      0.971249521    
   0.00000000       0.00000000      0.970786691    
   0.00000000       0.00000000      0.970302880    
   0.00000000       0.00000000      0.969802678    
   0.00000000       0.00000000      0.969246328    
   0.00000000       0.00000000      0.968633950    
   0.00000000       0.00000000      0.968021512    
   0.00000000       0.00000000      0.967521310    
   0.00000000       0.00000000      0.966913581    
   0.00000000       0.00000000      0.966245055    
   0.00000000       0.00000000      0.965763569    
   0.00000000       0.00000000      0.965085685    
   0.00000000       0.00000000      0.964552760    
   0.00000000       0.00000000      0.963664532    
   0.00000000       0.00000000      0.962916553    
   0.00000000       0.00000000      0.961911440    
   0.00000000       0.00000000      0.961023211    
   0.00000000       0.00000000      0.960078895    
   0.00000000       0.00000000      0.959190667    
   0.00000000       0.00000000      0.958297789    
   0.00000000       0.00000000      0.957432926    
   0.00000000       0.00000000      0.956376433    
   0.00000000       0.00000000      0.955268443    
   0.00000000       0.00000000      0.953959525    
   0.00000000       0.00000000      0.952645838    
   0.00000000       0.00000000      0.951332211    
   0.00000000       0.00000000      0.950205564    
   0.00000000       0.00000000      0.948798418    
   0.00000000       0.00000000      0.947508156    
   0.00000000       0.00000000      0.945970118    
   0.00000000       0.00000000      0.944044113    
   0.00000000       0.00000000      0.941982448    
   0.00000000       0.00000000      0.939743221    
   0.00000000       0.00000000      0.937532008    
   0.00000000       0.00000000      0.935311437    
   0.00000000       0.00000000      0.932903886    
   0.00000000       0.00000000      0.930557072    
   0.00000000       0.00000000      0.927990556    
   0.00000000       0.00000000      0.925227702    
   0.00000000       0.00000000      0.922128260    
   0.00000000       0.00000000      0.918481886    
   0.00000000       0.00000000      0.913956583    
   0.00000000       0.00000000      0.908870339    
   0.00000000       0.00000000      0.903774738    
   0.00000000       0.00000000      0.898538888    
   0.00000000       0.00000000      0.893144071    
   0.00000000       0.00000000      0.886309385    
   0.00000000       0.00000000      0.877576709    
   0.00000000       0.00000000      0.867703378    
   0.00000000       0.00000000      0.856876373    
   0.00000000       0.00000000      0.845020890    
   0.00000000       0.00000000      0.829949141    
   0.00000000       0.00000000      0.809856534    
   0.00000000       0.00000000      0.785986602    
   0.00000000       0.00000000      0.761677265    
   0.00000000       0.00000000      0.736386180    
   0.00000000       0.00000000      0.697650194    
   0.00000000       0.00000000      0.621000946    
   0.00000000       0.00000000      0.491534978    
   0.00000000       0.00000000      0.314908862    
   0.00000000       0.00000000      0.108616024    
   0.00000000       0.00000000     -0.108494483    
   0.00000000       0.00000000     -0.315030426    
   0.00000000       0.00000000     -0.491628468    
   0.00000000       0.00000000     -0.620944858    
   0.00000000       0.00000000     -0.697724998    
   0.00000000       0.00000000     -0.736302018    
   0.00000000       0.00000000     -0.761621177    
   0.00000000       0.00000000     -0.786070764    
   0.00000000       0.00000000     -0.809809744    
   0.00000000       0.00000000     -0.829939783    
   0.00000000       0.00000000     -0.845086336    
   0.00000000       0.00000000     -0.856792271    
   0.00000000       0.00000000     -0.867740810    
   0.00000000       0.00000000     -0.877492607    
   0.00000000       0.00000000     -0.886374831    
   0.00000000       0.00000000     -0.893209517    
   0.00000000       0.00000000     -0.898622990    
   0.00000000       0.00000000     -0.903606415    
   0.00000000       0.00000000     -0.908842266    
   0.00000000       0.00000000     -0.914054751    
   0.00000000       0.00000000     -0.918472528    
   0.00000000       0.00000000     -0.922142327    
   0.00000000       0.00000000     -0.925162256    
   0.00000000       0.00000000     -0.927999914    
   0.00000000       0.00000000     -0.930500984    
   0.00000000       0.00000000     -0.932987988    
   0.00000000       0.00000000     -0.935288072    
   0.00000000       0.00000000     -0.937536657    
   0.00000000       0.00000000     -0.939752579    
   0.00000000       0.00000000     -0.941931069    
   0.00000000       0.00000000     -0.944048762    
   0.00000000       0.00000000     -0.945942104    
   0.00000000       0.00000000     -0.947564244    
   0.00000000       0.00000000     -0.948807776    
   0.00000000       0.00000000     -0.950116754    
   0.00000000       0.00000000     -0.951360285    
   0.00000000       0.00000000     -0.952664554    
   0.00000000       0.00000000     -0.953950167    
   0.00000000       0.00000000     -0.955254436    
   0.00000000       0.00000000     -0.956395090    
   0.00000000       0.00000000     -0.957437634    
   0.00000000       0.00000000     -0.958213627    
   0.00000000       0.00000000     -0.959232748    
   0.00000000       0.00000000     -0.960167706    
   0.00000000       0.00000000     -0.960981190    
   0.00000000       0.00000000     -0.961939514    
   0.00000000       0.00000000     -0.962851107    
   0.00000000       0.00000000     -0.963762701    
   0.00000000       0.00000000     -0.964454591    
   0.00000000       0.00000000     -0.965174496    
   0.00000000       0.00000000     -0.965749562    
   0.00000000       0.00000000     -0.966263771    
   0.00000000       0.00000000     -0.966815412    
   0.00000000       0.00000000     -0.967516661    
   0.00000000       0.00000000     -0.968077600    
   0.00000000       0.00000000     -0.968666673    
   0.00000000       0.00000000     -0.969251037    
   0.00000000       0.00000000     -0.969774604    
   0.00000000       0.00000000     -0.970321536    
   0.00000000       0.00000000     -0.970777333    
   0.00000000       0.00000000     -0.971244872    
   0.00000000       0.00000000     -0.971698284    
   0.00000000       0.00000000     -0.972144783    
   0.00000000       0.00000000     -0.972574830    
   0.00000000       0.00000000     -0.973009586    
   0.00000000       0.00000000     -0.973418653    
   0.00000000       0.00000000     -0.973804355    
   0.00000000       0.00000000     -0.974229753    
   0.00000000       0.00000000     -0.974613070    
   0.00000000       0.00000000     -0.974975407    
   0.00000000       0.00000000     -0.975344718    
   0.00000000       0.00000000     -0.975667298    
   0.00000000       0.00000000     -0.975966454    
   0.00000000       0.00000000     -0.976312399    
   0.00000000       0.00000000     -0.976620972    
   0.00000000       0.00000000     -0.976887405    
   0.00000000       0.00000000     -0.977137506    
   0.00000000       0.00000000     -0.977439046    
   0.00000000       0.00000000     -0.977777958    
   0.00000000       0.00000000     -0.977957964    
   0.00000000       0.00000000     -0.978277087    
   0.00000000       0.00000000     -0.978576243    
   0.00000000       0.00000000     -0.978820503    
   0.00000000       0.00000000     -0.979085803    
   0.00000000       0.00000000     -0.979352295    
   0.00000000       0.00000000     -0.979623437    
   0.00000000       0.00000000     -0.979844272    
   0.00000000       0.00000000     -0.980088472    
   0.00000000       0.00000000     -0.980295420    
   0.00000000       0.00000000     -0.980524480    
   0.00000000       0.00000000     -0.980738282    
   0.00000000       0.00000000     -0.980928838    
   0.00000000       0.00000000     -0.981122851    
   0.00000000       0.00000000     -0.981315732    
   0.00000000       0.00000000     -0.981511414    
   0.00000000       0.00000000     -0.981705189    
   0.00000000       0.00000000     -0.981885731    
   0.00000000       0.00000000     -0.982074916    
   0.00000000       0.00000000     -0.982253790    
   0.00000000       0.00000000     -0.982429683    
