   0.00000000       0.00000000       0.00000000    
   0.00000000       0.00000000       1.25259543E-02
   0.00000000       0.00000000       2.50497088E-02
   0.00000000       0.00000000       3.75711359E-02
   0.00000000       0.00000000       5.00901826E-02
   0.00000000       0.00000000       6.26068860E-02
   0.00000000       0.00000000       7.51211941E-02
   0.00000000       0.00000000       8.76328349E-02
   0.00000000       0.00000000      0.100142248    
   0.00000000       0.00000000      0.112649053    
   0.00000000       0.00000000      0.125153556    
   0.00000000       0.00000000      0.137655348    
   0.00000000       0.00000000      0.150153890    
   0.00000000       0.00000000      0.162650079    
   0.00000000       0.00000000      0.175142974    
   0.00000000       0.00000000      0.187633112    
   0.00000000       0.00000000      0.200119883    
   0.00000000       0.00000000      0.212603092    
   0.00000000       0.00000000      0.225083485    
   0.00000000       0.00000000      0.237560064    
   0.00000000       0.00000000      0.250032902    
   0.00000000       0.00000000      0.262502372    
   0.00000000       0.00000000      0.274968505    
   0.00000000       0.00000000      0.287431091    
   0.00000000       0.00000000      0.299889445    
   0.00000000       0.00000000      0.312345117    
   0.00000000       0.00000000      0.324796855    
   0.00000000       0.00000000      0.337244660    
   0.00000000       0.00000000      0.349688232    
   0.00000000       0.00000000      0.362128258    
   0.00000000       0.00000000      0.374563575    
   0.00000000       0.00000000      0.386994332    
   0.00000000       0.00000000      0.399420768    
   0.00000000       0.00000000      0.411842763    
   0.00000000       0.00000000      0.424258173    
   0.00000000       0.00000000      0.436669409    
   0.00000000       0.00000000      0.449075043    
   0.00000000       0.00000000      0.461475730    
   0.00000000       0.00000000      0.473870397    
   0.00000000       0.00000000      0.486259878    
   0.00000000       0.00000000      0.498643309    
   0.00000000       0.00000000      0.511020839    
   0.00000000       0.00000000      0.523392200    
   0.00000000       0.00000000      0.535757184    
   0.00000000       0.00000000      0.548115075    
   0.00000000       0.00000000      0.560465157    
   0.00000000       0.00000000      0.572807431    
   0.00000000       0.00000000      0.585143328    
   0.00000000       0.00000000      0.597471476    
   0.00000000       0.00000000      0.609791100    
   0.00000000       0.00000000      0.622104585    
   0.00000000       0.00000000      0.634409428    
   0.00000000       0.00000000      0.646707475    
   0.00000000       0.00000000      0.658994198    
   0.00000000       0.00000000      0.671271384    
   0.00000000       0.00000000      0.683535755    
   0.00000000       0.00000000      0.695788801    
   0.00000000       0.00000000      0.708029807    
   0.00000000       0.00000000      0.720259488    
   0.00000000       0.00000000      0.732477784    
   0.00000000       0.00000000      0.744685054    
   0.00000000       0.00000000      0.756878853    
   0.00000000       0.00000000      0.769058526    
   0.00000000       0.00000000      0.781221509    
   0.00000000       0.00000000      0.793367743    
   0.00000000       0.00000000      0.805497229    
   0.00000000       0.00000000      0.817612350    
   0.00000000       0.00000000      0.829709530    
   0.00000000       0.00000000      0.841790259    
   0.00000000       0.00000000      0.853851378    
   0.00000000       0.00000000      0.865887940    
   0.00000000       0.00000000      0.877898216    
   0.00000000       0.00000000      0.889879942    
   0.00000000       0.00000000      0.901833475    
   0.00000000       0.00000000      0.913758695    
   0.00000000       0.00000000      0.925653219    
   0.00000000       0.00000000      0.937517822    
   0.00000000       0.00000000      0.949349701    
   0.00000000       0.00000000      0.961146355    
   0.00000000       0.00000000      0.972903490    
   0.00000000       0.00000000      0.984614134    
   0.00000000       0.00000000      0.996267080    
   0.00000000       0.00000000       1.00785518    
   0.00000000       0.00000000       1.01937830    
   0.00000000       0.00000000       1.03083467    
   0.00000000       0.00000000       1.04222226    
   0.00000000       0.00000000       1.05352271    
   0.00000000       0.00000000       1.06471181    
   0.00000000       0.00000000       1.07577503    
   0.00000000       0.00000000       1.08670020    
   0.00000000       0.00000000       1.09747422    
   0.00000000       0.00000000       1.10805607    
   0.00000000       0.00000000       1.11838174    
   0.00000000       0.00000000       1.12840307    
   0.00000000       0.00000000       1.13811445    
   0.00000000       0.00000000       1.14750338    
   0.00000000       0.00000000       1.15639842    
   0.00000000       0.00000000       1.16431618    
   0.00000000       0.00000000       1.17058325    
   0.00000000       0.00000000       1.17459834    
   0.00000000       0.00000000       1.17598319    
   0.00000000       0.00000000       1.17459989    
   0.00000000       0.00000000       1.17058325    
   0.00000000       0.00000000       1.16431499    
   0.00000000       0.00000000       1.15639794    
   0.00000000       0.00000000       1.14750195    
   0.00000000       0.00000000       1.13811409    
   0.00000000       0.00000000       1.12840343    
   0.00000000       0.00000000       1.11838102    
   0.00000000       0.00000000       1.10805595    
   0.00000000       0.00000000       1.09747422    
   0.00000000       0.00000000       1.08669937    
   0.00000000       0.00000000       1.07577527    
   0.00000000       0.00000000       1.06471157    
   0.00000000       0.00000000       1.05352354    
   0.00000000       0.00000000       1.04222226    
   0.00000000       0.00000000       1.03083384    
   0.00000000       0.00000000       1.01937640    
   0.00000000       0.00000000       1.00785542    
   0.00000000       0.00000000      0.996267676    
   0.00000000       0.00000000      0.984613478    
   0.00000000       0.00000000      0.972902954    
   0.00000000       0.00000000      0.961145639    
   0.00000000       0.00000000      0.949349821    
   0.00000000       0.00000000      0.937517822    
   0.00000000       0.00000000      0.925653934    
   0.00000000       0.00000000      0.913758337    
   0.00000000       0.00000000      0.901833415    
   0.00000000       0.00000000      0.889879823    
   0.00000000       0.00000000      0.877897978    
   0.00000000       0.00000000      0.865888357    
   0.00000000       0.00000000      0.853851736    
   0.00000000       0.00000000      0.841790974    
   0.00000000       0.00000000      0.829709530    
   0.00000000       0.00000000      0.817612231    
   0.00000000       0.00000000      0.805498242    
   0.00000000       0.00000000      0.793368399    
   0.00000000       0.00000000      0.781221926    
   0.00000000       0.00000000      0.769059062    
   0.00000000       0.00000000      0.756879568    
   0.00000000       0.00000000      0.744685531    
   0.00000000       0.00000000      0.732478201    
   0.00000000       0.00000000      0.720260978    
   0.00000000       0.00000000      0.708030760    
   0.00000000       0.00000000      0.695788622    
   0.00000000       0.00000000      0.683536112    
   0.00000000       0.00000000      0.671271384    
   0.00000000       0.00000000      0.658995032    
   0.00000000       0.00000000      0.646707058    
   0.00000000       0.00000000      0.634410262    
   0.00000000       0.00000000      0.622104287    
   0.00000000       0.00000000      0.609790981    
   0.00000000       0.00000000      0.597471118    
   0.00000000       0.00000000      0.585144222    
   0.00000000       0.00000000      0.572808385    
   0.00000000       0.00000000      0.560465395    
   0.00000000       0.00000000      0.548114896    
   0.00000000       0.00000000      0.535756946    
   0.00000000       0.00000000      0.523392320    
   0.00000000       0.00000000      0.511020720    
   0.00000000       0.00000000      0.498643309    
   0.00000000       0.00000000      0.486259937    
   0.00000000       0.00000000      0.473870784    
   0.00000000       0.00000000      0.461475939    
   0.00000000       0.00000000      0.449075609    
   0.00000000       0.00000000      0.436669737    
   0.00000000       0.00000000      0.424258649    
   0.00000000       0.00000000      0.411842644    
   0.00000000       0.00000000      0.399421215    
   0.00000000       0.00000000      0.386994898    
   0.00000000       0.00000000      0.374563962    
   0.00000000       0.00000000      0.362128317    
   0.00000000       0.00000000      0.349688560    
   0.00000000       0.00000000      0.337244987    
   0.00000000       0.00000000      0.324797004    
   0.00000000       0.00000000      0.312345088    
   0.00000000       0.00000000      0.299889773    
   0.00000000       0.00000000      0.287431270    
   0.00000000       0.00000000      0.274968922    
   0.00000000       0.00000000      0.262502253    
   0.00000000       0.00000000      0.250033289    
   0.00000000       0.00000000      0.237560257    
   0.00000000       0.00000000      0.225083411    
   0.00000000       0.00000000      0.212603450    
   0.00000000       0.00000000      0.200120106    
   0.00000000       0.00000000      0.187633365    
   0.00000000       0.00000000      0.175143167    
   0.00000000       0.00000000      0.162650153    
   0.00000000       0.00000000      0.150154024    
   0.00000000       0.00000000      0.137655258    
   0.00000000       0.00000000      0.125153571    
   0.00000000       0.00000000      0.112649158    
   0.00000000       0.00000000      0.100142315    
   0.00000000       0.00000000       8.76329988E-02
   0.00000000       0.00000000       7.51212239E-02
   0.00000000       0.00000000       6.26069531E-02
   0.00000000       0.00000000       5.00902124E-02
   0.00000000       0.00000000       3.75711694E-02
   0.00000000       0.00000000       2.50497144E-02
   0.00000000       0.00000000       1.25259785E-02
   0.00000000       0.00000000       0.00000000    
