   0.00000000       0.00000000       0.00000000       1.00000000    
   0.00000000       0.00000000       3.97975891E-05   1.00000024    
   0.00000000       0.00000000       1.59441552E-04   1.00000000    
   0.00000000       0.00000000       3.58916557E-04   1.00000024    
   0.00000000       0.00000000       6.38210098E-04  0.999999821    
   0.00000000       0.00000000       9.97305382E-04  0.999999523    
   0.00000000       0.00000000       1.43618300E-03  0.999998987    
   0.00000000       0.00000000       1.95483374E-03  0.999998152    
   0.00000000       0.00000000       2.55323737E-03  0.999996781    
   0.00000000       0.00000000       3.23137990E-03  0.999994814    
   0.00000000       0.00000000       3.98924202E-03  0.999992132    
   0.00000000       0.00000000       4.82680602E-03  0.999988377    
   0.00000000       0.00000000       5.74406050E-03  0.999983609    
   0.00000000       0.00000000       6.74097100E-03  0.999977350    
   0.00000000       0.00000000       7.81752914E-03  0.999969602    
   0.00000000       0.00000000       8.97370744E-03  0.999959886    
   0.00000000       0.00000000       1.02094868E-02  0.999948084    
   0.00000000       0.00000000       1.15248365E-02  0.999933660    
   0.00000000       0.00000000       1.29197314E-02  0.999916673    
   0.00000000       0.00000000       1.43941399E-02  0.999896526    
   0.00000000       0.00000000       1.59480385E-02  0.999873042    
   0.00000000       0.00000000       1.75813846E-02  0.999845624    
   0.00000000       0.00000000       1.92941539E-02  0.999814034    
   0.00000000       0.00000000       2.10863091E-02  0.999777853    
   0.00000000       0.00000000       2.29578130E-02  0.999736547    
   0.00000000       0.00000000       2.49086246E-02  0.999689937    
   0.00000000       0.00000000       2.69387048E-02  0.999637187    
   0.00000000       0.00000000       2.90480126E-02  0.999578178    
   0.00000000       0.00000000       3.12364902E-02  0.999512196    
   0.00000000       0.00000000       3.35040838E-02  0.999438763    
   0.00000000       0.00000000       3.58507521E-02  0.999357343    
   0.00000000       0.00000000       3.82764265E-02  0.999267399    
   0.00000000       0.00000000       4.07810397E-02  0.999168336    
   0.00000000       0.00000000       4.33645323E-02  0.999059558    
   0.00000000       0.00000000       4.60268147E-02  0.998940408    
   0.00000000       0.00000000       4.87678088E-02  0.998810410    
   0.00000000       0.00000000       5.15874326E-02  0.998668671    
   0.00000000       0.00000000       5.44856079E-02  0.998514771    
   0.00000000       0.00000000       5.74622191E-02  0.998347938    
   0.00000000       0.00000000       6.05171807E-02  0.998167455    
   0.00000000       0.00000000       6.36503845E-02  0.997972548    
   0.00000000       0.00000000       6.68616891E-02  0.997762501    
   0.00000000       0.00000000       7.01510310E-02  0.997536600    
   0.00000000       0.00000000       7.35182092E-02  0.997294188    
   0.00000000       0.00000000       7.69631416E-02  0.997034252    
   0.00000000       0.00000000       8.04856494E-02  0.996756136    
   0.00000000       0.00000000       8.40855837E-02  0.996458888    
   0.00000000       0.00000000       8.77627805E-02  0.996141732    
   0.00000000       0.00000000       9.15170461E-02  0.995803773    
   0.00000000       0.00000000       9.53482389E-02  0.995444238    
   0.00000000       0.00000000       9.92561653E-02  0.995062292    
   0.00000000       0.00000000      0.103240594      0.994656801    
   0.00000000       0.00000000      0.107301340      0.994226933    
   0.00000000       0.00000000      0.111438170      0.993771732    
   0.00000000       0.00000000      0.115650862      0.993290246    
   0.00000000       0.00000000      0.119939119      0.992781579    
   0.00000000       0.00000000      0.124302670      0.992244720    
   0.00000000       0.00000000      0.128741279      0.991678655    
   0.00000000       0.00000000      0.133254588      0.991082251    
   0.00000000       0.00000000      0.137842327      0.990454555    
   0.00000000       0.00000000      0.142504156      0.989794672    
   0.00000000       0.00000000      0.147239789      0.989101291    
   0.00000000       0.00000000      0.152048811      0.988373399    
   0.00000000       0.00000000      0.156930879      0.987610042    
   0.00000000       0.00000000      0.161885574      0.986809909    
   0.00000000       0.00000000      0.166912496      0.985972106    
   0.00000000       0.00000000      0.172011226      0.985095382    
   0.00000000       0.00000000      0.177181274      0.984178662    
   0.00000000       0.00000000      0.182422236      0.983220696    
   0.00000000       0.00000000      0.187733606      0.982220411    
   0.00000000       0.00000000      0.193114847      0.981176674    
   0.00000000       0.00000000      0.198565423      0.980088055    
   0.00000000       0.00000000      0.204084709      0.978953719    
   0.00000000       0.00000000      0.209672138      0.977772236    
   0.00000000       0.00000000      0.215327054      0.976542473    
   0.00000000       0.00000000      0.221048802      0.975263298    
   0.00000000       0.00000000      0.226836711      0.973933280    
   0.00000000       0.00000000      0.232690066      0.972551465    
   0.00000000       0.00000000      0.238608152      0.971116483    
   0.00000000       0.00000000      0.244590193      0.969627023    
   0.00000000       0.00000000      0.250635356      0.968082070    
   0.00000000       0.00000000      0.256742775      0.966480196    
   0.00000000       0.00000000      0.262911350      0.964820445    
   0.00000000       0.00000000      0.269140214      0.963101506    
   0.00000000       0.00000000      0.275428206      0.961322129    
   0.00000000       0.00000000      0.281774372      0.959481239    
   0.00000000       0.00000000      0.288177401      0.957577527    
   0.00000000       0.00000000      0.294636101      0.955609977    
   0.00000000       0.00000000      0.301149040      0.953577638    
   0.00000000       0.00000000      0.307714641      0.951479197    
   0.00000000       0.00000000      0.314331293      0.949313939    
   0.00000000       0.00000000      0.320997149      0.947080791    
   0.00000000       0.00000000      0.327710122      0.944778860    
   0.00000000       0.00000000      0.334467709      0.942407787    
   0.00000000       0.00000000      0.341267258      0.939966857    
   0.00000000       0.00000000      0.348106027      0.937455714    
   0.00000000       0.00000000      0.354980886      0.934874117    
   0.00000000       0.00000000      0.361886501      0.932222724    
   0.00000000       0.00000000      0.368814409      0.929503679    
   0.00000000       0.00000000      0.375752181      0.926720858    
   0.00000000       0.00000000      0.382684886      0.923879623    
   0.00000000       0.00000000      0.389596105      0.920986474    
   0.00000000       0.00000000      0.396469653      0.918048441    
   0.00000000       0.00000000      0.403291106      0.915072441    
   0.00000000       0.00000000      0.410048872      0.912064135    
   0.00000000       0.00000000      0.416735560      0.909028471    
   0.00000000       0.00000000      0.423346937      0.905968308    
   0.00000000       0.00000000      0.429880977      0.902886331    
   0.00000000       0.00000000      0.436335832      0.899784565    
   0.00000000       0.00000000      0.442710251      0.896665394    
   0.00000000       0.00000000      0.449002832      0.893530965    
   0.00000000       0.00000000      0.455212593      0.890383422    
   0.00000000       0.00000000      0.461338937      0.887224615    
   0.00000000       0.00000000      0.467381388      0.884056389    
   0.00000000       0.00000000      0.473339617      0.880880654    
   0.00000000       0.00000000      0.479213357      0.877699077    
   0.00000000       0.00000000      0.485002458      0.874513447    
   0.00000000       0.00000000      0.490706921      0.871325374    
   0.00000000       0.00000000      0.496326864      0.868136406    
   0.00000000       0.00000000      0.501862407      0.864948094    
   0.00000000       0.00000000      0.507313550      0.861762166    
   0.00000000       0.00000000      0.512680590      0.858580112    
   0.00000000       0.00000000      0.517963707      0.855403304    
   0.00000000       0.00000000      0.523163080      0.852233291    
   0.00000000       0.00000000      0.528279185      0.849071383    
   0.00000000       0.00000000      0.533312261      0.845919132    
   0.00000000       0.00000000      0.538262606      0.842777908    
   0.00000000       0.00000000      0.543130815      0.839648843    
   0.00000000       0.00000000      0.547917128      0.836533308    
   0.00000000       0.00000000      0.552621961      0.833432734    
   0.00000000       0.00000000      0.557245791      0.830348253    
   0.00000000       0.00000000      0.561788917      0.827281296    
   0.00000000       0.00000000      0.566251993      0.824232876    
   0.00000000       0.00000000      0.570635200      0.821204305    
   0.00000000       0.00000000      0.574939251      0.818196714    
   0.00000000       0.00000000      0.579164445      0.815211356    
   0.00000000       0.00000000      0.583311498      0.812249243    
   0.00000000       0.00000000      0.587380648      0.809311450    
   0.00000000       0.00000000      0.591372609      0.806399047    
   0.00000000       0.00000000      0.595287740      0.803513229    
   0.00000000       0.00000000      0.599126637      0.800654888    
   0.00000000       0.00000000      0.602889657      0.797825158    
   0.00000000       0.00000000      0.606577456      0.795024931    
   0.00000000       0.00000000      0.610190570      0.792255282    
   0.00000000       0.00000000      0.613729477      0.789516985    
   0.00000000       0.00000000      0.617194593      0.786811113    
   0.00000000       0.00000000      0.620586514      0.784138501    
   0.00000000       0.00000000      0.623905778      0.781500161    
   0.00000000       0.00000000      0.627152741      0.778896749    
   0.00000000       0.00000000      0.630328059      0.776329398    
   0.00000000       0.00000000      0.633432209      0.773798704    
   0.00000000       0.00000000      0.636465728      0.771305561    
   0.00000000       0.00000000      0.639428914      0.768850625    
   0.00000000       0.00000000      0.642322600      0.766434908    
   0.00000000       0.00000000      0.645146966      0.764059007    
   0.00000000       0.00000000      0.647902608      0.761723697    
   0.00000000       0.00000000      0.650590122      0.759429574    
   0.00000000       0.00000000      0.653209805      0.757177472    
   0.00000000       0.00000000      0.655762315      0.754967928    
   0.00000000       0.00000000      0.658247828      0.752801776    
   0.00000000       0.00000000      0.660667062      0.750679553    
   0.00000000       0.00000000      0.663020432      0.748601794    
   0.00000000       0.00000000      0.665308237      0.746569276    
   0.00000000       0.00000000      0.667531013      0.744582415    
   0.00000000       0.00000000      0.669689119      0.742642045    
   0.00000000       0.00000000      0.671783030      0.740748405    
   0.00000000       0.00000000      0.673813105      0.738902092    
   0.00000000       0.00000000      0.675779939      0.737103879    
   0.00000000       0.00000000      0.677683651      0.735354006    
   0.00000000       0.00000000      0.679524720      0.733652949    
   0.00000000       0.00000000      0.681303501      0.732001424    
   0.00000000       0.00000000      0.683020413      0.730399668    
   0.00000000       0.00000000      0.684675813      0.728848100    
   0.00000000       0.00000000      0.686269879      0.727347255    
   0.00000000       0.00000000      0.687803209      0.725897551    
   0.00000000       0.00000000      0.689275861      0.724499285    
   0.00000000       0.00000000      0.690688372      0.723152816    
   0.00000000       0.00000000      0.692040741      0.721858621    
   0.00000000       0.00000000      0.693333685      0.720617056    
   0.00000000       0.00000000      0.694567025      0.719428241    
   0.00000000       0.00000000      0.695741355      0.718292594    
   0.00000000       0.00000000      0.696856737      0.717210472    
   0.00000000       0.00000000      0.697913587      0.716182232    
   0.00000000       0.00000000      0.698911965      0.715207875    
   0.00000000       0.00000000      0.699852109      0.714287937    
   0.00000000       0.00000000      0.700734317      0.713422477    
   0.00000000       0.00000000      0.701558709      0.712611735    
   0.00000000       0.00000000      0.702325463      0.711856067    
   0.00000000       0.00000000      0.703034818      0.711155534    
   0.00000000       0.00000000      0.703686893      0.710510373    
   0.00000000       0.00000000      0.704281688      0.709920764    
   0.00000000       0.00000000      0.704819500      0.709386766    
   0.00000000       0.00000000      0.705300331      0.708908617    
   0.00000000       0.00000000      0.705724478      0.708486438    
   0.00000000       0.00000000      0.706091940      0.708120286    
   0.00000000       0.00000000      0.706402600      0.707810462    
   0.00000000       0.00000000      0.706656694      0.707556665    
   0.00000000       0.00000000      0.706854284      0.707359254    
   0.00000000       0.00000000      0.706995308      0.707218289    
   0.00000000       0.00000000      0.707079887      0.707133651    
   0.00000000       0.00000000      0.707108080      0.707105517    
