   0.00000000       0.00000000       0.00000000    
   7.95952001E-05   0.00000000       0.00000000    
   3.18883132E-04   0.00000000       0.00000000    
   7.17833347E-04   0.00000000       0.00000000    
   1.27642031E-03   0.00000000       0.00000000    
   1.99461123E-03   0.00000000       0.00000000    
   2.87236692E-03   0.00000000       0.00000000    
   3.90966982E-03   0.00000000       0.00000000    
   5.10648079E-03   0.00000000       0.00000000    
   6.46277145E-03   0.00000000       0.00000000    
   7.97850639E-03   0.00000000       0.00000000    
   9.65365022E-03   0.00000000       0.00000000    
   1.14881853E-02   0.00000000       0.00000000    
   1.34820454E-02   0.00000000       0.00000000    
   1.56352203E-02   0.00000000       0.00000000    
   1.79476570E-02   0.00000000       0.00000000    
   2.04193331E-02   0.00000000       0.00000000    
   2.30501853E-02   0.00000000       0.00000000    
   2.58401837E-02   0.00000000       0.00000000    
   2.87892763E-02   0.00000000       0.00000000    
   3.18974368E-02   0.00000000       0.00000000    
   3.51645872E-02   0.00000000       0.00000000    
   3.85907106E-02   0.00000000       0.00000000    
   4.21757475E-02   0.00000000       0.00000000    
   4.59196679E-02   0.00000000       0.00000000    
   4.98224124E-02   0.00000000       0.00000000    
   5.38839363E-02   0.00000000       0.00000000    
   5.81042096E-02   0.00000000       0.00000000    
   6.24831542E-02   0.00000000       0.00000000    
   6.70207217E-02   0.00000000       0.00000000    
   7.17168823E-02   0.00000000       0.00000000    
   7.65715763E-02   0.00000000       0.00000000    
   8.15847218E-02   0.00000000       0.00000000    
   8.67562965E-02   0.00000000       0.00000000    
   9.20861810E-02   0.00000000       0.00000000    
   9.75743383E-02   0.00000000       0.00000000    
  0.103220701       0.00000000       0.00000000    
  0.109025225       0.00000000       0.00000000    
  0.114987805       0.00000000       0.00000000    
  0.121108390       0.00000000       0.00000000    
  0.127386913       0.00000000       0.00000000    
  0.133823246       0.00000000       0.00000000    
  0.140417427       0.00000000       0.00000000    
  0.147169232       0.00000000       0.00000000    
  0.154078692       0.00000000       0.00000000    
  0.161145672       0.00000000       0.00000000    
  0.168370038       0.00000000       0.00000000    
  0.175751716       0.00000000       0.00000000    
  0.183290601       0.00000000       0.00000000    
  0.190986663       0.00000000       0.00000000    
  0.198839799       0.00000000       0.00000000    
  0.206849843       0.00000000       0.00000000    
  0.215016723       0.00000000       0.00000000    
  0.223340318       0.00000000       0.00000000    
  0.231820554       0.00000000       0.00000000    
  0.240457192       0.00000000       0.00000000    
  0.249250144       0.00000000       0.00000000    
  0.258199304       0.00000000       0.00000000    
  0.267304361       0.00000000       0.00000000    
  0.276565313       0.00000000       0.00000000    
  0.285981983       0.00000000       0.00000000    
  0.295554250       0.00000000       0.00000000    
  0.305281848       0.00000000       0.00000000    
  0.315164655       0.00000000       0.00000000    
  0.325202346       0.00000000       0.00000000    
  0.335394919       0.00000000       0.00000000    
  0.345742047       0.00000000       0.00000000    
  0.356243461       0.00000000       0.00000000    
  0.366899043       0.00000000       0.00000000    
  0.377708584       0.00000000       0.00000000    
  0.388671726       0.00000000       0.00000000    
  0.399788111       0.00000000       0.00000000    
  0.411057472       0.00000000       0.00000000    
  0.422479451       0.00000000       0.00000000    
  0.434053630       0.00000000       0.00000000    
  0.445779681       0.00000000       0.00000000    
  0.457657188       0.00000000       0.00000000    
  0.469685763       0.00000000       0.00000000    
  0.481864929       0.00000000       0.00000000    
  0.494194239       0.00000000       0.00000000    
  0.506673217       0.00000000       0.00000000    
  0.519301116       0.00000000       0.00000000    
  0.532077134       0.00000000       0.00000000    
  0.545000553       0.00000000       0.00000000    
  0.558070421       0.00000000       0.00000000    
  0.571286082       0.00000000       0.00000000    
  0.584646106       0.00000000       0.00000000    
  0.598149598       0.00000000       0.00000000    
  0.611795068       0.00000000       0.00000000    
  0.625580609       0.00000000       0.00000000    
  0.639504671       0.00000000       0.00000000    
  0.653564692       0.00000000       0.00000000    
  0.667757928       0.00000000       0.00000000    
  0.682080984       0.00000000       0.00000000    
  0.696529865       0.00000000       0.00000000    
  0.711100280       0.00000000       0.00000000    
  0.725787520       0.00000000       0.00000000    
  0.740581810       0.00000000       0.00000000    
  0.755466700       0.00000000       0.00000000    
  0.770416975       0.00000000       0.00000000    
  0.785401702       0.00000000       0.00000000    
  0.800386369       0.00000000       0.00000000    
  0.815336585       0.00000000       0.00000000    
  0.830221534       0.00000000       0.00000000    
  0.845015585       0.00000000       0.00000000    
  0.859702826       0.00000000       0.00000000    
  0.874273300       0.00000000       0.00000000    
  0.888722301       0.00000000       0.00000000    
  0.903045118       0.00000000       0.00000000    
  0.917238355       0.00000000       0.00000000    
  0.931298435       0.00000000       0.00000000    
  0.945222259       0.00000000       0.00000000    
  0.959007800       0.00000000       0.00000000    
  0.972653091       0.00000000       0.00000000    
  0.986156642       0.00000000       0.00000000    
  0.999516785       0.00000000       0.00000000    
   1.01273239       0.00000000       0.00000000    
   1.02580214       0.00000000       0.00000000    
   1.03872550       0.00000000       0.00000000    
   1.05150151       0.00000000       0.00000000    
   1.06412935       0.00000000       0.00000000    
   1.07660830       0.00000000       0.00000000    
   1.08893776       0.00000000       0.00000000    
   1.10111690       0.00000000       0.00000000    
   1.11314547       0.00000000       0.00000000    
   1.12502301       0.00000000       0.00000000    
   1.13674879       0.00000000       0.00000000    
   1.14832306       0.00000000       0.00000000    
   1.15974498       0.00000000       0.00000000    
   1.17101419       0.00000000       0.00000000    
   1.18213058       0.00000000       0.00000000    
   1.19309354       0.00000000       0.00000000    
   1.20390320       0.00000000       0.00000000    
   1.21455860       0.00000000       0.00000000    
   1.22505999       0.00000000       0.00000000    
   1.23540699       0.00000000       0.00000000    
   1.24559963       0.00000000       0.00000000    
   1.25563729       0.00000000       0.00000000    
   1.26552010       0.00000000       0.00000000    
   1.27524757       0.00000000       0.00000000    
   1.28481996       0.00000000       0.00000000    
   1.29423642       0.00000000       0.00000000    
   1.30349731       0.00000000       0.00000000    
   1.31260240       0.00000000       0.00000000    
   1.32155156       0.00000000       0.00000000    
   1.33034444       0.00000000       0.00000000    
   1.33898115       0.00000000       0.00000000    
   1.34746134       0.00000000       0.00000000    
   1.35578477       0.00000000       0.00000000    
   1.36395156       0.00000000       0.00000000    
   1.37196159       0.00000000       0.00000000    
   1.37981486       0.00000000       0.00000000    
   1.38751054       0.00000000       0.00000000    
   1.39504981       0.00000000       0.00000000    
   1.40243137       0.00000000       0.00000000    
   1.40965557       0.00000000       0.00000000    
   1.41672254       0.00000000       0.00000000    
   1.42363191       0.00000000       0.00000000    
   1.43038392       0.00000000       0.00000000    
   1.43697786       0.00000000       0.00000000    
   1.44341421       0.00000000       0.00000000    
   1.44969273       0.00000000       0.00000000    
   1.45581329       0.00000000       0.00000000    
   1.46177590       0.00000000       0.00000000    
   1.46758032       0.00000000       0.00000000    
   1.47322655       0.00000000       0.00000000    
   1.47871447       0.00000000       0.00000000    
   1.48404467       0.00000000       0.00000000    
   1.48921621       0.00000000       0.00000000    
   1.49422932       0.00000000       0.00000000    
   1.49908376       0.00000000       0.00000000    
   1.50378001       0.00000000       0.00000000    
   1.50831759       0.00000000       0.00000000    
   1.51269639       0.00000000       0.00000000    
   1.51691675       0.00000000       0.00000000    
   1.52097809       0.00000000       0.00000000    
   1.52488112       0.00000000       0.00000000    
   1.52862465       0.00000000       0.00000000    
   1.53220999       0.00000000       0.00000000    
   1.53563583       0.00000000       0.00000000    
   1.53890300       0.00000000       0.00000000    
   1.54201102       0.00000000       0.00000000    
   1.54496026       0.00000000       0.00000000    
   1.54775023       0.00000000       0.00000000    
   1.55038083       0.00000000       0.00000000    
   1.55285251       0.00000000       0.00000000    
   1.55516493       0.00000000       0.00000000    
   1.55731809       0.00000000       0.00000000    
   1.55931199       0.00000000       0.00000000    
   1.56114662       0.00000000       0.00000000    
   1.56282163       0.00000000       0.00000000    
   1.56433737       0.00000000       0.00000000    
   1.56569338       0.00000000       0.00000000    
   1.56689036       0.00000000       0.00000000    
   1.56792796       0.00000000       0.00000000    
   1.56880558       0.00000000       0.00000000    
   1.56952369       0.00000000       0.00000000    
   1.57008231       0.00000000       0.00000000    
   1.57048106       0.00000000       0.00000000    
   1.57072031       0.00000000       0.00000000    
   1.57079995       0.00000000       0.00000000    
