   1.00000000    
  0.367879450    
  0.310142905    
  0.237854093    
  0.197338983    
  0.167308360    
  0.145114392    
  0.128127709    
  0.115002900    
  0.104598992    
   9.66635272E-02
   8.87050703E-02
   8.21708441E-02
   7.64652640E-02
   7.09755421E-02
   6.84145540E-02
   6.39807507E-02
   6.05255924E-02
   5.72602153E-02
   5.43725081E-02
   5.15507385E-02
   4.90539409E-02
   4.67428081E-02
   4.55435738E-02
   4.39343676E-02
   4.32699844E-02
   4.15116996E-02
   3.98370139E-02
   3.83057669E-02
   3.70172188E-02
   3.56820375E-02
   3.45221646E-02
   3.33839506E-02
   3.23154405E-02
   3.13307494E-02
   3.03689931E-02
   2.94650868E-02
   2.86180228E-02
   2.78317966E-02
   2.71295030E-02
   2.64369491E-02
   2.57473327E-02
   2.51005460E-02
   2.45096106E-02
   2.39271652E-02
   2.33763587E-02
   2.28868220E-02
   2.24134605E-02
   2.20573172E-02
   2.16089133E-02
   2.11909693E-02
   2.07940899E-02
   2.04102434E-02
   2.00467836E-02
   1.96599755E-02
   1.93280876E-02
   1.90569721E-02
   1.88919082E-02
   1.85459908E-02
   1.83661580E-02
   1.81019101E-02
   1.78230740E-02
   1.75154265E-02
   1.72588937E-02
   1.69740170E-02
   1.67210158E-02
   1.64901521E-02
   1.62482541E-02
   1.59971844E-02
   1.57563929E-02
   1.55280260E-02
   1.53239612E-02
   1.50934253E-02
   1.48681998E-02
   1.46531546E-02
   1.44482600E-02
   1.42513504E-02
   1.40686641E-02
   1.38780391E-02
   1.37101132E-02
   1.35278190E-02
   1.33496700E-02
   1.31803509E-02
   1.30077694E-02
   1.28396628E-02
   1.26958881E-02
   1.25423735E-02
   1.23897828E-02
   1.22372219E-02
   1.20886546E-02
   1.19452672E-02
   1.18124383E-02
   1.16737252E-02
   1.15511268E-02
   1.14215249E-02
   1.12950280E-02
   1.11732120E-02
   1.10756755E-02
   1.09653482E-02
   1.08472724E-02
   1.07302452E-02
   1.06232138E-02
   1.05123017E-02
   1.04116732E-02
   1.03038326E-02
   1.02019450E-02
   1.01008601E-02
   1.00017628E-02
   9.90585145E-03
   9.81054921E-03
   9.71611869E-03
   9.63113457E-03
   9.54450294E-03
   9.45608970E-03
   9.37025715E-03
   9.28394310E-03
   9.20222327E-03
   9.12095699E-03
   9.04124230E-03
   8.95986706E-03
   8.87994561E-03
   8.80465377E-03
   8.73109140E-03
   8.65519047E-03
   8.58060177E-03
   8.50747805E-03
   8.43554828E-03
   8.36552121E-03
   8.29761848E-03
   8.23264662E-03
   8.16862285E-03
   8.10453948E-03
   8.03992059E-03
   7.97668472E-03
   7.91331101E-03
   7.85189122E-03
   7.79288914E-03
   7.73239555E-03
   7.67351454E-03
   7.62027968E-03
   7.56247295E-03
   7.50686368E-03
   7.45133823E-03
   7.39601301E-03
   7.34244473E-03
   7.28897192E-03
   7.23707350E-03
   7.18548149E-03
   7.13600172E-03
   7.08701881E-03
   7.03809550E-03
   6.99039130E-03
   6.94396626E-03
   6.89868815E-03
   6.85242983E-03
   6.80563413E-03
   6.76051714E-03
   6.71496708E-03
   6.67002751E-03
   6.62568677E-03
   6.58193231E-03
   6.53922046E-03
   6.49881735E-03
   6.45810552E-03
   6.41699228E-03
   6.37640245E-03
   6.33632671E-03
   6.29671989E-03
   6.25764392E-03
   6.21942943E-03
   6.18144637E-03
   6.14477415E-03
   6.10776991E-03
   6.07057847E-03
   6.03440311E-03
   5.99826407E-03
   5.96252363E-03
   5.92743605E-03
   5.89311868E-03
   5.85904019E-03
   5.82705438E-03
   5.79364458E-03
   5.76087181E-03
   5.72922779E-03
   5.69649739E-03
   5.66420238E-03
   5.63261192E-03
   5.60131343E-03
   5.57228969E-03
   5.54204080E-03
   5.51212253E-03
   5.48191974E-03
   5.45239821E-03
   5.42275049E-03
   5.39386692E-03
   5.36491396E-03
   5.33699105E-03
   5.30973589E-03
   5.28248446E-03
   5.25486888E-03
   5.22772595E-03
   5.20089502E-03
   5.17528178E-03
   5.14856726E-03
   5.12293866E-03
   5.09685092E-03
   5.07117715E-03
   5.04632387E-03
   5.02189388E-03
   4.99673747E-03
   4.97221155E-03
   4.94754966E-03
   4.92321793E-03
   4.89944126E-03
   4.87549556E-03
   4.85178269E-03
   4.82937554E-03
   4.80627781E-03
   4.78323316E-03
   4.76052007E-03
   4.73793875E-03
   4.71587526E-03
   4.69371583E-03
   4.67176409E-03
   4.64998977E-03
   4.63012606E-03
   4.60873730E-03
   4.58886195E-03
   4.56865504E-03
   4.54814965E-03
   4.52782912E-03
   4.50832350E-03
   4.48920019E-03
   4.47000796E-03
   4.45066998E-03
   4.43119043E-03
   4.41188226E-03
   4.39315429E-03
   4.37420420E-03
   4.35511209E-03
   4.33646515E-03
   4.31805430E-03
   4.29944880E-03
   4.28112829E-03
   4.26283944E-03
   4.24530217E-03
   4.22731787E-03
   4.21054382E-03
   4.19292552E-03
   4.17618733E-03
   4.15956089E-03
   4.14314261E-03
   4.12601233E-03
   4.10928717E-03
   4.09298530E-03
   4.07679100E-03
   4.06093989E-03
   4.04568668E-03
   4.02972801E-03
   4.01378004E-03
   3.99774825E-03
   3.98179842E-03
   3.96597525E-03
   3.95076163E-03
   3.93564347E-03
   3.92018445E-03
   3.90530261E-03
   3.89010366E-03
   3.87522648E-03
   3.86100402E-03
   3.84637201E-03
   3.83205293E-03
   3.81739670E-03
   3.80307413E-03
   3.78888100E-03
   3.77477286E-03
   3.76055087E-03
   3.74665391E-03
   3.73286079E-03
   3.71921272E-03
   3.70603241E-03
   3.69251706E-03
   3.67899332E-03
   3.66561185E-03
   3.65219987E-03
   3.63918277E-03
   3.62615334E-03
   3.61359678E-03
   3.60062532E-03
   3.58881312E-03
   3.57614411E-03
   3.56339919E-03
   3.55072413E-03
   3.53850960E-03
   3.52619565E-03
   3.51396762E-03
   3.50180455E-03
   3.48958350E-03
   3.47783300E-03
   3.46577913E-03
   3.45378811E-03
   3.44238128E-03
   3.43075185E-03
   3.41902208E-03
   3.40735237E-03
   3.39592039E-03
   3.38440761E-03
   3.37297260E-03
   3.36177158E-03
   3.35052819E-03
   3.33955418E-03
   3.32847866E-03
   3.31741828E-03
   3.30646965E-03
   3.29555501E-03
   3.28503735E-03
   3.27449269E-03
   3.26395896E-03
   3.25351232E-03
   3.24322749E-03
   3.23308376E-03
   3.22264782E-03
   3.21241003E-03
   3.20240529E-03
   3.19216633E-03
   3.18212202E-03
   3.17206769E-03
   3.16203991E-03
   3.15205706E-03
   3.14230216E-03
   3.13275354E-03
   3.12300934E-03
   3.11345258E-03
   3.10391816E-03
   3.09444289E-03
   3.08504375E-03
   3.07554100E-03
   3.06625711E-03
   3.05699417E-03
   3.04805301E-03
   3.03891813E-03
   3.02994391E-03
   3.02104093E-03
   3.01222596E-03
   3.00318352E-03
   2.99429987E-03
   2.98534730E-03
   2.97651766E-03
   2.96767149E-03
   2.95899808E-03
   2.95037543E-03
   2.94168363E-03
   2.93304282E-03
   2.92445277E-03
   2.91591277E-03
   2.90757488E-03
   2.89918366E-03
   2.89116055E-03
   2.88281380E-03
   2.87453178E-03
   2.86651426E-03
   2.85830908E-03
   2.85028364E-03
   2.84250150E-03
   2.83466396E-03
   2.82668951E-03
   2.81882519E-03
   2.81089079E-03
   2.80313124E-03
   2.79528461E-03
   2.78749783E-03
   2.77985190E-03
   2.77219946E-03
   2.76492699E-03
   2.75750109E-03
   2.74990778E-03
   2.74246768E-03
   2.73516355E-03
   2.72772461E-03
   2.72040488E-03
   2.71314057E-03
   2.70589930E-03
   2.69879121E-03
   2.69173644E-03
   2.68459413E-03
   2.67739664E-03
   2.67043919E-03
   2.66341050E-03
   2.65641883E-03
   2.64937151E-03
   2.64248438E-03
   2.63563334E-03
   2.62872665E-03
   2.62182555E-03
   2.61505134E-03
   2.60822196E-03
   2.60157906E-03
   2.59481953E-03
   2.58809538E-03
   2.58148089E-03
   2.57490017E-03
   2.56827869E-03
   2.56176549E-03
   2.55521131E-03
   2.54876469E-03
   2.54245382E-03
   2.53601279E-03
   2.52970727E-03
   2.52331584E-03
   2.51695677E-03
   2.51074648E-03
   2.50445073E-03
   2.49825884E-03
   2.49202526E-03
   2.48598144E-03
   2.47988105E-03
   2.47373874E-03
   2.46792799E-03
   2.46184482E-03
   2.45586294E-03
   2.45008082E-03
   2.44415621E-03
   2.43818969E-03
   2.43232306E-03
   2.42656865E-03
   2.42068758E-03
   2.41483492E-03
   2.40902440E-03
   2.40322808E-03
   2.39764038E-03
   2.39205151E-03
   2.38633645E-03
   2.38064863E-03
   2.37500155E-03
   2.36958778E-03
   2.36426760E-03
   2.35869829E-03
   2.35316856E-03
   2.34769238E-03
   2.34232307E-03
   2.33692443E-03
   2.33153743E-03
   2.32617534E-03
   2.32097250E-03
   2.31560506E-03
   2.31045042E-03
   2.30513164E-03
   2.29995768E-03
   2.29467382E-03
   2.28940113E-03
   2.28416570E-03
   2.27895426E-03
   2.27383268E-03
   2.26873392E-03
   2.26365821E-03
   2.25861836E-03
   2.25352263E-03
   2.24845018E-03
   2.24340032E-03
   2.23850296E-03
   2.23351060E-03
   2.22859229E-03
   2.22374755E-03
   2.21880781E-03
   2.21389020E-03
   2.20899447E-03
   2.20418395E-03
   2.19945866E-03
   2.19467725E-03
   2.19009444E-03
   2.18535378E-03
   2.18063383E-03
   2.17589666E-03
   2.17129313E-03
   2.16675946E-03
   2.16214522E-03
   2.15758802E-03
   2.15298776E-03
   2.14835745E-03
   2.14382168E-03
   2.13923049E-03
   2.13488168E-03
   2.13032891E-03
   2.12589395E-03
   2.12139194E-03
   2.11695768E-03
   2.11248104E-03
   2.10802327E-03
   2.10362067E-03
   2.09919992E-03
   2.09479802E-03
   2.09041429E-03
   2.08609737E-03
   2.08179816E-03
   2.07757740E-03
   2.07330170E-03
   2.06910330E-03
   2.06482667E-03
   2.06061546E-03
   2.05643312E-03
   2.05226801E-03
   2.04816740E-03
   2.04402418E-03
   2.03994475E-03
   2.03578779E-03
   2.03164737E-03
   2.02757097E-03
   2.02347571E-03
   2.01943214E-03
   2.01536994E-03
   2.01135897E-03
   2.00736406E-03
   2.00343132E-03
   1.99946784E-03
   1.99552020E-03
   1.99154229E-03
   1.98768359E-03
   1.98373641E-03
   1.97980506E-03
   1.97588932E-03
   1.97211467E-03
   1.96827482E-03
   1.96441589E-03
   1.96067453E-03
   1.95689057E-03
   1.95311022E-03
   1.94929936E-03
   1.94550317E-03
   1.94172189E-03
   1.93795527E-03
   1.93420332E-03
   1.93046569E-03
   1.92674261E-03
   1.92303385E-03
   1.91933941E-03
   1.91565906E-03
   1.91199267E-03
   1.90834049E-03
   1.90474640E-03
   1.90112181E-03
   1.89751096E-03
   1.89391372E-03
   1.89034117E-03
   1.88677118E-03
   1.88321457E-03
   1.87967136E-03
   1.87614153E-03
   1.87262497E-03
   1.86932727E-03
   1.86587928E-03
   1.86247658E-03
   1.85902184E-03
   1.85556919E-03
   1.85217196E-03
   1.84874877E-03
   1.84533407E-03
   1.84207200E-03
   1.83875160E-03
   1.83554797E-03
   1.83229789E-03
   1.82894361E-03
   1.82560156E-03
   1.82237581E-03
   1.81905774E-03
   1.81575166E-03
   1.81251508E-03
   1.80923298E-03
   1.80596265E-03
   1.80270406E-03
   1.79951417E-03
   1.79627875E-03
   1.79305510E-03
   1.78984285E-03
   1.78664213E-03
   1.78365607E-03
   1.78047747E-03
   1.77742273E-03
   1.77432247E-03
   1.77117705E-03
   1.76808750E-03
   1.76502008E-03
   1.76196324E-03
   1.75891723E-03
   1.75582618E-03
   1.75275700E-03
   1.74978725E-03
   1.74672808E-03
   1.74373481E-03
   1.74079603E-03
   1.73786725E-03
   1.73497049E-03
   1.73200679E-03
   1.72900956E-03
   1.72607717E-03
   1.72310031E-03
   1.72013382E-03
   1.71717757E-03
   1.71423145E-03
   1.71129545E-03
   1.70836947E-03
   1.70550740E-03
   1.70260121E-03
   1.69974798E-03
   1.69686123E-03
   1.69398438E-03
   1.69111718E-03
   1.68825977E-03
   1.68547605E-03
   1.68263749E-03
   1.67980848E-03
   1.67718006E-03
   1.67467678E-03
   1.67188526E-03
   1.66909234E-03
   1.66630873E-03
   1.66353444E-03
   1.66081125E-03
   1.65805535E-03
   1.65530841E-03
   1.65257067E-03
   1.64984178E-03
   1.64712209E-03
   1.64449436E-03
   1.64184428E-03
   1.63923379E-03
   1.63670420E-03
   1.63402769E-03
   1.63144234E-03
   1.62878283E-03
   1.62633776E-03
   1.62381819E-03
   1.62118359E-03
   1.61860872E-03
   1.61599088E-03
   1.61338144E-03
   1.61079073E-03
   1.60819816E-03
   1.60561409E-03
   1.60303817E-03
   1.60047051E-03
   1.59799191E-03
   1.59545033E-03
   1.59294717E-03
   1.59041164E-03
   1.58793444E-03
   1.58545503E-03
   1.58298330E-03
   1.58051937E-03
   1.57802331E-03
   1.57557474E-03
   1.57309428E-03
   1.57063140E-03
   1.56820600E-03
   1.56574859E-03
   1.56333856E-03
   1.56089640E-03
   1.55850139E-03
   1.55608403E-03
   1.55366457E-03
   1.55125256E-03
   1.54888723E-03
   1.54649001E-03
   1.54413923E-03
   1.54175679E-03
   1.53942034E-03
   1.53705245E-03
   1.53469166E-03
   1.53252226E-03
   1.53017533E-03
   1.52783585E-03
   1.52550335E-03
   1.52317795E-03
   1.52101356E-03
   1.51870179E-03
   1.51639711E-03
   1.51409931E-03
   1.51188485E-03
   1.50960090E-03
   1.50732358E-03
   1.50505325E-03
   1.50278967E-03
   1.50061841E-03
   1.49836822E-03
   1.49612466E-03
   1.49388798E-03
   1.49165792E-03
   1.48943451E-03
   1.48722716E-03
   1.48515787E-03
   1.48295390E-03
   1.48078427E-03
   1.47861196E-03
   1.47642731E-03
   1.47432357E-03
   1.47215161E-03
   1.46998593E-03
   1.46782666E-03
   1.46571069E-03
   1.46360090E-03
   1.46146049E-03
   1.45932625E-03
   1.45719817E-03
   1.45507627E-03
   1.45296054E-03
   1.45085109E-03
   1.44874759E-03
   1.44667749E-03
   1.44458609E-03
   1.44252821E-03
   1.44044880E-03
   1.43837545E-03
   1.43634412E-03
   1.43434596E-03
   1.43229007E-03
   1.43024011E-03
   1.42822310E-03
   1.42618467E-03
   1.42415217E-03
   1.42218813E-03
   1.42016704E-03
   1.41825015E-03
   1.41630287E-03
   1.41432520E-03
   1.41236198E-03
   1.41043996E-03
   1.40845194E-03
   1.40646962E-03
   1.40449288E-03
   1.40259240E-03
   1.40071486E-03
   1.39881612E-03
   1.39688724E-03
   1.39496371E-03
   1.39301922E-03
   1.39107998E-03
   1.38917251E-03
   1.38724409E-03
   1.38532091E-03
   1.38340320E-03
   1.38149061E-03
   1.37958338E-03
   1.37768150E-03
   1.37588906E-03
   1.37403200E-03
   1.37214526E-03
   1.37034175E-03
   1.36846513E-03
   1.36661960E-03
   1.36475323E-03
   1.36291771E-03
   1.36106147E-03
   1.35933899E-03
   1.35751802E-03
   1.35567633E-03
   1.35384849E-03
   1.35202531E-03
   1.35019852E-03
   1.34843623E-03
   1.34665333E-03
   1.34484109E-03
   1.34303363E-03
   1.34123105E-03
   1.33946713E-03
   1.33767421E-03
   1.33588607E-03
   1.33412797E-03
   1.33234926E-03
   1.33058382E-03
   1.32881454E-03
   1.32704992E-03
   1.32529007E-03
   1.32358493E-03
   1.32183416E-03
   1.32008805E-03
   1.31834659E-03
   1.31660968E-03
   1.31487742E-03
   1.31320767E-03
   1.31153397E-03
   1.30981510E-03
   1.30810065E-03
   1.30639062E-03
   1.30468502E-03
   1.30300864E-03
   1.30131189E-03
   1.29964412E-03
   1.29795610E-03
   1.29627250E-03
   1.29460159E-03
   1.29292661E-03
   1.29128038E-03
   1.28963834E-03
   1.28797628E-03
   1.28631841E-03
   1.28466485E-03
   1.28301559E-03
   1.28146750E-03
   1.27987494E-03
   1.27823791E-03
   1.27660495E-03
   1.27502461E-03
   1.27339992E-03
   1.27177942E-03
   1.27016299E-03
   1.26855075E-03
   1.26694259E-03
   1.26533851E-03
   1.26373849E-03
   1.26216630E-03
   1.26057421E-03
   1.25898607E-03
   1.25747349E-03
   1.25589315E-03
   1.25437230E-03
   1.25279988E-03
   1.25123130E-03
   1.24966679E-03
   1.24810601E-03
   1.24659645E-03
   1.24504347E-03
   1.24354137E-03
   1.24201947E-03
   1.24054821E-03
   1.23901025E-03
   1.23749953E-03
   1.23599241E-03
   1.23446563E-03
   1.23294268E-03
   1.23142335E-03
   1.22990797E-03
   1.22839608E-03
   1.22688815E-03
   1.22543029E-03
   1.22392946E-03
   1.22243236E-03
   1.22093887E-03
   1.21949532E-03
   1.21800904E-03
   1.21652649E-03
   1.21504744E-03
   1.21357199E-03
   1.21210015E-03
   1.21070060E-03
   1.20923563E-03
   1.20783516E-03
   1.20642292E-03
   1.20496831E-03
   1.20351731E-03
   1.20206957E-03
   1.20062556E-03
   1.19918480E-03
   1.19774765E-03
   1.19631388E-03
   1.19488349E-03
   1.19345658E-03
   1.19203306E-03
   1.19063561E-03
   1.18921872E-03
   1.18785037E-03
   1.18646258E-03
   1.18505571E-03
   1.18366710E-03
   1.18226686E-03
   1.18086999E-03
   1.17947627E-03
   1.17817509E-03
   1.17680267E-03
   1.17542606E-03
   1.17406750E-03
   1.17271207E-03
   1.17133767E-03
   1.16996642E-03
   1.16859842E-03
   1.16723357E-03
   1.16589398E-03
   1.16453553E-03
   1.16318022E-03
   1.16182794E-03
   1.16047892E-03
   1.15913304E-03
   1.15781219E-03
   1.15649425E-03
   1.15517946E-03
   1.15391123E-03
   1.15258049E-03
   1.15131820E-03
   1.14999339E-03
   1.14867161E-03
   1.14735297E-03
   1.14604458E-03
   1.14474632E-03
   1.14343665E-03
   1.14215154E-03
   1.14084780E-03
   1.13960449E-03
   1.13830657E-03
   1.13701145E-03
   1.13571947E-03
   1.13444461E-03
   1.13318686E-03
   1.13194634E-03
   1.13068696E-03
   1.12940930E-03
   1.12813432E-03
   1.12686236E-03
   1.12560752E-03
   1.12434116E-03
   1.12307072E-03
   1.12181017E-03
   1.12055242E-03
   1.11933984E-03
   1.11808768E-03
   1.11683819E-03
   1.11559150E-03
   1.11434772E-03
   1.11310661E-03
   1.11188216E-03
   1.11064664E-03
   1.10941380E-03
   1.10818376E-03
   1.10699818E-03
   1.10579433E-03
   1.10457232E-03
   1.10340863E-03
   1.10219175E-03
   1.10097753E-03
   1.09977298E-03
   1.09856413E-03
   1.09735795E-03
   1.09619589E-03
   1.09511230E-03
   1.09391368E-03
   1.09275908E-03
   1.09156559E-03
   1.09039526E-03
   1.08924799E-03
   1.08807592E-03
   1.08689268E-03
   1.08571199E-03
   1.08455424E-03
   1.08337856E-03
   1.08221918E-03
   1.08104863E-03
   1.07988052E-03
   1.07875583E-03
   1.07760623E-03
   1.07644568E-03
   1.07532821E-03
   1.07419270E-03
   1.07305963E-03
   1.07190886E-03
   1.07076054E-03
   1.06961455E-03
   1.06847100E-03
   1.06733001E-03
   1.06619147E-03
   1.06505537E-03
   1.06392172E-03
   1.06282381E-03
   1.06169481E-03
   1.06060167E-03
   1.05947745E-03
   1.05835544E-03
   1.05723599E-03
   1.05611887E-03
   1.05500408E-03
   1.05389161E-03
   1.05278147E-03
   1.05167378E-03
   1.05056830E-03
   1.04955118E-03
   1.04845013E-03
   1.04737142E-03
   1.04627502E-03
   1.04527303E-03
   1.04420725E-03
   1.04315695E-03
   1.04206940E-03
   1.04098395E-03
   1.03992713E-03
   1.03884621E-03
   1.03779370E-03
   1.03673665E-03
   1.03566237E-03
   1.03459693E-03
   1.03352708E-03
   1.03245943E-03
   1.03147840E-03
   1.03041506E-03
   1.02938630E-03
   1.02832727E-03
   1.02727034E-03
   1.02624798E-03
   1.02520827E-03
   1.02415774E-03
   1.02312211E-03
   1.02207600E-03
   1.02103187E-03
   1.02000276E-03
   1.01898215E-03
   1.01796351E-03
   1.01692788E-03
   1.01589423E-03
   1.01486279E-03
   1.01383333E-03
   1.01280597E-03
   1.01178081E-03
   1.01077033E-03
   1.00974925E-03
   1.00874295E-03
   1.00772595E-03
   1.00671093E-03
   1.00569800E-03
   1.00468704E-03
   1.00367819E-03
   1.00269017E-03
   1.00171054E-03
   1.00070774E-03
   9.99706681E-04
   9.98707837E-04
   9.97710973E-04
   9.96715971E-04
   9.95741808E-04
   9.94750881E-04
   9.93793132E-04
   9.92824789E-04
   9.91839566E-04
   9.90856322E-04
   9.89874941E-04
   9.88920452E-04
   9.87942913E-04
   9.86992265E-04
   9.86018451E-04
   9.85046732E-04
   9.84076993E-04
   9.83108999E-04
   9.82167781E-04
   9.81265330E-04
   9.80302924E-04
   9.79367178E-04
   9.78408381E-04
   9.77463904E-04
   9.76509007E-04
   9.75604984E-04
   9.74665920E-04
   9.73783899E-04
   9.72836104E-04
   9.71890113E-04
   9.70945926E-04
   9.70003719E-04
   9.69063258E-04
   9.68124601E-04
   9.67187807E-04
   9.66283202E-04
   9.65416781E-04
   9.64485225E-04
   9.63555416E-04
   9.62675898E-04
   9.61761747E-04
   9.60879494E-04
   9.59956669E-04
   9.59047640E-04
   9.58128308E-04
   9.57210723E-04
   9.56294884E-04
   9.55434924E-04
   9.54522460E-04
   9.53635667E-04
   9.52726637E-04
   9.51831345E-04
   9.50937800E-04
   9.50033893E-04
   9.49143781E-04
   9.48261120E-04
   9.47362336E-04
   9.46465298E-04
   9.45593696E-04
   9.44699976E-04
   9.43855441E-04
   9.42988729E-04
   9.42099956E-04
   9.41212871E-04
   9.40327358E-04
   9.39443533E-04
   9.38608660E-04
   9.37745732E-04
   9.36884433E-04
   9.36042401E-04
   9.35184304E-04
   9.34327720E-04
   9.33490403E-04
   9.32625262E-04
   9.31755872E-04
   9.30888113E-04
   9.30051145E-04
   9.29186528E-04
   9.28335357E-04
   9.27485526E-04
   9.26625740E-04
   9.25790868E-04
   9.24945809E-04
   9.24090680E-04
   9.23237065E-04
   9.22385138E-04
   9.21534724E-04
   9.20685881E-04
   9.19838611E-04
   9.19033366E-04
   9.18189180E-04
   9.17346391E-04
   9.16505349E-04
   9.15677228E-04
   9.14839155E-04
   9.14002652E-04
   9.13213531E-04
   9.12391464E-04
   9.11559386E-04
   9.10728879E-04
   9.09899827E-04
   9.09095164E-04
   9.08291840E-04
   9.07478679E-04
   9.06655507E-04
   9.05833847E-04
   9.05030756E-04
   9.04274639E-04
   9.03457345E-04
   9.02641448E-04
   9.01838357E-04
   9.01048130E-04
   9.00236657E-04
   8.99426523E-04
   8.98617902E-04
   8.97810736E-04
   8.97005026E-04
   8.96245881E-04
   8.95443023E-04
   8.94641620E-04
   8.93841614E-04
   8.93054123E-04
   8.92256969E-04
   8.91483622E-04
   8.90689204E-04
   8.89896241E-04
   8.89104616E-04
   8.88314447E-04
   8.87548085E-04
   8.86760710E-04
   8.85974732E-04
   8.85190151E-04
   8.84406967E-04
   8.83625122E-04
   8.82844673E-04
   8.82065622E-04
   8.81287968E-04
   8.80511652E-04
   8.79736675E-04
   8.78963037E-04
   8.78190796E-04
   8.77419952E-04
   8.76650447E-04
   8.75893282E-04
   8.75126454E-04
   8.74360965E-04
   8.73602228E-04
   8.72839417E-04
   8.72077886E-04
   8.71317694E-04
   8.70558841E-04
   8.69801268E-04
   8.69045034E-04
   8.68290139E-04
   8.67536524E-04
   8.66784190E-04
   8.66033253E-04
   8.65283597E-04
   8.64535221E-04
   8.63788126E-04
   8.63042253E-04
   8.62297777E-04
   8.61554523E-04
   8.60812550E-04
   8.60071857E-04
   8.59337975E-04
   8.58599786E-04
   8.57862935E-04
   8.57127307E-04
   8.56392959E-04
   8.55659891E-04
   8.54928046E-04
   8.54197482E-04
   8.53468140E-04
   8.52740020E-04
   8.52013181E-04
   8.51287565E-04
   8.50573822E-04
   8.49861419E-04
   8.49139469E-04
   8.48418800E-04
   8.47704650E-04
   8.47018207E-04
   8.46306444E-04
   8.45590548E-04
   8.44875816E-04
   8.44162365E-04
   8.43449961E-04
   8.42738838E-04
   8.42039473E-04
   8.41330737E-04
   8.40628461E-04
   8.39922170E-04
   8.39216984E-04
   8.38523556E-04
   8.37820757E-04
   8.37119122E-04
   8.36418534E-04
   8.35719227E-04
   8.35026323E-04
   8.34329345E-04
   8.33633589E-04
   8.32938938E-04
   8.32245394E-04
   8.31553072E-04
   8.30861856E-04
   8.30171804E-04
   8.29493394E-04
   8.28805612E-04
   8.28118995E-04
   8.27443902E-04
   8.26759555E-04
   8.26076255E-04
   8.25394120E-04
   8.24713148E-04
   8.24033224E-04
   8.23354465E-04
   8.22676870E-04
   8.22000322E-04
   8.21324938E-04
   8.20650719E-04
   8.19977489E-04
   8.19320849E-04
   8.18660134E-04
   8.17995344E-04
   8.17326538E-04
   8.16658838E-04
   8.16007552E-04
   8.15341889E-04
   8.14677333E-04
   8.14024126E-04
   8.13361723E-04
   8.12700484E-04
   8.12040293E-04
   8.11381091E-04
   8.10723053E-04
   8.10071127E-04
   8.09415185E-04
   8.08760291E-04
   8.08106503E-04
   8.07453704E-04
   8.06832453E-04
   8.06207070E-04
   8.05557414E-04
   8.04908748E-04
   8.04261072E-04
   8.03619565E-04
   8.02973984E-04
   8.02329450E-04
   8.01685965E-04
   8.01083923E-04
   8.00442358E-04
   7.99801899E-04
   7.99212721E-04
   7.98594265E-04
   7.97956774E-04
   7.97320274E-04
   7.96714856E-04
   7.96080334E-04
   7.95476837E-04
   7.94844353E-04
   7.94222811E-04
   7.93602259E-04
   7.92972744E-04
   7.92354054E-04
   7.91726517E-04
   7.91109924E-04
   7.90484366E-04
   7.89864687E-04
   7.89241109E-04
   7.88618519E-04
   7.88016652E-04
   7.87395926E-04
   7.86795921E-04
   7.86177116E-04
   7.85564305E-04
   7.84947420E-04
   7.84361095E-04
   7.83755968E-04
   7.83151772E-04
   7.82538729E-04
   7.81926559E-04
   7.81315379E-04
   7.80705130E-04
   7.80095870E-04
   7.79487542E-04
   7.78889924E-04
   7.78288348E-04
   7.77697598E-04
   7.77092995E-04
   7.76489382E-04
   7.75886641E-04
   7.75284891E-04
   7.74684013E-04
   7.74084183E-04
   7.73485168E-04
   7.72887084E-04
   7.72289990E-04
   7.71703490E-04
   7.71108200E-04
   7.70513841E-04
   7.69929960E-04
   7.69337465E-04
   7.68745784E-04
   7.68155092E-04
   7.67565216E-04
   7.66976271E-04
   7.66388199E-04
   7.65839592E-04
   7.65258039E-04
   7.64691911E-04
   7.64126657E-04
   7.63542950E-04
   7.62960233E-04
   7.62378389E-04
   7.61797361E-04
   7.61217263E-04
   7.60657131E-04
   7.60088209E-04
   7.59510731E-04
   7.58934068E-04
   7.58358336E-04
   7.57792965E-04
   7.57238013E-04
   7.56669499E-04
   7.56101974E-04
   7.55530549E-04
   7.54959998E-04
   7.54390261E-04
   7.53821339E-04
   7.53253291E-04
   7.52686115E-04
   7.52143387E-04
   7.51577900E-04
   7.51041516E-04
   7.50487088E-04
   7.49924104E-04
   7.49361876E-04
   7.48800579E-04
   7.48249528E-04
   7.47689803E-04
   7.47130951E-04
   7.46587059E-04
   7.46029837E-04
   7.45473488E-04
   7.44918012E-04
   7.44381978E-04
   7.43828132E-04
   7.43284414E-04
   7.42736738E-04
   7.42189994E-04
   7.41653319E-04
   7.41103489E-04
   7.40554475E-04
   7.40043470E-04
   7.39514595E-04
   7.38995674E-04
   7.38449802E-04
   7.37904687E-04
   7.37369643E-04
   7.36826158E-04
   7.36283488E-04
   7.35746173E-04
   7.35205016E-04
   7.34673871E-04
   7.34134403E-04
   7.33600347E-04
   7.33062392E-04
   7.32525194E-04
   7.31988810E-04
   7.31453241E-04
   7.30927626E-04
   7.30393571E-04
   7.29860272E-04
   7.29327789E-04
   7.28796062E-04
   7.28265150E-04
   7.27734994E-04
   7.27205595E-04
   7.26677012E-04
   7.26149126E-04
   7.25622056E-04
   7.25095742E-04
   7.24570127E-04
   7.24045269E-04
   7.23521225E-04
   7.22997938E-04
   7.22475408E-04
   7.21958117E-04
   7.21464225E-04
   7.20952929E-04
   7.20437907E-04
   7.19937147E-04
   7.19423522E-04
   7.18906173E-04
   7.18389521E-04
   7.17878109E-04
   7.17362971E-04
   7.16848532E-04
   7.16334849E-04
   7.15821923E-04
   7.15309696E-04
   7.14798225E-04
   7.14287453E-04
   7.13777437E-04
   7.13268179E-04
   7.12759618E-04
   7.12256238E-04
   7.11749133E-04
   7.11242727E-04
   7.10741442E-04
   7.10236491E-04
   7.09732238E-04
   7.09228683E-04
   7.08725827E-04
   7.08223728E-04
   7.07722327E-04
   7.07226107E-04
   7.06726103E-04
   7.06226798E-04
   7.05728249E-04
   7.05230399E-04
   7.04733189E-04
   7.04236736E-04
   7.03749771E-04
   7.03254656E-04
   7.02760241E-04
   7.02266581E-04
   7.01773562E-04
   7.01281184E-04
   7.00798468E-04
   7.00311852E-04
   6.99821627E-04
   6.99332042E-04
   6.98843098E-04
   6.98372431E-04
   6.97884883E-04
   6.97398034E-04
   6.96911884E-04
   6.96426374E-04
   6.95941562E-04
   6.95457391E-04
   6.94973860E-04
   6.94491027E-04
   6.94008835E-04
   6.93536014E-04
   6.93055219E-04
   6.92575006E-04
   6.92104222E-04
   6.91634079E-04
   6.91155845E-04
   6.90686982E-04
   6.90210087E-04
   6.89742563E-04
   6.89266948E-04
   6.88800705E-04
   6.88326429E-04
   6.87857042E-04
   6.87384105E-04
   6.86911808E-04
   6.86440093E-04
   6.85969077E-04
   6.85498700E-04
   6.85028965E-04
   6.84559869E-04
   6.84091414E-04
   6.83623599E-04
   6.83160790E-04
   6.82694197E-04
   6.82228245E-04
   6.81762991E-04
   6.81298319E-04
   6.80834346E-04
   6.80379453E-04
   6.79916702E-04
   6.79454592E-04
   6.78993063E-04
   6.78532233E-04
   6.78071927E-04
   6.77612319E-04
   6.77153294E-04
   6.76694908E-04
   6.76237163E-04
   6.75780000E-04
   6.75323477E-04
   6.74876035E-04
   6.74420735E-04
   6.73974515E-04
   6.73524686E-04
   6.73071190E-04
   6.72635215E-04
   6.72182941E-04
   6.71731250E-04
   6.71288639E-04
   6.70863432E-04
   6.70421927E-04
   6.69972622E-04
   6.69540663E-04
   6.69096771E-04
   6.68649212E-04
   6.68202294E-04
   6.67755958E-04
   6.67310262E-04
   6.66865031E-04
   6.66420558E-04
   6.65976549E-04
   6.65533182E-04
   6.65090396E-04
   6.64648134E-04
   6.64206571E-04
   6.63765531E-04
   6.63325132E-04
   6.62885315E-04
   6.62446022E-04
   6.62007311E-04
   6.61585073E-04
   6.61147526E-04
   6.60710561E-04
   6.60274178E-04
   6.59838319E-04
   6.59403100E-04
   6.58968464E-04
   6.58534351E-04
   6.58100878E-04
   6.57667872E-04
   6.57252735E-04
   6.56825083E-04
   6.56397897E-04
   6.55991898E-04
   6.55569893E-04
   6.55140262E-04
   6.54719479E-04
   6.54290954E-04
   6.53863011E-04
   6.53435593E-04
   6.53008756E-04
   6.52582501E-04
   6.52156770E-04
   6.51731621E-04
   6.51306997E-04
   6.50882896E-04
   6.50459435E-04
   6.50036440E-04
   6.49614085E-04
   6.49204419E-04
   6.48799352E-04
   6.48382644E-04
   6.47962326E-04
   6.47558889E-04
   6.47151843E-04
   6.46749395E-04
   6.46331231E-04
   6.45913649E-04
   6.45496591E-04
   6.45084074E-04
   6.44668122E-04
   6.44260785E-04
   6.43845822E-04
   6.43443491E-04
   6.43029634E-04
   6.42616244E-04
   6.42207451E-04
   6.41795166E-04
   6.41391496E-04
   6.40992250E-04
   6.40585495E-04
   6.40183338E-04
   6.39777631E-04
   6.39368431E-04
   6.38963829E-04
   6.38555677E-04
   6.38148049E-04
   6.37740945E-04
   6.37346355E-04
   6.36940240E-04
   6.36546698E-04
   6.36149605E-04
   6.35753036E-04
   6.35360950E-04
   6.34969387E-04
   6.34566299E-04
   6.34163735E-04
   6.33761694E-04
   6.33360178E-04
   6.32959127E-04
   6.32558600E-04
   6.32158597E-04
   6.31759060E-04
   6.31360104E-04
   6.30961615E-04
   6.30563649E-04
   6.30166149E-04
   6.29785005E-04
   6.29388494E-04
   6.28992508E-04
   6.28596987E-04
   6.28201989E-04
   6.27807458E-04
   6.27413450E-04
   6.27031724E-04
   6.26638648E-04
   6.26249996E-04
   6.25857967E-04
   6.25482120E-04
   6.25091023E-04
   6.24708249E-04
   6.24318083E-04
   6.23928441E-04
   6.23547065E-04
   6.23158412E-04
   6.22774067E-04
   6.22390246E-04
   6.22002990E-04
   6.21616258E-04
   6.21229934E-04
   6.20848034E-04
   6.20462699E-04
   6.20077830E-04
   6.19693485E-04
   6.19309547E-04
   6.18926133E-04
   6.18543185E-04
   6.18160702E-04
   6.17778685E-04
   6.17397192E-04
   6.17016165E-04
   6.16639387E-04
   6.16259291E-04
   6.15879602E-04
   6.15500379E-04
   6.15121680E-04
   6.14743389E-04
   6.14369463E-04
   6.14007586E-04
   6.13630691E-04
   6.13254262E-04
   6.12897507E-04
   6.12521952E-04
   6.12146920E-04
   6.11772295E-04
   6.11398136E-04
   6.11024443E-04
   6.10658899E-04
   6.10286137E-04
   6.09913783E-04
   6.09541894E-04
   6.09170413E-04
   6.08799513E-04
   6.08428963E-04
   6.08058879E-04
   6.07693044E-04
   6.07323891E-04
   6.06955145E-04
   6.06586866E-04
   6.06219051E-04
   6.05855428E-04
   6.05488487E-04
   6.05121953E-04
   6.04755944E-04
   6.04390283E-04
   6.04028930E-04
   6.03664143E-04
   6.03299821E-04
   6.02935965E-04
   6.02572574E-04
   6.02209591E-04
   6.01847016E-04
   6.01484906E-04
   6.01123204E-04
   6.00761967E-04
   6.00401137E-04
   6.00052066E-04
   5.99692052E-04
   5.99336345E-04
   5.98977262E-04
   5.98618586E-04
   5.98260376E-04
   5.97902574E-04
   5.97548962E-04
   5.97191975E-04
   5.96835453E-04
   5.96479338E-04
   5.96123631E-04
   5.95768390E-04
   5.95413614E-04
   5.95059188E-04
   5.94705227E-04
   5.94351615E-04
   5.93998469E-04
   5.93645731E-04
   5.93293400E-04
   5.92941535E-04
   5.92590019E-04
   5.92238968E-04
   5.91888325E-04
   5.91538090E-04
   5.91188320E-04
   5.90838841E-04
   5.90489886E-04
   5.90141281E-04
   5.89793141E-04
   5.89445408E-04
   5.89098025E-04
   5.88765892E-04
   5.88419323E-04
   5.88073221E-04
   5.87746326E-04
   5.87400980E-04
   5.87055983E-04
   5.86711511E-04
   5.86367387E-04
   5.86139213E-04
   5.85795729E-04
   5.85544854E-04
   5.85225178E-04
   5.84882800E-04
   5.84540830E-04
   5.84199210E-04
   5.83881047E-04
   5.83540241E-04
   5.83199842E-04
   5.82859793E-04
   5.82520152E-04
   5.82180917E-04
   5.81842032E-04
   5.81503613E-04
   5.81165601E-04
   5.80827938E-04
   5.80490683E-04
   5.80199587E-04
   5.79863088E-04
   5.79549640E-04
   5.79282409E-04
   5.78992534E-04
   5.78657375E-04
   5.78345440E-04
   5.78011037E-04
   5.77676983E-04
   5.77366038E-04
   5.77078201E-04
   5.76790771E-04
   5.76503575E-04
   5.76171384E-04
   5.75839484E-04
   5.75530634E-04
   5.75199490E-04
   5.74868754E-04
   5.74538426E-04
   5.74208447E-04
   5.73878817E-04
   5.73549536E-04
   5.73220663E-04
   5.72892197E-04
   5.72564080E-04
   5.72258781E-04
   5.71931363E-04
   5.71604352E-04
   5.71277749E-04
   5.70951495E-04
   5.70670585E-04
   5.70344971E-04
   5.70019765E-04
   5.69739903E-04
   5.69415395E-04
   5.69091237E-04
   5.68789896E-04
   5.68466436E-04
   5.68143383E-04
   5.67820680E-04
   5.67498384E-04
   5.67176437E-04
   5.66854840E-04
   5.66533592E-04
   5.66212693E-04
   5.65892202E-04
   5.65572060E-04
   5.65252325E-04
   5.64932881E-04
   5.64613787E-04
   5.64295100E-04
   5.63976762E-04
   5.63658832E-04
   5.63341193E-04
   5.63046138E-04
   5.62729139E-04
   5.62412606E-04
   5.62096364E-04
   5.61780471E-04
   5.61464985E-04
   5.61149849E-04
   5.60835062E-04
   5.60520566E-04
   5.60206478E-04
   5.59892738E-04
   5.59579348E-04
   5.59266307E-04
   5.58953558E-04
   5.58641274E-04
   5.58461121E-04
   5.58149361E-04
   5.57925610E-04
   5.57658321E-04
   5.57347492E-04
   5.57036954E-04
   5.56748651E-04
   5.56438812E-04
   5.56129264E-04
   5.55820006E-04
   5.55511157E-04
   5.55202656E-04
   5.54894505E-04
   5.54586644E-04
   5.54279133E-04
   5.53971971E-04
   5.53665159E-04
   5.53358695E-04
   5.53052581E-04
   5.52746817E-04
   5.52441343E-04
   5.52136218E-04
   5.51853154E-04
   5.51570265E-04
   5.51266130E-04
   5.50962286E-04
   5.50658791E-04
   5.50355646E-04
   5.50096156E-04
   5.49793651E-04
   5.49491495E-04
   5.49211225E-04
   5.48909709E-04
   5.48608485E-04
   5.48307551E-04
   5.48006967E-04
   5.47706673E-04
   5.47492993E-04
   5.47193340E-04
   5.46936935E-04
   5.46637864E-04
   5.46339143E-04
   5.46062249E-04
   5.45764109E-04
   5.45466319E-04
   5.45168878E-04
   5.44871727E-04
   5.44574927E-04
   5.44278475E-04
   5.43982314E-04
   5.43729286E-04
   5.43433707E-04
   5.43138536E-04
   5.42843540E-04
   5.42548951E-04
   5.42254653E-04
   5.42024558E-04
   5.41773450E-04
   5.41480025E-04
   5.41229441E-04
   5.40936540E-04
   5.40644047E-04
   5.40351844E-04
   5.40059933E-04
   5.39768371E-04
   5.39477100E-04
   5.39186178E-04
   5.38895547E-04
   5.38605207E-04
   5.38378605E-04
   5.38110035E-04
   5.37820568E-04
   5.37531334E-04
   5.37263637E-04
   5.36975102E-04
   5.36686799E-04
   5.36398846E-04
   5.36132313E-04
   5.35844942E-04
   5.35557861E-04
   5.35271131E-04
   5.35068917E-04
   5.34803607E-04
   5.34517632E-04
   5.34232007E-04
   5.33946673E-04
   5.33661630E-04
   5.33376879E-04
   5.33092476E-04
   5.32808423E-04
   5.32524602E-04
   5.32262027E-04
   5.31999685E-04
   5.31716738E-04
   5.31434081E-04
   5.31151716E-04
   5.30869642E-04
   5.30608755E-04
   5.30348159E-04
   5.30067016E-04
   5.29806945E-04
   5.29526325E-04
   5.29246056E-04
   5.28966018E-04
   5.28686272E-04
   5.28406876E-04
   5.28127712E-04
   5.27848897E-04
   5.27570373E-04
   5.27292083E-04
   5.27034863E-04
   5.26757154E-04
   5.26479736E-04
   5.26202610E-04
   5.25967043E-04
   5.25690499E-04
   5.25414245E-04
   5.25138224E-04
   5.24862495E-04
   5.24587114E-04
   5.24332572E-04
   5.24140138E-04
   5.23865514E-04
   5.23591181E-04
   5.23378665E-04
   5.23104798E-04
   5.22831222E-04
   5.22557937E-04
   5.22284943E-04
   5.22032729E-04
   5.21780807E-04
   5.21508569E-04
   5.21236681E-04
   5.21026319E-04
   5.20795875E-04
   5.20524743E-04
   5.20253903E-04
   5.19983296E-04
   5.19712979E-04
   5.19442954E-04
   5.19193592E-04
   5.18924091E-04
   5.18675311E-04
   5.18447079E-04
   5.18178334E-04
   5.17909939E-04
   5.17641718E-04
   5.17373905E-04
   5.17106266E-04
   5.16879372E-04
   5.16652886E-04
   5.16386062E-04
   5.16139669E-04
   5.15873369E-04
   5.15627558E-04
   5.15382038E-04
   5.15116437E-04
   5.14851185E-04
   5.14586223E-04
   5.14321495E-04
   5.14097279E-04
   5.13833016E-04
   5.13569044E-04
   5.13305364E-04
   5.13041974E-04
   5.12819097E-04
   5.12556173E-04
   5.12293482E-04
   5.12031140E-04
   5.11769031E-04
   5.11507213E-04
   5.11245686E-04
   5.10984333E-04
   5.10723330E-04
   5.10462560E-04
   5.10202022E-04
   5.09941776E-04
   5.09701844E-04
   5.09462028E-04
   5.09202597E-04
   5.08983328E-04
   5.08724363E-04
   5.08465630E-04
   5.08207129E-04
   5.08028606E-04
   5.07770572E-04
   5.07512770E-04
   5.07255318E-04
   5.07017947E-04
   5.06761018E-04
   5.06504264E-04
   5.06247801E-04
   5.06011420E-04
   5.05814853E-04
   5.05598786E-04
   5.05422533E-04
   5.05167176E-04
   5.04912052E-04
   5.04657219E-04
   5.04402560E-04
   5.04148251E-04
   5.03894174E-04
   5.03640273E-04
   5.03386720E-04
   5.03133400E-04
   5.02880313E-04
   5.02627459E-04
   5.02374896E-04
   5.02122566E-04
   5.01870527E-04
   5.01618721E-04
   5.01367147E-04
   5.01115806E-04
   5.00864815E-04
   5.00613998E-04
   5.00363414E-04
   5.00132621E-04
   4.99882561E-04
