   1.00000000    
   1.00000048    
   1.00000000    
   1.00000060    
   1.00000000    
   1.00000000    
   1.00000000    
   1.00000012    
   1.00000012    
   1.00000012    
   1.00000012    
   1.00000000    
   1.00000024    
   1.00000012    
   1.00000036    
   1.00000036    
   1.00000036    
   1.00000012    
   1.00000024    
   1.00000024    
   1.00000048    
   1.00000036    
   1.00000036    
   1.00000036    
   1.00000024    
   1.00000048    
   1.00000024    
   1.00000036    
   1.00000036    
   1.00000036    
   1.00000036    
   1.00000048    
   1.00000048    
   1.00000048    
   1.00000036    
   1.00000060    
   1.00000036    
   1.00000048    
   1.00000048    
   1.00000060    
   1.00000060    
   1.00000048    
   1.00000048    
   1.00000060    
   1.00000060    
   1.00000072    
   1.00000072    
   1.00000072    
   1.00000048    
   1.00000048    
   1.00000072    
   1.00000072    
   1.00000072    
   1.00000072    
   1.00000060    
   1.00000060    
   1.00000072    
   1.00000083    
   1.00000083    
   1.00000072    
   1.00000095    
   1.00000095    
   1.00000083    
   1.00000083    
   1.00000072    
   1.00000072    
   1.00000072    
   1.00000083    
   1.00000083    
   1.00000083    
   1.00000095    
   1.00000083    
   1.00000095    
   1.00000095    
   1.00000095    
   1.00000107    
   1.00000095    
   1.00000095    
   1.00000107    
   1.00000095    
   1.00000095    
   1.00000083    
   1.00000095    
   1.00000095    
   1.00000095    
   1.00000107    
   1.00000095    
   1.00000083    
   1.00000107    
   1.00000095    
   1.00000107    
   1.00000119    
   1.00000095    
   1.00000107    
   1.00000107    
   1.00000107    
   1.00000107    
   1.00000095    
   1.00000119    
   1.00000119    
   1.00000119    
   1.00000119    
   1.00000119    
   1.00000131    
   1.00000107    
   1.00000131    
   1.00000119    
   1.00000143    
   1.00000119    
   1.00000119    
   1.00000119    
   1.00000119    
   1.00000107    
   1.00000107    
   1.00000107    
   1.00000107    
   1.00000119    
   1.00000119    
   1.00000119    
   1.00000107    
   1.00000107    
   1.00000119    
   1.00000119    
   1.00000119    
   1.00000119    
   1.00000119    
   1.00000119    
   1.00000119    
   1.00000119    
   1.00000119    
   1.00000107    
   1.00000119    
   1.00000119    
   1.00000095    
   1.00000095    
   1.00000095    
   1.00000119    
   1.00000107    
   1.00000095    
   1.00000095    
   1.00000095    
   1.00000095    
   1.00000083    
   1.00000095    
   1.00000095    
   1.00000095    
   1.00000083    
   1.00000095    
   1.00000072    
   1.00000083    
   1.00000072    
   1.00000095    
   1.00000060    
   1.00000083    
   1.00000083    
   1.00000072    
   1.00000083    
   1.00000072    
   1.00000072    
   1.00000072    
   1.00000072    
   1.00000072    
   1.00000072    
   1.00000060    
   1.00000072    
   1.00000060    
   1.00000036    
   1.00000072    
   1.00000060    
   1.00000048    
   1.00000048    
   1.00000060    
   1.00000048    
   1.00000036    
   1.00000048    
   1.00000036    
   1.00000048    
   1.00000024    
   1.00000060    
   1.00000036    
   1.00000024    
   1.00000024    
   1.00000036    
   1.00000024    
   1.00000024    
   1.00000024    
   1.00000012    
   1.00000012    
   1.00000012    
   1.00000024    
   1.00000024    
   1.00000012    
   1.00000000    
   1.00000000    
   1.00000012    
   1.00000024    
   1.00000012    
   1.00000000    
   1.00000012    
   1.00000000    
   1.00000000    
