   1.57079995      0.785399973      0.392699987    
   1.51887834      0.759439170      0.379719585    
   1.46817863      0.734089315      0.367044657    
   1.41867518      0.709337592      0.354668796    
   1.37034249      0.685171247      0.342585623    
   1.32315588      0.661577940      0.330788970    
   1.27709079      0.638545394      0.319272697    
   1.23212361      0.616061807      0.308030903    
   1.18823087      0.594115436      0.297057718    
   1.14538980      0.572694898      0.286347449    
   1.10357785      0.551788926      0.275894463    
   1.06277299      0.531386495      0.265693247    
   1.02295375      0.511476874      0.255738437    
  0.984098971      0.492049485      0.246024743    
  0.946187973      0.473093987      0.236546993    
  0.909200490      0.454600245      0.227300122    
  0.873116553      0.436558276      0.218279138    
  0.837916732      0.418958366      0.209479183    
  0.803581953      0.401790977      0.200895488    
  0.770093560      0.385046780      0.192523390    
  0.737433136      0.368716568      0.184358284    
  0.705582798      0.352791399      0.176395699    
  0.674524963      0.337262481      0.168631241    
  0.644242346      0.322121173      0.161060587    
  0.614718139      0.307359070      0.153679535    
  0.585935712      0.292967856      0.146483928    
  0.557760179      0.278880090      0.139440045    
  0.530413091      0.265206546      0.132603273    
  0.503760219      0.251880109      0.125940055    
  0.477786332      0.238893166      0.119446583    
  0.452476501      0.226238251      0.113119125    
  0.427816123      0.213908061      0.106954031    
  0.403790832      0.201895416      0.100947708    
  0.380386680      0.190193340       9.50966701E-02
  0.357589900      0.178794950       8.93974751E-02
  0.335387081      0.167693540       8.38467702E-02
  0.313765019      0.156882510       7.84412548E-02
  0.292710841      0.146355420       7.31777102E-02
  0.272211909      0.136105955       6.80529773E-02
  0.252255857      0.126127928       6.30639642E-02
  0.232830614      0.116415307       5.82076535E-02
  0.213924319      0.106962159       5.34810796E-02
  0.195525348       9.77626741E-02   4.88813370E-02
  0.177622348       8.88111740E-02   4.44055870E-02
  0.160204217       8.01021084E-02   4.00510542E-02
  0.143260062       7.16300309E-02   3.58150154E-02
  0.126779228       6.33896142E-02   3.16948071E-02
  0.110751271       5.53756356E-02   2.76878178E-02
   9.51659977E-02   4.75829989E-02   2.37914994E-02
   8.00134167E-02   4.00067084E-02   2.00033542E-02
   6.52837455E-02   3.26418728E-02   1.63209364E-02
   5.09674251E-02   2.54837126E-02   1.27418563E-02
   3.70550938E-02   1.85275469E-02   9.26377345E-03
   2.35375911E-02   1.17687955E-02   5.88439777E-03
   1.04059540E-02   5.20297699E-03   2.60148849E-03
  -2.34857947E-03  -1.17428973E-03  -5.87144867E-04
  -1.47345886E-02  -7.36729428E-03  -3.68364714E-03
  -2.67604627E-02  -1.33802313E-02  -6.69011567E-03
  -3.84344012E-02  -1.92172006E-02  -9.60860029E-03
  -4.97644357E-02  -2.48822179E-02  -1.24411089E-02
  -6.07584119E-02  -3.03792059E-02  -1.51896030E-02
  -7.14239925E-02  -3.57119963E-02  -1.78559981E-02
  -8.17686915E-02  -4.08843458E-02  -2.04421729E-02
  -9.17998478E-02  -4.58999239E-02  -2.29499619E-02
 -0.101524629      -5.07623143E-02  -2.53811572E-02
 -0.110950038      -5.54750189E-02  -2.77375095E-02
 -0.120082930      -6.00414649E-02  -3.00207324E-02
 -0.128929988      -6.44649938E-02  -3.22324969E-02
 -0.137497768      -6.87488839E-02  -3.43744420E-02
 -0.145792663      -7.28963315E-02  -3.64481658E-02
 -0.153820917      -7.69104585E-02  -3.84552293E-02
 -0.161588624      -8.07943121E-02  -4.03971560E-02
 -0.169101745      -8.45508724E-02  -4.22754362E-02
 -0.176366091      -8.81830454E-02  -4.40915227E-02
 -0.183387339      -9.16936696E-02  -4.58468348E-02
 -0.190171048      -9.50855240E-02  -4.75427620E-02
 -0.196722612      -9.83613059E-02  -4.91806529E-02
 -0.203047320     -0.101523660      -5.07618301E-02
 -0.209150329     -0.104575165      -5.22875823E-02
 -0.215036675     -0.107518338      -5.37591688E-02
 -0.220711246     -0.110355623      -5.51778115E-02
 -0.226178840     -0.113089420      -5.65447100E-02
 -0.231444120     -0.115722060      -5.78610301E-02
 -0.236511618     -0.118255809      -5.91279045E-02
 -0.241385773     -0.120692886      -6.03464432E-02
 -0.246070907     -0.123035453      -6.15177266E-02
 -0.250571221     -0.125285611      -6.26428053E-02
 -0.254890800     -0.127445400      -6.37226999E-02
 -0.259033650     -0.129516825      -6.47584125E-02
 -0.263003647     -0.131501824      -6.57509118E-02
 -0.266804546     -0.133402273      -6.67011365E-02
 -0.270440042     -0.135220021      -6.76100105E-02
 -0.273913682     -0.136956841      -6.84784204E-02
 -0.277228981     -0.138614491      -6.93072453E-02
 -0.280389309     -0.140194654      -7.00973272E-02
 -0.283397913     -0.141698956      -7.08494782E-02
 -0.286257982     -0.143128991      -7.15644956E-02
 -0.288972616     -0.144486308      -7.22431540E-02
 -0.291544795     -0.145772398      -7.28861988E-02
 -0.293977439     -0.146988720      -7.34943599E-02
 -0.296273321     -0.148136660      -7.40683302E-02
 -0.298435211     -0.149217606      -7.46088028E-02
 -0.300465733     -0.150232866      -7.51164332E-02
 -0.302367449     -0.151183724      -7.55918622E-02
 -0.304142833     -0.152071416      -7.60357082E-02
 -0.305794239     -0.152897120      -7.64485598E-02
 -0.307323992     -0.153661996      -7.68309981E-02
 -0.308734298     -0.154367149      -7.71835744E-02
 -0.310027301     -0.155013651      -7.75068253E-02
 -0.311205059     -0.155602530      -7.78012648E-02
 -0.312269509     -0.156134754      -7.80673772E-02
 -0.313222617     -0.156611308      -7.83056542E-02
 -0.314066201     -0.157033101      -7.85165504E-02
 -0.314801991     -0.157400995      -7.87004977E-02
 -0.315431654     -0.157715827      -7.88579136E-02
 -0.315956801     -0.157978401      -7.89892003E-02
 -0.316378951     -0.158189476      -7.90947378E-02
 -0.316699564     -0.158349782      -7.91748911E-02
 -0.316920012     -0.158460006      -7.92300031E-02
 -0.317041606     -0.158520803      -7.92604014E-02
 -0.317065567     -0.158532783      -7.92663917E-02
 -0.316993088     -0.158496544      -7.92482719E-02
 -0.316825271     -0.158412635      -7.92063177E-02
 -0.316563100     -0.158281550      -7.91407749E-02
 -0.316207558     -0.158103779      -7.90518895E-02
 -0.315759569     -0.157879785      -7.89398924E-02
 -0.315219939     -0.157609969      -7.88049847E-02
 -0.314589411     -0.157294706      -7.86473528E-02
 -0.313868672     -0.156934336      -7.84671679E-02
 -0.313058376     -0.156529188      -7.82645941E-02
 -0.312159061     -0.156079531      -7.80397654E-02
 -0.311171204     -0.155585602      -7.77928010E-02
 -0.310095251     -0.155047625      -7.75238127E-02
 -0.308931559     -0.154465780      -7.72328898E-02
 -0.307680428     -0.153840214      -7.69201070E-02
 -0.306342095     -0.153171048      -7.65855238E-02
 -0.304916739     -0.152458370      -7.62291849E-02
 -0.303404421     -0.151702210      -7.58511052E-02
 -0.301805198     -0.150902599      -7.54512995E-02
 -0.300119072     -0.150059536      -7.50297680E-02
 -0.298345953     -0.149172977      -7.45864883E-02
 -0.296485662     -0.148242831      -7.41214156E-02
 -0.294537991     -0.147268996      -7.36344978E-02
 -0.292502642     -0.146251321      -7.31256604E-02
 -0.290379316     -0.145189658      -7.25948289E-02
 -0.288167566     -0.144083783      -7.20418915E-02
 -0.285866916     -0.142933458      -7.14667290E-02
 -0.283476859     -0.141738430      -7.08692148E-02
 -0.280996799     -0.140498400      -7.02491999E-02
 -0.278426051     -0.139213026      -6.96065128E-02
 -0.275763899     -0.137881950      -6.89409748E-02
 -0.273009539     -0.136504769      -6.82523847E-02
 -0.270162135     -0.135081068      -6.75405338E-02
 -0.267220765     -0.133610383      -6.68051913E-02
 -0.264184415     -0.132092208      -6.60461038E-02
 -0.261052072     -0.130526036      -6.52630180E-02
 -0.257822573     -0.128911287      -6.44556433E-02
 -0.254494727     -0.127247363      -6.36236817E-02
 -0.251067311     -0.125533655      -6.27668276E-02
 -0.247538999     -0.123769499      -6.18847497E-02
 -0.243908405     -0.121954203      -6.09771013E-02
 -0.240174055     -0.120087028      -6.00435138E-02
 -0.236334443     -0.118167222      -5.90836108E-02
 -0.232387945     -0.116193973      -5.80969863E-02
 -0.228332922     -0.114166461      -5.70832305E-02
 -0.224167645     -0.112083822      -5.60419112E-02
 -0.219890282     -0.109945141      -5.49725704E-02
 -0.215498984     -0.107749492      -5.38747460E-02
 -0.210991785     -0.105495892      -5.27479462E-02
 -0.206366658     -0.103183329      -5.15916646E-02
 -0.201621503     -0.100810751      -5.04053757E-02
 -0.196754158      -9.83770788E-02  -4.91885394E-02
 -0.191762388      -9.58811939E-02  -4.79405969E-02
 -0.186643854      -9.33219269E-02  -4.66609634E-02
 -0.181396157      -9.06980783E-02  -4.53490391E-02
 -0.176016837      -8.80084187E-02  -4.40042093E-02
 -0.170503333      -8.52516666E-02  -4.26258333E-02
 -0.164852992      -8.24264959E-02  -4.12132479E-02
 -0.159063101      -7.95315504E-02  -3.97657752E-02
 -0.153130874      -7.65654370E-02  -3.82827185E-02
 -0.147053421      -7.35267103E-02  -3.67633551E-02
 -0.140827775      -7.04138875E-02  -3.52069438E-02
 -0.134450898      -6.72254488E-02  -3.36127244E-02
 -0.127919644      -6.39598221E-02  -3.19799110E-02
 -0.121230789      -6.06153943E-02  -3.03076971E-02
 -0.114381023      -5.71905114E-02  -2.85952557E-02
 -0.107366949      -5.36834747E-02  -2.68417373E-02
 -0.100185066      -5.00925332E-02  -2.50462666E-02
  -9.28317904E-02  -4.64158952E-02  -2.32079476E-02
  -8.53034481E-02  -4.26517241E-02  -2.13258620E-02
  -7.75962621E-02  -3.87981310E-02  -1.93990655E-02
  -6.97063580E-02  -3.48531790E-02  -1.74265895E-02
  -6.16297685E-02  -3.08148842E-02  -1.54074421E-02
  -5.33624217E-02  -2.66812108E-02  -1.33406054E-02
  -4.49001491E-02  -2.24500746E-02  -1.12250373E-02
  -3.62386853E-02  -1.81193426E-02  -9.05967131E-03
  -2.73736529E-02  -1.36868265E-02  -6.84341323E-03
  -1.83005650E-02  -9.15028248E-03  -4.57514124E-03
  -9.01483558E-03  -4.50741779E-03  -2.25370890E-03
   4.88238409E-04   2.44119205E-04   1.22059602E-04
   4.21734340E-03   2.10867170E-03   2.14029266E-03
