   0.00000000       0.00000000       0.00000000    
   8.99027009E-03   1.72235686E-02   3.48351039E-02
   1.82511453E-02   3.35669219E-02   6.86733946E-02
   2.77283117E-02   4.90549095E-02  0.101540603    
   3.73716429E-02   6.37139007E-02  0.133459166    
   4.71348986E-02   7.75714442E-02  0.164448798    
   5.69754764E-02   9.06559899E-02  0.194526911    
   6.68541640E-02  0.102996588      0.223709166    
   7.67349973E-02  0.114622705      0.252009749    
   8.65850225E-02  0.125563979      0.279441595    
   9.63741392E-02  0.135850057      0.306016922    
  0.106074952      0.145510405      0.331747115    
  0.115662642      0.154574201      0.356643260    
  0.125114799      0.163070172      0.380716085    
  0.134411246      0.171026453      0.403976083    
  0.143534020      0.178470612      0.426433802    
  0.152467191      0.185429499      0.448099881    
  0.161196649      0.191929102      0.468984872    
  0.169710085      0.197994620      0.489099622    
  0.177996859      0.203650385      0.508455098    
  0.186047897      0.208919778      0.527062356    
  0.193855479      0.213825271      0.544933021    
  0.201413378      0.218388364      0.562078416    
  0.208716333      0.222629607      0.578510642    
  0.215760499      0.226568565      0.594241381    
  0.222542763      0.230223864      0.609283149    
  0.229061246      0.233613238      0.623648047    
  0.235313326      0.236752734      0.637345612    
  0.241300002      0.239658892      0.650391459    
  0.247021571      0.242346659      0.662798285    
  0.252478987      0.244830117      0.674578786    
  0.257673800      0.247122467      0.685745835    
  0.262607962      0.249236241      0.696312368    
  0.267284006      0.251182973      0.706291020    
  0.271704793      0.252973616      0.715694726    
  0.275873482      0.254618287      0.724536359    
  0.279793590      0.256126523      0.732828438    
  0.283468962      0.257507145      0.740583837    
  0.286903560      0.258768290      0.747815013    
  0.290101528      0.259917587      0.754534364    
  0.293067276      0.260962039      0.760754287    
  0.295805216      0.261908144      0.766486943    
  0.298320055      0.262761950      0.771744490    
  0.300616413      0.263528883      0.776538849    
  0.302699029      0.264214039      0.780881703    
  0.304572672      0.264822006      0.784784675    
  0.306242257      0.265357107      0.788259089    
  0.307712585      0.265823096      0.791316450    
  0.308988541      0.266223520      0.793967605    
  0.310074896      0.266561657      0.796223581    
  0.310976565      0.266840249      0.798094928    
  0.311698347      0.267062008      0.799592435    
  0.312245071      0.267229170      0.800726354    
  0.312621385      0.267343819      0.801506698    
  0.312832057      0.267407894      0.801943481    
  0.312881827      0.267423004      0.802046537    
  0.312775195      0.267390579      0.801825464    
  0.312516809      0.267311960      0.801289797    
  0.312111109      0.267188251      0.800448656    
  0.311562628      0.267020345      0.799310982    
  0.310875744      0.266809165      0.797885716    
  0.310054779      0.266555399      0.796181738    
  0.309103966      0.266259611      0.794207394    
  0.308027595      0.265922278      0.791971087    
  0.306829810      0.265543848      0.789481044    
  0.305514663      0.265124649      0.786745310    
  0.304086268      0.264664918      0.783771694    
  0.302548468      0.264164776      0.780567944    
  0.300905257      0.263624430      0.777141392    
  0.299160421      0.263043970      0.773499727    
  0.297317743      0.262423366      0.769649982    
  0.295381039      0.261762679      0.765599310    
  0.293353766      0.261061847      0.761354625    
  0.291239768      0.260320842      0.756922781    
  0.289042354      0.259539545      0.752310336    
  0.286765128      0.258717954      0.747523844    
  0.284411460      0.257855922      0.742569625    
  0.281984687      0.256953418      0.737454057    
  0.279488176      0.256010324      0.732183158    
  0.276925117      0.255026519      0.726762891    
  0.274298638      0.254001915      0.721199036    
  0.271611899      0.252936482      0.715497434    
  0.268867940      0.251830071      0.709663630    
  0.266069800      0.250682712      0.703703105    
  0.263220429      0.249494284      0.697621107    
  0.260322630      0.248264834      0.691423118    
  0.257379383      0.246994406      0.685114145    
  0.254393369      0.245682910      0.678699195    
  0.251367301      0.244330466      0.672183156    
  0.248303920      0.242937177      0.665571034    
  0.245205790      0.241503060      0.658867240    
  0.242075518      0.240028277      0.652076542    
  0.238915533      0.238512963      0.645203352    
  0.235728309      0.236957282      0.638252079    
  0.232516304      0.235361531      0.631227136    
  0.229281798      0.233725816      0.624132514    
  0.226027101      0.232050508      0.616972506    
  0.222754419      0.230335802      0.609750867    
  0.219466031      0.228582114      0.602471948    
  0.216163978      0.226789758      0.595139205    
  0.212850437      0.224959135      0.587756515    
  0.209527373      0.223090604      0.580327511    
  0.206196740      0.221184656      0.572855890    
  0.202860564      0.219241783      0.565345049    
  0.199520603      0.217262402      0.557798326    
  0.196178839      0.215247124      0.550219297    
  0.192836940      0.213196501      0.542611003    
  0.189496681      0.211111054      0.534976780    
  0.186159775      0.208991483      0.527319610    
  0.182827830      0.206838384      0.519642830    
  0.179502457      0.204652444      0.511949182    
  0.176185176      0.202434331      0.504241645    
  0.172877505      0.200184777      0.496522993    
  0.169580892      0.197904527      0.488796175    
  0.166296750      0.195594385      0.481063783    
  0.163026452      0.193255112      0.473328650    
  0.159771308      0.190887541      0.465593308    
  0.156532615      0.188492551      0.457860321    
  0.153311625      0.186070949      0.450132191    
  0.150109485      0.183623686      0.442411393    
  0.146927372      0.181151599      0.434700310    
  0.143766418      0.178655699      0.427001357    
  0.140627682      0.176136896      0.419316828    
  0.137512177      0.173596159      0.411648989    
  0.134420961      0.171034560      0.404000133    
  0.131354928      0.168453008      0.396372408    
  0.128315046      0.165852591      0.388767958    
  0.125302196      0.163234368      0.381188899    
  0.122317202      0.160599396      0.373637319    
  0.119360931      0.157948792      0.366115391    
  0.116434127      0.155283600      0.358625025    
  0.113537550      0.152605012      0.351168185    
  0.110671923      0.149914131      0.343746990    
  0.107837945      0.147212133      0.336363256    
  0.105036251      0.144500196      0.329019010    
  0.102267481      0.141779482      0.321716130    
   9.95322540E-02  0.139051273      0.314456522    
   9.68311056E-02  0.136316702      0.307241976    
   9.41645950E-02  0.133577034      0.300074428    
   9.15332288E-02  0.130833551      0.292955756    
   8.89375284E-02  0.128087521      0.285887748    
   8.63779187E-02  0.125340208      0.278872252    
   8.38548765E-02  0.122592904      0.271911085    
   8.13687891E-02  0.119846955      0.265006095    
   7.89200887E-02  0.117103681      0.258159071    
   7.65091032E-02  0.114364401      0.251371831    
   7.41362199E-02  0.111630492      0.244646221    
   7.18017519E-02  0.108903334      0.237984046    
   6.95060343E-02  0.106184326      0.231387123    
   6.72493428E-02  0.103474841      0.224857315    
   6.50319606E-02  0.100776315      0.218396425    
   6.28541335E-02   9.80901867E-02  0.212006375    
   6.07161336E-02   9.54179019E-02  0.205688968    
   5.86181767E-02   9.27609205E-02  0.199446127    
   5.65604754E-02   9.01207477E-02  0.193279743    
   5.45432307E-02   8.74988362E-02  0.187191725    
   5.25666252E-02   8.48967284E-02  0.181184024    
   5.06308600E-02   8.23159516E-02  0.175258607    
   4.87360843E-02   7.97580481E-02  0.169417471    
   4.68824580E-02   7.72245824E-02  0.163662612    
   4.50701267E-02   7.47171119E-02  0.157996088    
   4.32992466E-02   7.22372681E-02  0.152419955    
   4.15699333E-02   6.97866306E-02  0.146936342    
   3.98823246E-02   6.73668534E-02  0.141547352    
   3.82365547E-02   6.49795756E-02  0.136255234    
   3.66327316E-02   6.26264587E-02  0.131062135    
   3.50709744E-02   6.03092052E-02  0.125970334    
   3.35514098E-02   5.80295064E-02  0.120982118    
   3.20741460E-02   5.57890870E-02  0.116099857    
   3.06393132E-02   5.35896979E-02  0.111325920    
   2.92470306E-02   5.14330938E-02  0.106662735    
   2.78974231E-02   4.93210740E-02  0.102112830    
   2.65906230E-02   4.72554266E-02   9.76786911E-02
   2.53267791E-02   4.52379882E-02   9.33629572E-02
   2.41060313E-02   4.32706028E-02   8.91682580E-02
   2.29285397E-02   4.13551442E-02   8.50973055E-02
   2.17944775E-02   3.94934937E-02   8.11528638E-02
   2.07040310E-02   3.76875773E-02   7.73377642E-02
   1.96573995E-02   3.59393246E-02   7.36549199E-02
   1.86548065E-02   3.42506990E-02   7.01072812E-02
   1.76964905E-02   3.26236822E-02   6.66979030E-02
   1.67827103E-02   3.10602859E-02   6.34298623E-02
   1.59137528E-02   2.95625366E-02   6.03063516E-02
   1.50899291E-02   2.81324890E-02   5.73306270E-02
   1.43115874E-02   2.67722290E-02   5.45060225E-02
   1.35790966E-02   2.54838560E-02   5.18359505E-02
   1.28928674E-02   2.42694989E-02   4.93239015E-02
   1.22533441E-02   2.31313091E-02   4.69734669E-02
   1.16610192E-02   2.20714733E-02   4.47883122E-02
   1.11164227E-02   2.10921876E-02   4.27722074E-02
   1.06201330E-02   2.01956797E-02   4.09289971E-02
   1.01727815E-02   1.93842035E-02   3.92626412E-02
   9.77505744E-03   1.86600387E-02   3.77771929E-02
   9.42769833E-03   1.80254783E-02   3.64767946E-02
   9.13151633E-03   1.74828526E-02   3.53657119E-02
   8.88738781E-03   1.70345027E-02   3.44483070E-02
   8.69625527E-03   1.66827980E-02   3.37290578E-02
   8.55914596E-03   1.64301284E-02   3.32125574E-02
   8.47716536E-03   1.62789021E-02   3.29035111E-02
   8.45150743E-03   1.62315499E-02   3.28067541E-02
   8.48346017E-03   1.62905175E-02   3.29272412E-02
