   0.00000000       0.00000000       0.00000000       1.00000000    
   1.73771437E-02   8.68857186E-03   4.34428593E-03  0.999801815    
   3.41706276E-02   1.70853138E-02   8.54265690E-03  0.999233425    
   5.03887832E-02   2.51943916E-02   1.25971958E-02  0.998332322    
   6.60407916E-02   3.30203958E-02   1.65101979E-02  0.997133672    
   8.11365321E-02   4.05682661E-02   2.02841330E-02  0.995670378    
   9.56864953E-02   4.78432477E-02   2.39216238E-02  0.993973196    
  0.109701641       5.48508205E-02   2.74254102E-02  0.992070854    
  0.123193316       6.15966581E-02   3.07983290E-02  0.989990175    
  0.136173159       6.80865794E-02   3.40432897E-02  0.987756014    
  0.148653045       7.43265226E-02   3.71632613E-02  0.985391557    
  0.160644963       8.03224817E-02   4.01612408E-02  0.982918262    
  0.172161028       8.60805139E-02   4.30402569E-02  0.980356038    
  0.183213353       9.16066766E-02   4.58033383E-02  0.977723300    
  0.193814039       9.69070196E-02   4.84535098E-02  0.975036979    
  0.203975141      0.101987571       5.09937853E-02  0.972312689    
  0.213708624      0.106854312       5.34271561E-02  0.969564855    
  0.223026291      0.111513145       5.57565726E-02  0.966806591    
  0.231939822      0.115969911       5.79849556E-02  0.964049935    
  0.240460694      0.120230347       6.01151735E-02  0.961305916    
  0.248600200      0.124300100       6.21500500E-02  0.958584547    
  0.256369412      0.128184706       6.40923530E-02  0.955894947    
  0.263779193      0.131889597       6.59447983E-02  0.953245282    
  0.270840138      0.135420069       6.77100345E-02  0.950642943    
  0.277562618      0.138781309       6.93906546E-02  0.948094547    
  0.283956736      0.141978368       7.09891841E-02  0.945606053    
  0.290032327      0.145016164       7.25080818E-02  0.943182766    
  0.295797735      0.147898868       7.39494339E-02  0.940829813    
  0.301263541      0.150631770       7.53158852E-02  0.938550770    
  0.306438833      0.153219417       7.66097084E-02  0.936349154    
  0.311332375      0.155666187       7.78330937E-02  0.934228003    
  0.315952748      0.157976374       7.89881870E-02  0.932189882    
  0.320308238      0.160154119       8.00770596E-02  0.930236936    
  0.324406862      0.162203431       8.11017156E-02  0.928370893    
  0.328256428      0.164128214       8.20641071E-02  0.926593184    
  0.331864506      0.165932253       8.29661265E-02  0.924904764    
  0.335238367      0.167619184       8.38095918E-02  0.923306406    
  0.338385105      0.169192553       8.45962763E-02  0.921798587    
  0.341311574      0.170655787       8.53278935E-02  0.920381427    
  0.344024420      0.172012210       8.60061049E-02  0.919054806    
  0.346530020      0.173265010       8.66325051E-02  0.917818487    
  0.348834604      0.174417302       8.72086510E-02  0.916671932    
  0.350944191      0.175472096       8.77360478E-02  0.915614486    
  0.352864593      0.176432297       8.82161483E-02  0.914645255    
  0.354601413      0.177300707       8.86503533E-02  0.913763225    
  0.356160104      0.178080052       8.90400261E-02  0.912967205    
  0.357545942      0.178772971       8.93864855E-02  0.912255943    
  0.358764023      0.179382011       8.96910056E-02  0.911628067    
  0.359819263      0.179909632       8.99548158E-02  0.911082029    
  0.360716432      0.180358216       9.01791081E-02  0.910616279    
  0.361460149      0.180730075       9.03650373E-02  0.910229146    
  0.362054914      0.181027457       9.05137286E-02  0.909918845    
  0.362505049      0.181252524       9.06262621E-02  0.909683585    
  0.362814754      0.181407377       9.07036886E-02  0.909521520    
  0.362988085      0.181494042       9.07470211E-02  0.909430742    
  0.363028973      0.181514487       9.07572433E-02  0.909409285    
  0.362941265      0.181470633       9.07353163E-02  0.909455240    
  0.362728685      0.181364343       9.06821713E-02  0.909566581    
  0.362394810      0.181197405       9.05987024E-02  0.909741223    
  0.361943126      0.180971563       9.04857814E-02  0.909977198    
  0.361377031      0.180688515       9.03442577E-02  0.910272419    
  0.360699803      0.180349901       9.01749507E-02  0.910624921    
  0.359914660      0.179957330       8.99786651E-02  0.911032557    
  0.359024704      0.179512352       8.97561759E-02  0.911493301    
  0.358032972      0.179016486       8.95082429E-02  0.912005126    
  0.356942385      0.178471193       8.92355964E-02  0.912566006    
  0.355755806      0.177877903       8.89389515E-02  0.913173974    
  0.354476035      0.177238017       8.86190087E-02  0.913826942    
  0.353105754      0.176552877       8.82764384E-02  0.914522946    
  0.351647645      0.175823823       8.79119113E-02  0.915260077    
  0.350104243      0.175052121       8.75260606E-02  0.916036308    
  0.348478079      0.174239039       8.71195197E-02  0.916849792    
  0.346771598      0.173385799       8.66928995E-02  0.917698622    
  0.344987214      0.172493607       8.62468034E-02  0.918580890    
  0.343127221      0.171563610       8.57818052E-02  0.919494808    
  0.341193914      0.170596957       8.52984786E-02  0.920438528    
  0.339189529      0.169594765       8.47973824E-02  0.921410322    
  0.337116241      0.168558121       8.42790604E-02  0.922408462    
  0.334976166      0.167488083       8.37440416E-02  0.923431218    
  0.332771391      0.166385695       8.31928477E-02  0.924476922    
  0.330503941      0.165251970       8.26259851E-02  0.925543904    
  0.328175813      0.164087906       8.20439532E-02  0.926630557    
  0.325788945      0.162894472       8.14472362E-02  0.927735388    
  0.323345274      0.161672637       8.08363184E-02  0.928856790    
  0.320846647      0.160423324       8.02116618E-02  0.929993272    
  0.318294913      0.159147456       7.95737281E-02  0.931143403    
  0.315691888      0.157845944       7.89229721E-02  0.932305753    
  0.313039303      0.156519651       7.82598257E-02  0.933478951    
  0.310338914      0.155169457       7.75847286E-02  0.934661627    
  0.307592422      0.153796211       7.68981054E-02  0.935852468    
  0.304801494      0.152400747       7.62003735E-02  0.937050223    
  0.301967770      0.150983885       7.54919425E-02  0.938253641    
  0.299092859      0.149546430       7.47732148E-02  0.939461470    
  0.296178341      0.148089170       7.40445852E-02  0.940672576    
  0.293225795      0.146612898       7.33064488E-02  0.941885889    
  0.290236741      0.145118371       7.25591853E-02  0.943100214    
  0.287212670      0.143606335       7.18031675E-02  0.944314539    
  0.284155071      0.142077535       7.10387677E-02  0.945527852    
  0.281065434      0.140532717       7.02663586E-02  0.946739137    
  0.277945161      0.138972580       6.94862902E-02  0.947947443    
  0.274795711      0.137397856       6.86989278E-02  0.949151814    
  0.271618456      0.135809228       6.79046139E-02  0.950351417    
  0.268414766      0.134207383       6.71036914E-02  0.951545358    
  0.265186012      0.132593006       6.62965029E-02  0.952732801    
  0.261933506      0.130966753       6.54833764E-02  0.953912973    
  0.258658618      0.129329309       6.46646544E-02  0.955085158    
  0.255362600      0.127681300       6.38406500E-02  0.956248581    
  0.252046764      0.126023382       6.30116910E-02  0.957402527    
  0.248712391      0.124356195       6.21780977E-02  0.958546340    
  0.245360732      0.122680366       6.13401830E-02  0.959679425    
  0.241993025      0.120996512       6.04982562E-02  0.960801125    
  0.238610491      0.119305246       5.96526228E-02  0.961910844    
  0.235214353      0.117607176       5.88035882E-02  0.963008046    
  0.231805801      0.115902901       5.79514503E-02  0.964092195    
  0.228386030      0.114193015       5.70965074E-02  0.965162814    
  0.224956214      0.112478107       5.62390536E-02  0.966219425    
  0.221517533      0.110758767       5.53793833E-02  0.967261612    
  0.218071118      0.109035559       5.45177795E-02  0.968288958    
  0.214618132      0.107309066       5.36545329E-02  0.969301045    
  0.211159706      0.105579853       5.27899265E-02  0.970297456    
  0.207696959      0.103848480       5.19242398E-02  0.971277893    
  0.204231009      0.102115504       5.10577522E-02  0.972242057    
  0.200762957      0.100381479       5.01907393E-02  0.973189652    
  0.197293922       9.86469612E-02   4.93234806E-02  0.974120378    
  0.193824992       9.69124958E-02   4.84562479E-02  0.975033998    
  0.190357238       9.51786190E-02   4.75893095E-02  0.975930274    
  0.186891764       9.34458822E-02   4.67229411E-02  0.976808965    
  0.183429629       9.17148143E-02   4.58574072E-02  0.977669954    
  0.179971918       8.99859592E-02   4.49929796E-02  0.978513002    
  0.176519692       8.82598460E-02   4.41299230E-02  0.979338050    
  0.173074007       8.65370035E-02   4.32685018E-02  0.980144918    
  0.169635922       8.48179609E-02   4.24089804E-02  0.980933487    
  0.166206494       8.31032470E-02   4.15516235E-02  0.981703699    
  0.162786782       8.13933909E-02   4.06966954E-02  0.982455492    
  0.159377828       7.96889141E-02   3.98444571E-02  0.983188808    
  0.155980691       7.79903457E-02   3.89951728E-02  0.983903646    
  0.152596429       7.62982145E-02   3.81491072E-02  0.984599948    
  0.149226069       7.46130347E-02   3.73065174E-02  0.985277712    
  0.145870671       7.29353353E-02   3.64676677E-02  0.985936999    
  0.142531291       7.12656453E-02   3.56328227E-02  0.986577809    
  0.139208972       6.96044862E-02   3.48022431E-02  0.987200260    
  0.135904774       6.79523870E-02   3.39761935E-02  0.987804353    
  0.132619753       6.63098767E-02   3.31549384E-02  0.988390207    
  0.129354969       6.46774843E-02   3.23387422E-02  0.988957942    
  0.126111478       6.30557388E-02   3.15278694E-02  0.989507616    
  0.122890346       6.14451729E-02   3.07225864E-02  0.990039408    
  0.119692646       5.98463230E-02   2.99231615E-02  0.990553439    
  0.116519459       5.82597293E-02   2.91298646E-02  0.991049886    
  0.113371864       5.66859320E-02   2.83429660E-02  0.991528928    
  0.110250950       5.51254749E-02   2.75627375E-02  0.991990745    
  0.107157819       5.35789095E-02   2.67894547E-02  0.992435515    
  0.104093567       5.20467833E-02   2.60233916E-02  0.992863476    
  0.101059310       5.05296551E-02   2.52648275E-02  0.993274808    
   9.80561748E-02   4.90280874E-02   2.45140437E-02  0.993669808    
   9.50852856E-02   4.75426428E-02   2.37713214E-02  0.994048715    
   9.21477824E-02   4.60738912E-02   2.30369456E-02  0.994411767    
   8.92448202E-02   4.46224101E-02   2.23112050E-02  0.994759202    
   8.63775611E-02   4.31887805E-02   2.15943903E-02  0.995091319    
   8.35471898E-02   4.17735949E-02   2.08867975E-02  0.995408475    
   8.07548836E-02   4.03774418E-02   2.01887209E-02  0.995710909    
   7.80018494E-02   3.90009247E-02   1.95004623E-02  0.995998919    
   7.52893090E-02   3.76446545E-02   1.88223273E-02  0.996272862    
   7.26184845E-02   3.63092422E-02   1.81546211E-02  0.996533036    
   6.99906349E-02   3.49953175E-02   1.74976587E-02  0.996779799    
   6.74070194E-02   3.37035097E-02   1.68517549E-02  0.997013509    
   6.48689196E-02   3.24344598E-02   1.62172299E-02  0.997234464    
   6.23776317E-02   3.11888158E-02   1.55944079E-02  0.997443080    
   5.99344783E-02   2.99672391E-02   1.49836196E-02  0.997639656    
   5.75407967E-02   2.87703983E-02   1.43851992E-02  0.997824609    
   5.51979467E-02   2.75989734E-02   1.37994867E-02  0.997998297    
   5.29073030E-02   2.64536515E-02   1.32268257E-02  0.998161137    
   5.06702736E-02   2.53351368E-02   1.26675684E-02  0.998313487    
   4.84882779E-02   2.42441390E-02   1.21220695E-02  0.998455703    
   4.63627689E-02   2.31813844E-02   1.15906922E-02  0.998588204    
   4.42952141E-02   2.21476071E-02   1.10738035E-02  0.998711407    
   4.22871150E-02   2.11435575E-02   1.05717788E-02  0.998825669    
   4.03399952E-02   2.01699976E-02   1.00849988E-02  0.998931348    
   3.84554081E-02   1.92277040E-02   9.61385202E-03  0.999028921    
   3.66349332E-02   1.83174666E-02   9.15873330E-03  0.999118686    
   3.48801799E-02   1.74400900E-02   8.72004498E-03  0.999201119    
   3.31927910E-02   1.65963955E-02   8.29819776E-03  0.999276578    
   3.15744318E-02   1.57872159E-02   7.89360795E-03  0.999345422    
   3.00268102E-02   1.50134051E-02   7.50670256E-03  0.999408007    
   2.85516605E-02   1.42758302E-02   7.13791512E-03  0.999464750    
   2.71507539E-02   1.35753769E-02   6.78768847E-03  0.999516010    
   2.58258954E-02   1.29129477E-02   6.45647384E-03  0.999562085    
   2.45789271E-02   1.22894635E-02   6.14473177E-03  0.999603331    
   2.34117284E-02   1.17058642E-02   5.85293211E-03  0.999640107    
   2.23262180E-02   1.11631090E-02   5.58155449E-03  0.999672711    
   2.13243533E-02   1.06621766E-02   5.33108832E-03  0.999701440    
   2.04081330E-02   1.02040665E-02   5.10203326E-03  0.999726534    
   1.95795987E-02   9.78979934E-03   4.89489967E-03  0.999748290    
   1.88408345E-02   9.42041725E-03   4.71020862E-03  0.999766946    
   1.81939676E-02   9.09698382E-03   4.54849191E-03  0.999782681    
   1.76411718E-02   8.82058591E-03   4.41029295E-03  0.999795675    
   1.71846673E-02   8.59233364E-03   4.29616682E-03  0.999806106    
   1.68267209E-02   8.41336045E-03   4.20668023E-03  0.999814093    
   1.65696517E-02   8.28482583E-03   4.14241292E-03  0.999819756    
   1.64158270E-02   8.20791349E-03   4.10395674E-03  0.999823093    
   1.63676664E-02   8.18383321E-03   4.09191661E-03  0.999824107    
   1.64276417E-02   8.21382087E-03   4.10691043E-03  0.999822795    
