   1.57079995      0.785399973      0.392699987    
   1.51867402      0.759337008      0.379668504    
   1.46777427      0.733887136      0.366943568    
   1.41807497      0.709037483      0.354518741    
   1.36955059      0.684775293      0.342387646    
   1.32217634      0.661088169      0.330544084    
   1.27592766      0.637963831      0.318981916    
   1.23078084      0.615390420      0.307695210    
   1.18671227      0.593356133      0.296678066    
   1.14369905      0.571849525      0.285924762    
   1.10171866      0.550859332      0.275429666    
   1.06074893      0.530374467      0.265187234    
   1.02076840      0.510384202      0.255192101    
  0.981755793      0.490877897      0.245438948    
  0.943690300      0.471845150      0.235922575    
  0.906551659      0.453275830      0.226637915    
  0.870319843      0.435159922      0.217579961    
  0.834975362      0.417487681      0.208743840    
  0.800499022      0.400249511      0.200124756    
  0.766872108      0.383436054      0.191718027    
  0.734076202      0.367038101      0.183519050    
  0.702093303      0.351046652      0.175523326    
  0.670905769      0.335452884      0.167726442    
  0.640496314      0.320248157      0.160124078    
  0.610848010      0.305424005      0.152712002    
  0.581944227      0.290972114      0.145486057    
  0.553768694      0.276884347      0.138442174    
  0.526305497      0.263152748      0.131576374    
  0.499539077      0.249769539      0.124884769    
  0.473454118      0.236727059      0.118363529    
  0.448035657      0.224017829      0.112008914    
  0.423269033      0.211634517      0.105817258    
  0.399139851      0.199569926       9.97849628E-02
  0.375634104      0.187817052       9.39085260E-02
  0.352737963      0.176368982       8.81844908E-02
  0.330437988      0.165218994       8.26094970E-02
  0.308720917      0.154360458       7.71802291E-02
  0.287573844      0.143786922       7.18934610E-02
  0.266984105      0.133492053       6.67460263E-02
  0.246939272      0.123469636       6.17348179E-02
  0.227427214      0.113713607       5.68568036E-02
  0.208436042      0.104218021       5.21090105E-02
  0.189954102       9.49770510E-02   4.74885255E-02
  0.171969995       8.59849975E-02   4.29924987E-02
  0.154472575       7.72362873E-02   3.86181436E-02
  0.137450904       6.87254518E-02   3.43627259E-02
  0.120894298       6.04471490E-02   3.02235745E-02
  0.104792282       5.23961410E-02   2.61980705E-02
   8.91346186E-02   4.45673093E-02   2.22836547E-02
   7.39112869E-02   3.69556434E-02   1.84778217E-02
   5.91124669E-02   2.95562334E-02   1.47781167E-02
   4.47285622E-02   2.23642811E-02   1.11821406E-02
   3.07501778E-02   1.53750889E-02   7.68754445E-03
   1.71681195E-02   8.58405977E-03   4.29202989E-03
   3.97339556E-03   1.98669778E-03   9.93348891E-04
  -8.84279143E-03  -4.42139572E-03  -2.21069786E-03
  -2.12890506E-02  -1.06445253E-02  -5.32226264E-03
  -3.33738029E-02  -1.66869015E-02  -8.34345073E-03
  -4.51052785E-02  -2.25526392E-02  -1.12763196E-02
  -5.64915352E-02  -2.82457676E-02  -1.41228838E-02
  -6.75404519E-02  -3.37702259E-02  -1.68851130E-02
  -7.82597214E-02  -3.91298607E-02  -1.95649303E-02
  -8.86568800E-02  -4.43284400E-02  -2.21642200E-02
  -9.87392962E-02  -4.93696481E-02  -2.46848240E-02
 -0.108514160      -5.42570800E-02  -2.71285400E-02
 -0.117988512      -5.89942560E-02  -2.94971280E-02
 -0.127169222      -6.35846108E-02  -3.17923054E-02
 -0.136063010      -6.80315048E-02  -3.40157524E-02
 -0.144676447      -7.23382235E-02  -3.61691117E-02
 -0.153015956      -7.65079781E-02  -3.82539891E-02
 -0.161087796      -8.05438980E-02  -4.02719490E-02
 -0.168898091      -8.44490454E-02  -4.22245227E-02
 -0.176452830      -8.82264152E-02  -4.41132076E-02
 -0.183757842      -9.18789208E-02  -4.59394604E-02
 -0.190818831      -9.54094157E-02  -4.77047078E-02
 -0.197641373      -9.88206863E-02  -4.94103432E-02
 -0.204230890     -0.102115445      -5.10577224E-02
 -0.210592687     -0.105296344      -5.26481718E-02
 -0.216731951     -0.108365975      -5.41829877E-02
 -0.222653717     -0.111326858      -5.56634292E-02
 -0.228362918     -0.114181459      -5.70907295E-02
 -0.233864352     -0.116932176      -5.84660880E-02
 -0.239162713     -0.119581357      -5.97906783E-02
 -0.244262546     -0.122131273      -6.10656366E-02
 -0.249168321     -0.124584161      -6.22920804E-02
 -0.253884375     -0.126942188      -6.34710938E-02
 -0.258414924     -0.129207462      -6.46037310E-02
 -0.262764066     -0.131382033      -6.56910166E-02
 -0.266935825     -0.133467913      -6.67339563E-02
 -0.270934105     -0.135467052      -6.77335262E-02
 -0.274762660     -0.137381330      -6.86906651E-02
 -0.278425217     -0.139212608      -6.96063042E-02
 -0.281925350     -0.140962675      -7.04813376E-02
 -0.285266578     -0.142633289      -7.13166445E-02
 -0.288452268     -0.144226134      -7.21130669E-02
 -0.291485697     -0.145742849      -7.28714243E-02
 -0.294370085     -0.147185043      -7.35925213E-02
 -0.297108531     -0.148554265      -7.42771327E-02
 -0.299704045     -0.149852023      -7.49260113E-02
 -0.302159548     -0.151079774      -7.55398870E-02
 -0.304477841     -0.152238920      -7.61194602E-02
 -0.306661695     -0.153330848      -7.66654238E-02
 -0.308713764     -0.154356882      -7.71784410E-02
 -0.310636610     -0.155318305      -7.76591524E-02
 -0.312432706     -0.156216353      -7.81081766E-02
 -0.314104438     -0.157052219      -7.85261095E-02
 -0.315654159     -0.157827079      -7.89135396E-02
 -0.317084074     -0.158542037      -7.92710185E-02
 -0.318396330     -0.159198165      -7.95990825E-02
 -0.319593012     -0.159796506      -7.98982531E-02
 -0.320676088     -0.160338044      -8.01690221E-02
 -0.321647495     -0.160823748      -8.04118738E-02
 -0.322509080     -0.161254540      -8.06272700E-02
 -0.323262602     -0.161631301      -8.08156505E-02
 -0.323909730     -0.161954865      -8.09774324E-02
 -0.324452072     -0.162226036      -8.11130181E-02
 -0.324891180     -0.162445590      -8.12227950E-02
 -0.325228512     -0.162614256      -8.13071281E-02
 -0.325465471     -0.162732735      -8.13663676E-02
 -0.325603366     -0.162801683      -8.14008415E-02
 -0.325643420     -0.162821710      -8.14108551E-02
 -0.325586855     -0.162793428      -8.13967139E-02
 -0.325434774     -0.162717387      -8.13586935E-02
 -0.325188190     -0.162594095      -8.12970474E-02
 -0.324848086     -0.162424043      -8.12120214E-02
 -0.324415386     -0.162207693      -8.11038464E-02
 -0.323890924     -0.161945462      -8.09727311E-02
 -0.323275447     -0.161637723      -8.08188617E-02
 -0.322569668     -0.161284834      -8.06424171E-02
 -0.321774215     -0.160887107      -8.04435536E-02
 -0.320889652     -0.160444826      -8.02224129E-02
 -0.319916487     -0.159958243      -7.99791217E-02
 -0.318855166     -0.159427583      -7.97137916E-02
 -0.317706048     -0.158853024      -7.94265121E-02
 -0.316469461     -0.158234730      -7.91173652E-02
 -0.315145642     -0.157572821      -7.87864104E-02
 -0.313734770     -0.156867385      -7.84336925E-02
 -0.312236935     -0.156118467      -7.80592337E-02
 -0.310652196     -0.155326098      -7.76630491E-02
 -0.308980554     -0.154490277      -7.72451386E-02
 -0.307221949     -0.153610975      -7.68054873E-02
 -0.305376202     -0.152688101      -7.63440505E-02
 -0.303443134     -0.151721567      -7.58607835E-02
 -0.301422447     -0.150711223      -7.53556117E-02
 -0.299313843     -0.149656922      -7.48284608E-02
 -0.297116905     -0.148558453      -7.42792264E-02
 -0.294831157     -0.147415578      -7.37077892E-02
 -0.292456090     -0.146228045      -7.31140226E-02
 -0.289991140     -0.144995570      -7.24977851E-02
 -0.287435621     -0.143717811      -7.18589053E-02
 -0.284788817     -0.142394409      -7.11972043E-02
 -0.282049954     -0.141024977      -7.05124885E-02
 -0.279218197     -0.139609098      -6.98045492E-02
 -0.276292622     -0.138146311      -6.90731555E-02
 -0.273272246     -0.136636123      -6.83180615E-02
 -0.270156056     -0.135078028      -6.75390139E-02
 -0.266942918     -0.133471459      -6.67357296E-02
 -0.263631642     -0.131815821      -6.59079105E-02
 -0.260221004     -0.130110502      -6.50552511E-02
 -0.256709695     -0.128354847      -6.41774237E-02
 -0.253096342     -0.126548171      -6.32740855E-02
 -0.249379501     -0.124689750      -6.23448752E-02
 -0.245557651     -0.122778825      -6.13894127E-02
 -0.241629198     -0.120814599      -6.04072995E-02
 -0.237592503     -0.118796252      -5.93981259E-02
 -0.233445853     -0.116722926      -5.83614632E-02
 -0.229187429     -0.114593714      -5.72968572E-02
 -0.224815384     -0.112407692      -5.62038459E-02
 -0.220327780     -0.110163890      -5.50819449E-02
 -0.215722591     -0.107861295      -5.39306477E-02
 -0.210997745     -0.105498873      -5.27494363E-02
 -0.206151083     -0.103075542      -5.15377708E-02
 -0.201180369     -0.100590184      -5.02950922E-02
 -0.196083292      -9.80416462E-02  -4.90208231E-02
 -0.190857470      -9.54287350E-02  -4.77143675E-02
 -0.185500443      -9.27502215E-02  -4.63751107E-02
 -0.180009663      -9.00048316E-02  -4.50024158E-02
 -0.174382508      -8.71912539E-02  -4.35956270E-02
 -0.168616265      -8.43081325E-02  -4.21540663E-02
 -0.162708163      -8.13540816E-02  -4.06770408E-02
 -0.156655326      -7.83276632E-02  -3.91638316E-02
 -0.150454804      -7.52274022E-02  -3.76137011E-02
 -0.144103572      -7.20517859E-02  -3.60258929E-02
 -0.137598500      -6.87992498E-02  -3.43996249E-02
 -0.130936369      -6.54681846E-02  -3.27340923E-02
 -0.124113895      -6.20569475E-02  -3.10284737E-02
 -0.117127687      -5.85638434E-02  -2.92819217E-02
 -0.109974265      -5.49871325E-02  -2.74935663E-02
 -0.102650061      -5.13250306E-02  -2.56625153E-02
  -9.51514170E-02  -4.75757085E-02  -2.37878542E-02
  -8.74745697E-02  -4.37372848E-02  -2.18686424E-02
  -7.96156675E-02  -3.98078337E-02  -1.99039169E-02
  -7.15707541E-02  -3.57853770E-02  -1.78926885E-02
  -6.33357763E-02  -3.16678882E-02  -1.58339441E-02
  -5.49065843E-02  -2.74532922E-02  -1.37266461E-02
  -4.62789237E-02  -2.31394619E-02  -1.15697309E-02
  -3.74484397E-02  -1.87242199E-02  -9.36210994E-03
  -2.84106620E-02  -1.42053310E-02  -7.10266549E-03
  -1.91610232E-02  -9.58051160E-03  -4.79025580E-03
  -9.69483983E-03  -4.84741991E-03  -2.42370996E-03
  -7.32019544E-06  -3.66009772E-06  -1.83004886E-06
