   0.00000000       0.00000000       0.00000000       1.00000000    
   1.73771288E-02   8.68856441E-03   4.34428221E-03  0.999801815    
   3.41747627E-02   1.70873813E-02   8.54369067E-03  0.999233246    
   5.04065529E-02   2.52032764E-02   1.26016382E-02  0.998331189    
   6.60858601E-02   3.30429301E-02   1.65214650E-02  0.997129798    
   8.12257603E-02   4.06128801E-02   2.03064401E-02  0.995660901    
   9.58390534E-02   4.79195267E-02   2.39597633E-02  0.993954003    
  0.109938264       5.49691319E-02   2.74845660E-02  0.992036581    
  0.123535663       6.17678314E-02   3.08839157E-02  0.989934266    
  0.136643246       6.83216229E-02   3.41608115E-02  0.987670898    
  0.149272770       7.46363848E-02   3.73181924E-02  0.985268712    
  0.161435708       8.07178542E-02   4.03589271E-02  0.982748330    
  0.173143327       8.65716636E-02   4.32858318E-02  0.980129123    
  0.184406623       9.22033116E-02   4.61016558E-02  0.977428913    
  0.195236385       9.76181924E-02   4.88090962E-02  0.974664629    
  0.205643132      0.102821566       5.14107831E-02  0.971851647    
  0.215637192      0.107818596       5.39092980E-02  0.969004393    
  0.225228652      0.112614326       5.63071631E-02  0.966136396    
  0.234427392      0.117213696       5.86068481E-02  0.963260055    
  0.243243068      0.121621534       6.08107671E-02  0.960386932    
  0.251685143      0.125842571       6.29212856E-02  0.957527637    
  0.259762853      0.129881427       6.49407133E-02  0.954692006    
  0.267485231      0.133742616       6.68713078E-02  0.951889038    
  0.274861157      0.137430578       6.87152892E-02  0.949127138    
  0.281899273      0.140949637       7.04748183E-02  0.946413934    
  0.288608044      0.144304022       7.21520111E-02  0.943756223    
  0.294995755      0.147497877       7.37489387E-02  0.941160440    
  0.301070511      0.150535256       7.52676278E-02  0.938632190    
  0.306840241      0.153420120       7.67100602E-02  0.936176777    
  0.312312692      0.156156346       7.80781731E-02  0.933798611    
  0.317495465      0.158747733       7.93738663E-02  0.931501806    
  0.322395951      0.161197975       8.05989876E-02  0.929289997    
  0.327021420      0.163510710       8.17553550E-02  0.927166224    
  0.331378937      0.165689468       8.28447342E-02  0.925133348    
  0.335475475      0.167737737       8.38688686E-02  0.923193514    
  0.339317799      0.169658899       8.48294497E-02  0.921348631    
  0.342912525      0.171456262       8.57281312E-02  0.919600129    
  0.346266150      0.173133075       8.65665376E-02  0.917949319    
  0.349385023      0.174692512       8.73462558E-02  0.916396856    
  0.352275342      0.176137671       8.80688354E-02  0.914943457    
  0.354943156      0.177471578       8.87357891E-02  0.913589180    
  0.357394397      0.178697199       8.93485993E-02  0.912334025    
  0.359634876      0.179817438       8.99087191E-02  0.911177695    
  0.361670226      0.180835113       9.04175565E-02  0.910119772    
  0.363506019      0.181753010       9.08765048E-02  0.909159303    
  0.365147650      0.182573825       9.12869126E-02  0.908295512    
  0.366600424      0.183300212       9.16501060E-02  0.907527149    
  0.367869496      0.183934748       9.19673741E-02  0.906852841    
  0.368959934      0.184479967       9.22399834E-02  0.906271219    
  0.369876653      0.184938326       9.24691632E-02  0.905780613    
  0.370624512      0.185312256       9.26561281E-02  0.905379295    
  0.371208221      0.185604110       9.28020552E-02  0.905065358    
  0.371632427      0.185816213       9.29081067E-02  0.904836893    
  0.371901602      0.185950801       9.29754004E-02  0.904691696    
  0.372020155      0.186010078       9.30050388E-02  0.904627740    
  0.371992409      0.185996205       9.29981023E-02  0.904642701    
  0.371822566      0.185911283       9.29556414E-02  0.904734313    
  0.371514738      0.185757369       9.28786844E-02  0.904900312    
  0.371072978      0.185536489       9.27682444E-02  0.905138195    
  0.370501190      0.185250595       9.26252976E-02  0.905445516    
  0.369803190      0.184901595       9.24507976E-02  0.905820012    
  0.368982762      0.184491381       9.22456905E-02  0.906259000    
  0.368043572      0.184021786       9.20108929E-02  0.906760097    
  0.366989166      0.183494583       9.17472914E-02  0.907320857    
  0.365823090      0.182911545       9.14557725E-02  0.907938719    
  0.364548743      0.182274371       9.11371857E-02  0.908611238    
  0.363169461      0.181584731       9.07923654E-02  0.909335852    
  0.361688524      0.180844262       9.04221311E-02  0.910110235    
  0.360109091      0.180054545       9.00272727E-02  0.910931885    
  0.358434319      0.179217160       8.96085799E-02  0.911798418    
  0.356667250      0.178333625       8.91668126E-02  0.912707448    
  0.354810834      0.177405417       8.87027085E-02  0.913656592    
  0.352867991      0.176433995       8.82169977E-02  0.914643645    
  0.350841582      0.175420791       8.77103955E-02  0.915666223    
  0.348734349      0.174367175       8.71835873E-02  0.916722119    
  0.346549034      0.173274517       8.66372585E-02  0.917809188    
  0.344288290      0.172144145       8.60720724E-02  0.918925226    
  0.341954708      0.170977354       8.54886770E-02  0.920068145    
  0.339550793      0.169775397       8.48876983E-02  0.921235919    
  0.337079048      0.168539524       8.42697620E-02  0.922426522    
  0.334541887      0.167270944       8.36354718E-02  0.923638046    
  0.331941664      0.165970832       8.29854161E-02  0.924868584    
  0.329280704      0.164640352       8.23201761E-02  0.926116168    
  0.326561242      0.163280621       8.16403106E-02  0.927379131    
  0.323785514      0.161892757       8.09463784E-02  0.928655684    
  0.320955664      0.160477832       8.02389160E-02  0.929944098    
  0.318073809      0.159036905       7.95184523E-02  0.931242764    
  0.315142006      0.157571003       7.87855014E-02  0.932550132    
  0.312162280      0.156081140       7.80405700E-02  0.933864594    
  0.309136599      0.154568300       7.72841498E-02  0.935184658    
  0.306066900      0.153033450       7.65167251E-02  0.936508954    
  0.302955061      0.151477531       7.57387653E-02  0.937835991    
  0.299802929      0.149901465       7.49507323E-02  0.939164579    
  0.296612322      0.148306161       7.41530806E-02  0.940493345    
  0.293384999      0.146692500       7.33462498E-02  0.941821039    
  0.290122718      0.145061359       7.25306794E-02  0.943146467    
  0.286827147      0.143413574       7.17067868E-02  0.944468558    
  0.283499956      0.141749978       7.08749890E-02  0.945786178    
  0.280142754      0.140071377       7.00356886E-02  0.947098255    
  0.276757151      0.138378575       6.91892877E-02  0.948403776    
  0.273344696      0.136672348       6.83361739E-02  0.949701786    
  0.269906908      0.134953454       6.74767271E-02  0.950991452    
  0.266445309      0.133222654       6.66113272E-02  0.952271760    
  0.262961328      0.131480664       6.57403320E-02  0.953542054    
  0.259456456      0.129728228       6.48641139E-02  0.954801321    
  0.255932063      0.127966031       6.39830157E-02  0.956048965    
  0.252389550      0.126194775       6.30973876E-02  0.957284212    
  0.248830289      0.124415144       6.22075722E-02  0.958506405    
  0.245255604      0.122627802       6.13139011E-02  0.959714890    
  0.241666809      0.120833404       6.04167022E-02  0.960909069    
  0.238065183      0.119032592       5.95162958E-02  0.962088406    
  0.234452009      0.117226005       5.86130023E-02  0.963252246    
  0.230828524      0.115414262       5.77071309E-02  0.964400172    
  0.227195963      0.113597982       5.67989908E-02  0.965531647    
  0.223555520      0.111777760       5.58888800E-02  0.966646314    
  0.219908386      0.109954193       5.49770966E-02  0.967743695    
  0.216255739      0.108127870       5.40639348E-02  0.968823493    
  0.212598726      0.106299363       5.31496815E-02  0.969885230    
  0.208938479      0.104469240       5.22346199E-02  0.970928609    
  0.205276132      0.102638066       5.13190329E-02  0.971953452    
  0.201612771      0.100806385       5.04031926E-02  0.972959340    
  0.197949514       9.89747569E-02   4.94873784E-02  0.973946095    
  0.194287434       9.71437171E-02   4.85718586E-02  0.974913478    
  0.190627590       9.53137949E-02   4.76568975E-02  0.975861311    
  0.186971053       9.34855267E-02   4.67427634E-02  0.976789355    
  0.183318853       9.16594267E-02   4.58297133E-02  0.977697492    
  0.179672047       8.98360237E-02   4.49180119E-02  0.978585601    
  0.176031649       8.80158246E-02   4.40079123E-02  0.979453623    
  0.172398686       8.61993432E-02   4.30996716E-02  0.980301380    
  0.168774173       8.43870863E-02   4.21935432E-02  0.981128871    
  0.165159106       8.25795531E-02   4.12897766E-02  0.981935978    
  0.161554486       8.07772428E-02   4.03886214E-02  0.982722700    
  0.157961309       7.89806545E-02   3.94903272E-02  0.983489096    
  0.154380575       7.71902874E-02   3.85951437E-02  0.984235108    
  0.150813252       7.54066259E-02   3.77033129E-02  0.984960735    
  0.147260338       7.36301690E-02   3.68150845E-02  0.985666096    
  0.143722802       7.18614012E-02   3.59307006E-02  0.986351192    
  0.140201628       7.01008141E-02   3.50504071E-02  0.987016141    
  0.136697799       6.83488995E-02   3.41744497E-02  0.987661004    
  0.133212283       6.66061416E-02   3.33030708E-02  0.988285899    
  0.129746065       6.48730323E-02   3.24365161E-02  0.988890946    
  0.126300111       6.31500557E-02   3.15750279E-02  0.989476323    
  0.122875422       6.14377111E-02   3.07188556E-02  0.990042090    
  0.119472973       5.97364865E-02   2.98682433E-02  0.990588546    
  0.116093747       5.80468737E-02   2.90234368E-02  0.991115749    
  0.112738743       5.63693717E-02   2.81846859E-02  0.991623938    
  0.109408952       5.47044761E-02   2.73522381E-02  0.992113352    
  0.106105380       5.30526899E-02   2.65263449E-02  0.992584229    
  0.102829032       5.14145158E-02   2.57072579E-02  0.993036687    
   9.95809212E-02   4.97904606E-02   2.48952303E-02  0.993471086    
   9.63620692E-02   4.81810346E-02   2.40905173E-02  0.993887603    
   9.31735113E-02   4.65867557E-02   2.32933778E-02  0.994286597    
   9.00162905E-02   4.50081453E-02   2.25040726E-02  0.994668245    
   8.68914574E-02   4.34457287E-02   2.17228644E-02  0.995032907    
   8.38000625E-02   4.19000313E-02   2.09500156E-02  0.995380878    
   8.07431862E-02   4.03715931E-02   2.01857965E-02  0.995712399    
   7.77219161E-02   3.88609581E-02   1.94304790E-02  0.996027887    
   7.47373402E-02   3.73686701E-02   1.86843351E-02  0.996327639    
   7.17905760E-02   3.58952880E-02   1.79476440E-02  0.996612012    
   6.88827485E-02   3.44413742E-02   1.72206871E-02  0.996881366    
   6.60149902E-02   3.30074951E-02   1.65037476E-02  0.997135937    
   6.31884634E-02   3.15942317E-02   1.57971159E-02  0.997376263    
   6.04043417E-02   3.02021708E-02   1.51010854E-02  0.997602642    
   5.76638132E-02   2.88319066E-02   1.44159533E-02  0.997815490    
   5.49680889E-02   2.74840444E-02   1.37420222E-02  0.998015165    
   5.23183942E-02   2.61591971E-02   1.30795985E-02  0.998202085    
   4.97159772E-02   2.48579886E-02   1.24289943E-02  0.998376608    
   4.71621044E-02   2.35810522E-02   1.17905261E-02  0.998539269    
   4.46580648E-02   2.23290324E-02   1.11645162E-02  0.998690367    
   4.22051698E-02   2.11025849E-02   1.05512924E-02  0.998830378    
   3.98047529E-02   1.99023765E-02   9.95118823E-03  0.998959661    
   3.74581739E-02   1.87290870E-02   9.36454348E-03  0.999078810    
   3.51668186E-02   1.75834093E-02   8.79170466E-03  0.999188066    
   3.29320915E-02   1.64660458E-02   8.23302288E-03  0.999288023    
   3.07554286E-02   1.53777143E-02   7.68885715E-03  0.999379039    
   2.86382921E-02   1.43191461E-02   7.15957303E-03  0.999461651    
   2.65821703E-02   1.32910851E-02   6.64554257E-03  0.999536157    
   2.45885849E-02   1.22942924E-02   6.14714622E-03  0.999603152    
   2.26590857E-02   1.13295428E-02   5.66477142E-03  0.999663055    
   2.07952522E-02   1.03976261E-02   5.19881304E-03  0.999716163    
   1.89986955E-02   9.49934777E-03   4.74967388E-03  0.999763131    
   1.72710605E-02   8.63553025E-03   4.31776512E-03  0.999804258    
   1.56140272E-02   7.80701358E-03   3.90350679E-03  0.999839962    
   1.40293073E-02   7.01465365E-03   3.50732682E-03  0.999870837    
   1.25186499E-02   6.25932496E-03   3.12966248E-03  0.999897182    
   1.10838404E-02   5.54192020E-03   2.77096010E-03  0.999919355    
   9.72670130E-03   4.86335065E-03   2.43167533E-03  0.999937892    
   8.44909437E-03   4.22454719E-03   2.11227359E-03  0.999953151    
   7.25292042E-03   3.62646021E-03   1.81323010E-03  0.999965429    
   6.14012172E-03   3.07006086E-03   1.53503043E-03  0.999975204    
   5.11268154E-03   2.55634077E-03   1.27817038E-03  0.999982834    
   4.17262642E-03   2.08631321E-03   1.04315660E-03  0.999988556    
   3.32202646E-03   1.66101323E-03   8.30506615E-04  0.999992728    
   2.56299716E-03   1.28149858E-03   6.40749291E-04  0.999995649    
   1.89769990E-03   9.48849949E-04   4.74424975E-04  0.999997616    
   1.32834329E-03   6.64171646E-04   3.32085823E-04  0.999998808    
   8.57184641E-04   4.28592321E-04   2.14296160E-04  0.999999523    
   4.86530713E-04   2.43265356E-04   1.21632678E-04  0.999999821    
   2.18739151E-04   1.09369576E-04   5.46847878E-05  0.999999940    
   5.62196801E-05   2.81098401E-05   1.40549200E-05   1.00000000    
   1.43523721E-06   7.17618605E-07   3.58809302E-07   1.00000000    
