  -2.34435105      -1.17217553     -0.586087763    
  -2.28926563      -1.14463282     -0.572316408    
  -2.23534369      -1.11767185     -0.558835924    
  -2.18256211      -1.09128106     -0.545640528    
  -2.13089824      -1.06544912     -0.532724559    
  -2.08032990      -1.04016495     -0.520082474    
  -2.03083539      -1.01541770     -0.507708848    
  -1.98239315     -0.991196573     -0.495598286    
  -1.93498242     -0.967491210     -0.483745605    
  -1.88858259     -0.944291294     -0.472145647    
  -1.84317338     -0.921586692     -0.460793346    
  -1.79873514     -0.899367571     -0.449683785    
  -1.75524843     -0.877624214     -0.438812107    
  -1.71269417     -0.856347084     -0.428173542    
  -1.67105365     -0.835526824     -0.417763412    
  -1.63030851     -0.815154254     -0.407577127    
  -1.59044087     -0.795220435     -0.397610217    
  -1.55143297     -0.775716484     -0.387858242    
  -1.51326752     -0.756633759     -0.378316879    
  -1.47592747     -0.737963736     -0.368981868    
  -1.43939626     -0.719698131     -0.359849066    
  -1.40365744     -0.701828718     -0.350914359    
  -1.36869502     -0.684347510     -0.342173755    
  -1.33449328     -0.667246640     -0.333623320    
  -1.30103672     -0.650518358     -0.325259179    
  -1.26831019     -0.634155095     -0.317077547    
  -1.23629880     -0.618149400     -0.309074700    
  -1.20498800     -0.602494001     -0.301247001    
  -1.17436349     -0.587181747     -0.293590873    
  -1.14441109     -0.572205544     -0.286102772    
  -1.11511719     -0.557558596     -0.278779298    
  -1.08646822     -0.543234110     -0.271617055    
  -1.05845082     -0.529225409     -0.264612705    
  -1.03105211     -0.515526056     -0.257763028    
  -1.00425923     -0.502129614     -0.251064807    
 -0.978059709     -0.489029855     -0.244514927    
 -0.952441275     -0.476220638     -0.238110319    
 -0.927391827     -0.463695914     -0.231847957    
 -0.902899504     -0.451449752     -0.225724876    
 -0.878952742     -0.439476371     -0.219738185    
 -0.855540156     -0.427770078     -0.213885039    
 -0.832650542     -0.416325271     -0.208162636    
 -0.810272932     -0.405136466     -0.202568233    
 -0.788396597     -0.394198298     -0.197099149    
 -0.767010927     -0.383505464     -0.191752732    
 -0.746105611     -0.373052806     -0.186526403    
 -0.725670457     -0.362835228     -0.181417614    
 -0.705695450     -0.352847725     -0.176423863    
 -0.686170876     -0.343085438     -0.171542719    
 -0.667087078     -0.333543539     -0.166771770    
 -0.648434639     -0.324217319     -0.162108660    
 -0.630204260     -0.315102130     -0.157551065    
 -0.612386882     -0.306193441     -0.153096721    
 -0.594973624     -0.297486812     -0.148743406    
 -0.577955723     -0.288977861     -0.144488931    
 -0.561324596     -0.280662298     -0.140331149    
 -0.545071840     -0.272535920     -0.136267960    
 -0.529189110     -0.264594555     -0.132297277    
 -0.513668358     -0.256834179     -0.128417090    
 -0.498501599     -0.249250799     -0.124625400    
 -0.483680993     -0.241840497     -0.120920248    
 -0.469198883     -0.234599441     -0.117299721    
 -0.455047697     -0.227523848     -0.113761924    
 -0.441220045     -0.220610023     -0.110305011    
 -0.427708685     -0.213854343     -0.106927171    
 -0.414506465     -0.207253233     -0.103626616    
 -0.401606381     -0.200803190     -0.100401595    
 -0.389001548     -0.194500774      -9.72503871E-02
 -0.376685202     -0.188342601      -9.41713005E-02
 -0.364650726     -0.182325363      -9.11626816E-02
 -0.352891564     -0.176445782      -8.82228911E-02
 -0.341401368     -0.170700684      -8.53503421E-02
 -0.330173820     -0.165086910      -8.25434551E-02
 -0.319202751     -0.159601375      -7.98006877E-02
 -0.308482081     -0.154241040      -7.71205202E-02
 -0.298005879     -0.149002939      -7.45014697E-02
 -0.287768275     -0.143884137      -7.19420686E-02
 -0.277763486     -0.138881743      -6.94408715E-02
 -0.267985880     -0.133992940      -6.69964701E-02
 -0.258429915     -0.129214957      -6.46074787E-02
 -0.249090105     -0.124545053      -6.22725263E-02
 -0.239961088     -0.119980544      -5.99902719E-02
 -0.231037587     -0.115518793      -5.77593967E-02
 -0.222314402     -0.111157201      -5.55786006E-02
 -0.213786438     -0.106893219      -5.34466095E-02
 -0.205448657     -0.102724329      -5.13621643E-02
 -0.197296143      -9.86480713E-02  -4.93240356E-02
 -0.189324021      -9.46620107E-02  -4.73310053E-02
 -0.181527525      -9.07637626E-02  -4.53818813E-02
 -0.173901945      -8.69509727E-02  -4.34754863E-02
 -0.166442662      -8.32213312E-02  -4.16106656E-02
 -0.159145117      -7.95725584E-02  -3.97862792E-02
 -0.152004838      -7.60024190E-02  -3.80012095E-02
 -0.145017400      -7.25087002E-02  -3.62543501E-02
 -0.138178468      -6.90892339E-02  -3.45446169E-02
 -0.131483749      -6.57418743E-02  -3.28709371E-02
 -0.124929041      -6.24645203E-02  -3.12322602E-02
 -0.118510187      -5.92550933E-02  -2.96275467E-02
 -0.112223096      -5.61115481E-02  -2.80557740E-02
 -0.106063731      -5.30318655E-02  -2.65159328E-02
 -0.100028120      -5.00140600E-02  -2.50070300E-02
  -9.41123441E-02  -4.70561720E-02  -2.35280860E-02
  -8.83125365E-02  -4.41562682E-02  -2.20781341E-02
  -8.26248825E-02  -4.13124412E-02  -2.06562206E-02
  -7.70456269E-02  -3.85228135E-02  -1.92614067E-02
  -7.15710521E-02  -3.57855260E-02  -1.78927630E-02
  -6.61974996E-02  -3.30987498E-02  -1.65493749E-02
  -6.09213486E-02  -3.04606743E-02  -1.52303372E-02
  -5.57390265E-02  -2.78695133E-02  -1.39347566E-02
  -5.06470054E-02  -2.53235027E-02  -1.26617514E-02
  -4.56418023E-02  -2.28209011E-02  -1.14104506E-02
  -4.07199673E-02  -2.03599837E-02  -1.01799918E-02
  -3.58780958E-02  -1.79390479E-02  -8.96952394E-03
  -3.11128180E-02  -1.55564090E-02  -7.77820451E-03
  -2.64208037E-02  -1.32104019E-02  -6.60520094E-03
  -2.17987541E-02  -1.08993771E-02  -5.44968853E-03
  -1.72434095E-02  -8.62170476E-03  -4.31085238E-03
  -1.27515364E-02  -6.37576822E-03  -3.18788411E-03
  -8.31993669E-03  -4.15996835E-03  -2.07998417E-03
  -3.94543773E-03  -1.97271886E-03  -9.86359431E-04
   3.75101343E-04   1.87550671E-04   9.37753357E-05
   4.64479439E-03   2.32239719E-03   1.16119860E-03
   8.86673108E-03   4.43336554E-03   2.21668277E-03
   1.30439755E-02   6.52198773E-03   3.26099386E-03
   1.71795692E-02   8.58978461E-03   4.29489231E-03
   2.12765317E-02   1.06382659E-02   5.31913294E-03
   2.53378619E-02   1.26689309E-02   6.33446546E-03
   2.93665379E-02   1.46832690E-02   7.34163448E-03
   3.33655216E-02   1.66827608E-02   8.34138039E-03
   3.73377576E-02   1.86688788E-02   9.33443941E-03
   4.12861705E-02   2.06430852E-02   1.03215426E-02
   4.52136770E-02   2.26068385E-02   1.13034192E-02
   4.91231792E-02   2.45615896E-02   1.22807948E-02
   5.30175678E-02   2.65087839E-02   1.32543920E-02
   5.68997189E-02   2.84498595E-02   1.42249297E-02
   6.07724972E-02   3.03862486E-02   1.51931243E-02
   6.46387637E-02   3.23193818E-02   1.61596909E-02
   6.85013756E-02   3.42506878E-02   1.71253439E-02
   7.23631755E-02   3.61815877E-02   1.80907939E-02
   7.62270093E-02   3.81135046E-02   1.90567523E-02
   8.00957158E-02   4.00478579E-02   2.00239290E-02
   8.39721262E-02   4.19860631E-02   2.09930316E-02
   8.78590792E-02   4.39295396E-02   2.19647698E-02
   9.17594060E-02   4.58797030E-02   2.29398515E-02
   9.56759453E-02   4.78379726E-02   2.39189863E-02
   9.96115357E-02   4.98057678E-02   2.49028839E-02
  0.103569016       5.17845079E-02   2.58922540E-02
  0.107551239       5.37756197E-02   2.68878099E-02
  0.111561053       5.57805263E-02   2.78902631E-02
  0.115601316       5.78006580E-02   2.89003290E-02
  0.119674891       5.98374456E-02   2.99187228E-02
  0.123784661       6.18923306E-02   3.09461653E-02
  0.127933517       6.39667585E-02   3.19833793E-02
  0.132124349       6.60621747E-02   3.30310874E-02
  0.136360079       6.81800395E-02   3.40900198E-02
  0.140643626       7.03218132E-02   3.51609066E-02
  0.144977942       7.24889711E-02   3.62444855E-02
  0.149365991       7.46829957E-02   3.73414978E-02
  0.153810740       7.69053698E-02   3.84526849E-02
  0.158315182       7.91575909E-02   3.95787954E-02
  0.162882328       8.14411640E-02   4.07205820E-02
  0.167515233       8.37576166E-02   4.18788083E-02
  0.172216952       8.61084759E-02   4.30542380E-02
  0.176990569       8.84952843E-02   4.42476422E-02
  0.181839183       9.09195915E-02   4.54597957E-02
  0.186765954       9.33829769E-02   4.66914885E-02
  0.191774026       9.58870128E-02   4.79435064E-02
  0.196866602       9.84333009E-02   4.92166504E-02
  0.202046901      0.101023450       5.05117252E-02
  0.207318187      0.103659093       5.18295467E-02
  0.212683752      0.106341876       5.31709380E-02
  0.218146920      0.109073460       5.45367301E-02
  0.223711044      0.111855522       5.59277609E-02
  0.229379520      0.114689760       5.73448800E-02
  0.235155791      0.117577896       5.87889478E-02
  0.241043329      0.120521665       6.02608323E-02
  0.247045651      0.123522826       6.17614128E-02
  0.253166318      0.126583159       6.32915795E-02
  0.259408921      0.129704461       6.48522303E-02
  0.265777111      0.132888556       6.64442778E-02
  0.272274613      0.136137307       6.80686533E-02
  0.278905123      0.139452562       6.97262809E-02
  0.285672486      0.142836243       7.14181215E-02
  0.292580515      0.146290258       7.31451288E-02
  0.299633116      0.149816558       7.49082789E-02
  0.306834251      0.153417125       7.67085627E-02
  0.314187914      0.157093957       7.85469785E-02
  0.321698159      0.160849079       8.04245397E-02
  0.329369128      0.164684564       8.23422819E-02
  0.337205023      0.168602511       8.43012556E-02
  0.345210075      0.172605038       8.63025188E-02
  0.353388608      0.176694304       8.83471519E-02
  0.361745000      0.180872500       9.04362500E-02
  0.370283693      0.185141847       9.25709233E-02
  0.379009187      0.189504594       9.47522968E-02
  0.387926072      0.193963036       9.69815180E-02
  0.397039026      0.198519513       9.92597565E-02
  0.406352758      0.203176379      0.101588190    
  0.415872097      0.207936049      0.103968024    
  0.425601929      0.212800965      0.106400482    
  0.435547203      0.217773601      0.108886801    
