  -2.31670809      -1.15835404     -0.579177022    
  -2.26221085      -1.13110542     -0.565552711    
  -2.20885801      -1.10442901     -0.552214503    
  -2.15663910      -1.07831955     -0.539159775    
  -2.10552216      -1.05276108     -0.526380539    
  -2.05549669      -1.02774835     -0.513874173    
  -2.00652552      -1.00326276     -0.501631379    
  -1.95860338     -0.979301691     -0.489650846    
  -1.91169846     -0.955849230     -0.477924615    
  -1.86579490     -0.932897449     -0.466448724    
  -1.82087684     -0.910438418     -0.455219209    
  -1.77691245     -0.888456225     -0.444228113    
  -1.73389387     -0.866946936     -0.433473468    
  -1.69179964     -0.845899820     -0.422949910    
  -1.65060627     -0.825303137     -0.412651569    
  -1.61030293     -0.805151463     -0.402575731    
  -1.57086587     -0.785432935     -0.392716467    
  -1.53228176     -0.766140878     -0.383070439    
  -1.49452949     -0.747264743     -0.373632371    
  -1.45759583     -0.728797913     -0.364398956    
  -1.42146218     -0.710731089     -0.355365545    
  -1.38611269     -0.693056345     -0.346528172    
  -1.35153139     -0.675765693     -0.337882847    
  -1.31770241     -0.658851206     -0.329425603    
  -1.28461254     -0.642306268     -0.321153134    
  -1.25224590     -0.626122952     -0.313061476    
  -1.22058654     -0.610293269     -0.305146635    
  -1.18961859     -0.594809294     -0.297404647    
  -1.15933156     -0.579665780     -0.289832890    
  -1.12970936     -0.564854681     -0.282427341    
  -1.10073888     -0.550369442     -0.275184721    
  -1.07240808     -0.536204040     -0.268102020    
  -1.04469991     -0.522349954     -0.261174977    
  -1.01760626     -0.508803129     -0.254401565    
 -0.991110086     -0.495555043     -0.247777522    
 -0.965203166     -0.482601583     -0.241300792    
 -0.939869881     -0.469934940     -0.234967470    
 -0.915099442     -0.457549721     -0.228774861    
 -0.890881419     -0.445440710     -0.222720355    
 -0.867202520     -0.433601260     -0.216800630    
 -0.844052076     -0.422026038     -0.211013019    
 -0.821419537     -0.410709769     -0.205354884    
 -0.799293637     -0.399646819     -0.199823409    
 -0.777663112     -0.388831556     -0.194415778    
 -0.756518662     -0.378259331     -0.189129665    
 -0.735849142     -0.367924571     -0.183962286    
 -0.715645134     -0.357822567     -0.178911284    
 -0.695896149     -0.347948074     -0.173974037    
 -0.676592529     -0.338296264     -0.169148132    
 -0.657725334     -0.328862667     -0.164431334    
 -0.639284670     -0.319642335     -0.159821168    
 -0.621261537     -0.310630769     -0.155315384    
 -0.603646994     -0.301823497     -0.150911748    
 -0.586432219     -0.293216109     -0.146608055    
 -0.569608331     -0.284804165     -0.142402083    
 -0.553167105     -0.276583552     -0.138291776    
 -0.537100077     -0.268550038     -0.134275019    
 -0.521398902     -0.260699451     -0.130349725    
 -0.506055832     -0.253027916     -0.126513958    
 -0.491062969     -0.245531484     -0.122765742    
 -0.476411968     -0.238205984     -0.119102992    
 -0.462095946     -0.231047973     -0.115523987    
 -0.448107392     -0.224053696     -0.112026848    
 -0.434438378     -0.217219189     -0.108609594    
 -0.421082318     -0.210541159     -0.105270579    
 -0.408031553     -0.204015777     -0.102007888    
 -0.395279467     -0.197639734      -9.88198668E-02
 -0.382819444     -0.191409722      -9.57048610E-02
 -0.370644867     -0.185322434      -9.26612169E-02
 -0.358748436     -0.179374218      -8.96871090E-02
 -0.347124219     -0.173562109      -8.67810547E-02
 -0.335766196     -0.167883098      -8.39415491E-02
 -0.324667156     -0.162333578      -8.11667889E-02
 -0.313821763     -0.156910881      -7.84554407E-02
 -0.303224057     -0.151612028      -7.58060142E-02
 -0.292867422     -0.146433711      -7.32168555E-02
 -0.282746553     -0.141373277      -7.06866384E-02
 -0.272856146     -0.136428073      -6.82140365E-02
 -0.263189614     -0.131594807      -6.57974035E-02
 -0.253742278     -0.126871139      -6.34355694E-02
 -0.244508192     -0.122254096      -6.11270480E-02
 -0.235482723     -0.117741361      -5.88706806E-02
 -0.226659238     -0.113329619      -5.66648096E-02
 -0.218034446     -0.109017223      -5.45086116E-02
 -0.209602386     -0.104801193      -5.24005964E-02
 -0.201357737     -0.100678869      -5.03394343E-02
 -0.193295211      -9.66476053E-02  -4.83238026E-02
 -0.185411513      -9.27057564E-02  -4.63528782E-02
 -0.177701309      -8.88506547E-02  -4.44253273E-02
 -0.170158014      -8.50790069E-02  -4.25395034E-02
 -0.162780285      -8.13901424E-02  -4.06950712E-02
 -0.155561507      -7.77807534E-02  -3.88903767E-02
 -0.148499012      -7.42495060E-02  -3.71247530E-02
 -0.141586199      -7.07930997E-02  -3.53965499E-02
 -0.134819090      -6.74095452E-02  -3.37047726E-02
 -0.128195018      -6.40975088E-02  -3.20487544E-02
 -0.121708713      -6.08543567E-02  -3.04271784E-02
 -0.115356177      -5.76780885E-02  -2.88390443E-02
 -0.109133452      -5.45667261E-02  -2.72833630E-02
 -0.103035241      -5.15176207E-02  -2.57588103E-02
  -9.70602036E-02  -4.85301018E-02  -2.42650509E-02
  -9.12030563E-02  -4.56015281E-02  -2.28007641E-02
  -8.54598135E-02  -4.27299067E-02  -2.13649534E-02
  -7.98265114E-02  -3.99132557E-02  -1.99566279E-02
  -7.42991790E-02  -3.71495895E-02  -1.85747948E-02
  -6.88764751E-02  -3.44382375E-02  -1.72191188E-02
  -6.35517985E-02  -3.17758992E-02  -1.58879496E-02
  -5.83224818E-02  -2.91612409E-02  -1.45806205E-02
  -5.31858876E-02  -2.65929438E-02  -1.32964719E-02
  -4.81367111E-02  -2.40683556E-02  -1.20341778E-02
  -4.31736298E-02  -2.15868149E-02  -1.07934074E-02
  -3.82926725E-02  -1.91463362E-02  -9.57316812E-03
  -3.34898643E-02  -1.67449322E-02  -8.37246608E-03
  -2.87612285E-02  -1.43806143E-02  -7.19030714E-03
  -2.41041183E-02  -1.20520592E-02  -6.02602959E-03
  -1.95158850E-02  -9.75794252E-03  -4.87897126E-03
  -1.49925547E-02  -7.49627734E-03  -3.74813867E-03
  -1.05314786E-02  -5.26573928E-03  -2.63286964E-03
  -6.12868182E-03  -3.06434091E-03  -1.53217046E-03
  -1.78019202E-03  -8.90096009E-04  -4.45048005E-04
   2.51399144E-03   1.25699572E-03   6.28497859E-04
   6.75916672E-03   3.37958336E-03   1.68979168E-03
   1.09593077E-02   5.47965383E-03   2.73982692E-03
   1.51157379E-02   7.55786896E-03   3.77893448E-03
   1.92311071E-02   9.61555354E-03   4.80777677E-03
   2.33093891E-02   1.16546946E-02   5.82734728E-03
   2.73545589E-02   1.36772795E-02   6.83863973E-03
   3.13679390E-02   1.56839695E-02   7.84198474E-03
   3.53535004E-02   1.76767502E-02   8.83837510E-03
   3.93138975E-02   1.96569487E-02   9.82847437E-03
   4.32517789E-02   2.16258895E-02   1.08129447E-02
   4.71697897E-02   2.35848948E-02   1.17924474E-02
   5.10719083E-02   2.55359542E-02   1.27679771E-02
   5.49594574E-02   2.74797287E-02   1.37398643E-02
   5.88364080E-02   2.94182040E-02   1.47091020E-02
   6.27054125E-02   3.13527063E-02   1.56763531E-02
   6.65704384E-02   3.32852192E-02   1.66426096E-02
   7.04328194E-02   3.52164097E-02   1.76082049E-02
   7.42952004E-02   3.71476002E-02   1.85738001E-02
   7.81602338E-02   3.90801169E-02   1.95400584E-02
   8.20332095E-02   4.10166048E-02   2.05083024E-02
   8.59141350E-02   4.29570675E-02   2.14785337E-02
   8.98083076E-02   4.49041538E-02   2.24520769E-02
   9.37157199E-02   4.68578599E-02   2.34289300E-02
   9.76416767E-02   4.88208383E-02   2.44104192E-02
  0.101588830       5.07944152E-02   2.53972076E-02
  0.105558500       5.27792498E-02   2.63896249E-02
  0.109553337       5.47766685E-02   2.73883343E-02
  0.113578640       5.67893200E-02   2.83946600E-02
  0.117635727       5.88178635E-02   2.94089317E-02
  0.121727258       6.08636290E-02   3.04318145E-02
  0.125855863       6.29279315E-02   3.14639658E-02
  0.130025551       6.50127754E-02   3.25063877E-02
  0.134238929       6.71194643E-02   3.35597321E-02
  0.138497353       6.92486763E-02   3.46243382E-02
  0.142806113       7.14030564E-02   3.57015282E-02
  0.147167847       7.35839233E-02   3.67919616E-02
  0.151583880       7.57919401E-02   3.78959700E-02
  0.156058207       7.80291036E-02   3.90145518E-02
  0.160593450       8.02967250E-02   4.01483625E-02
  0.165192947       8.25964734E-02   4.12982367E-02
  0.169859990       8.49299952E-02   4.24649976E-02
  0.174597904       8.72989520E-02   4.36494760E-02
  0.179408655       8.97043273E-02   4.48521636E-02
  0.184295580       9.21477899E-02   4.60738949E-02
  0.189263284       9.46316421E-02   4.73158211E-02
  0.194313124       9.71565619E-02   4.85782810E-02
  0.199449062       9.97245312E-02   4.98622656E-02
  0.204675063      0.102337532       5.11687659E-02
  0.209993124      0.104996562       5.24982810E-02
  0.215407208      0.107703604       5.38518019E-02
  0.220920637      0.110460319       5.52301593E-02
  0.226536721      0.113268360       5.66341802E-02
  0.232258767      0.116129383       5.80646917E-02
  0.238090098      0.119045049       5.95225245E-02
  0.244034663      0.122017331       6.10086657E-02
  0.250095785      0.125047892       6.25239462E-02
  0.256277442      0.128138721       6.40693605E-02
  0.262582302      0.131291151       6.56455755E-02
  0.269014955      0.134507477       6.72537386E-02
  0.275578767      0.137789384       6.88946918E-02
  0.282276988      0.141138494       7.05692470E-02
  0.289114326      0.144557163       7.22785816E-02
  0.296094686      0.148047343       7.40236714E-02
  0.303221077      0.151610538       7.58052692E-02
  0.310498118      0.155249059       7.76245296E-02
  0.317929864      0.158964932       7.94824660E-02
  0.325520158      0.162760079       8.13800395E-02
  0.333273083      0.166636541       8.33182707E-02
  0.341193199      0.170596600       8.52982998E-02
  0.349284530      0.174642265       8.73211324E-02
  0.357551694      0.178775847       8.93879235E-02
  0.365999013      0.182999507       9.14997533E-02
  0.374630779      0.187315390       9.36576948E-02
  0.383451581      0.191725791       9.58628953E-02
  0.392465949      0.196232975       9.81164873E-02
  0.401679009      0.200839505      0.100419752    
  0.411095053      0.205547526      0.102773763    
  0.420719266      0.210359633      0.105179816    
  0.430556417      0.215278208      0.107639104    
