   0.00000000       0.00000000       0.00000000    
   8.99026170E-03   1.72235537E-02   3.48350741E-02
   1.82534903E-02   3.35709080E-02   6.86817542E-02
   2.77389809E-02   4.90717143E-02  0.101576723    
   3.74001190E-02   6.37556985E-02  0.133551389    
   4.71939594E-02   7.76525140E-02  0.164632589    
   5.70808984E-02   9.07917395E-02  0.194843456    
   6.70243278E-02  0.103202663      0.224203736    
   7.69904703E-02  0.114914402      0.252730668    
   8.69481042E-02  0.125955656      0.280439049    
   9.68683958E-02  0.136354744      0.307341933    
  0.106724769      0.146139547      0.333450675    
  0.116492800      0.155337468      0.358775645    
  0.126149982      0.163975313      0.383325905    
  0.135675788      0.172079384      0.407110095    
  0.145051390      0.179675251      0.430135936    
  0.154259756      0.186787948      0.452410966    
  0.163285390      0.193441793      0.473942429    
  0.172114357      0.199660346      0.494737327    
  0.180734187      0.205466494      0.514802694    
  0.189133748      0.210882351      0.534145474    
  0.197303295      0.215929195      0.552772760    
  0.205234185      0.220627636      0.570691705    
  0.212919101      0.224997416      0.587909818    
  0.220351711      0.229057550      0.604434788    
  0.227526709      0.232826158      0.620274246    
  0.234439820      0.236320615      0.635436475    
  0.241087601      0.239557445      0.649929762    
  0.247467548      0.242552564      0.663762927    
  0.253577799      0.245320812      0.676944554    
  0.259417385      0.247876495      0.689484179    
  0.264985859      0.250233024      0.701390862    
  0.270283490      0.252403200      0.712674558    
  0.275311023      0.254398882      0.723344922    
  0.280069917      0.256231457      0.733412147    
  0.284561902      0.257911533      0.742886603    
  0.288789183      0.259448856      0.751778483    
  0.292754412      0.260852873      0.760098696    
  0.296460629      0.262132108      0.767857850    
  0.299911141      0.263294667      0.775067031    
  0.303109467      0.264347911      0.781737030    
  0.306059539      0.265298843      0.787879050    
  0.308765471      0.266153842      0.793504298    
  0.311231464      0.266918719      0.798623860    
  0.313462049      0.267598897      0.803249240    
  0.315461814      0.268199325      0.807391703    
  0.317235559      0.268724471      0.811062455    
  0.318788052      0.269178420      0.814272761    
  0.320124328      0.269564897      0.817034006    
  0.321249336      0.269887209      0.819357395    
  0.322168171      0.270148426      0.821254134    
  0.322886080      0.270351231      0.822735429    
  0.323408157      0.270498008      0.823812485    
  0.323739588      0.270590931      0.824496090    
  0.323885649      0.270631760      0.824797153    
  0.323851496      0.270622224      0.824726760    
  0.323642284      0.270563632      0.824295282    
  0.323263288      0.270457387      0.823513627    
  0.322719693      0.270304352      0.822392225    
  0.322016627      0.270105451      0.820941329    
  0.321159095      0.269861460      0.819171190    
  0.320152313      0.269572914      0.817091823    
  0.319001228      0.269240290      0.814713418    
  0.317710817      0.268864006      0.812045455    
  0.316286027      0.268444180      0.809097767    
  0.314731717      0.267981172      0.805879712    
  0.313052654      0.267474949      0.802400768    
  0.311253667      0.266925544      0.798669994    
  0.309339345      0.266333073      0.794696271    
  0.307314366      0.265697390      0.790488660    
  0.305183291      0.265018463      0.786055684    
  0.302950531      0.264296114      0.781405807    
  0.300620496      0.263530254      0.776547372    
  0.298197567      0.262720734      0.771488607    
  0.295685947      0.261867315      0.766237438    
  0.293089837      0.260969937      0.760801554    
  0.290413350      0.260028362      0.755188823    
  0.287660480      0.259042472      0.749406576    
  0.284835190      0.258012176      0.743462086    
  0.281941295      0.256937206      0.737362444    
  0.278982639      0.255817592      0.731114745    
  0.275962919      0.254653186      0.724725723    
  0.272885740      0.253443837      0.718201995    
  0.269754648      0.252189666      0.711549997    
  0.266573101      0.250890553      0.704776108    
  0.263344526      0.249546528      0.697886348    
  0.260072172      0.248157650      0.690886796    
  0.256759316      0.246723980      0.683783233    
  0.253409088      0.245245665      0.676581442    
  0.250024527      0.243722826      0.669286847    
  0.246608689      0.242155612      0.661904931    
  0.243164420      0.240544289      0.654440761    
  0.239694551      0.238889083      0.646899581    
  0.236201897      0.237190261      0.639286220    
  0.232689098      0.235448137      0.631605625    
  0.229158789      0.233663097      0.623862386    
  0.225613505      0.231835529      0.616061091    
  0.222055644      0.229965806      0.608206153    
  0.218487650      0.228054419      0.600301802    
  0.214911819      0.226101801      0.592352271    
  0.211330399      0.224108562      0.584361553    
  0.207745522      0.222075164      0.576333642    
  0.204159319      0.220002219      0.568272233    
  0.200573832      0.217890352      0.560181201    
  0.196991056      0.215740204      0.552064002    
  0.193412811      0.213552445      0.543924212    
  0.189841017      0.211327732      0.535765171    
  0.186277419      0.209066868      0.527590156    
  0.182723701      0.206770539      0.519402444    
  0.179181546      0.204439551      0.511205077    
  0.175652564      0.202074707      0.503001034    
  0.172138214      0.199676782      0.494793236    
  0.168640032      0.197246701      0.486584574    
  0.165159389      0.194785297      0.478377730    
  0.161697716      0.192293450      0.470175505    
  0.158256233      0.189772114      0.461980402    
  0.154836267      0.187222198      0.453794956    
  0.151438981      0.184644684      0.445621669    
  0.148065537      0.182040483      0.437462896    
  0.144717067      0.179410636      0.429321021    
  0.141394585      0.176756129      0.421198189    
  0.138099134      0.174078017      0.413096786    
  0.134831682      0.171377316      0.405018866    
  0.131593123      0.168655083      0.396966547    
  0.128384352      0.165912360      0.388941795    
  0.125206217      0.163150296      0.380946755    
  0.122059494      0.160369977      0.372983336    
  0.118944958      0.157572523      0.365053535    
  0.115863316      0.154759020      0.357159048    
  0.112815268      0.151930675      0.349301964    
  0.109801464      0.149088606      0.341483891    
  0.106822498      0.146233961      0.333706647    
  0.103878945      0.143367961      0.325972080    
  0.100971401      0.140491813      0.318281889    
   9.81003121E-02  0.137606680      0.310637653    
   9.52662304E-02  0.134713814      0.303041220    
   9.24695730E-02  0.131814405      0.295494139    
   8.97107795E-02  0.128909752      0.287998170    
   8.69902670E-02  0.126001090      0.280554831    
   8.43083784E-02  0.123089649      0.273165792    
   8.16655084E-02  0.120176755      0.265832633    
   7.90619329E-02  0.117263675      0.258557022    
   7.64980093E-02  0.114351712      0.251340508    
   7.39739835E-02  0.111442193      0.244184703    
   7.14901239E-02  0.108536430      0.237091199    
   6.90466687E-02  0.105635777      0.230061620    
   6.66438565E-02  0.102741584      0.223097578    
   6.42818734E-02   9.98552144E-02  0.216200620    
   6.19608946E-02   9.69780385E-02  0.209372416    
   5.96811138E-02   9.41114500E-02  0.202614576    
   5.74426539E-02   9.12568495E-02  0.195928738    
   5.52456751E-02   8.84156749E-02  0.189316601    
   5.30902892E-02   8.55893344E-02  0.182779819    
   5.09766117E-02   8.27793106E-02  0.176320061    
   4.89047319E-02   7.99870193E-02  0.169939071    
   4.68747392E-02   7.72139654E-02  0.163638562    
   4.48867008E-02   7.44616389E-02  0.157420337    
   4.29406948E-02   7.17315376E-02  0.151286170    
   4.10367697E-02   6.90252110E-02  0.145237893    
   3.91749740E-02   6.63441718E-02  0.139277339    
   3.73553447E-02   6.36899769E-02  0.133406386    
   3.55779193E-02   6.10642247E-02  0.127626956    
   3.38427313E-02   5.84684983E-02  0.121941075    
   3.21497917E-02   5.59044071E-02  0.116350666    
   3.04991379E-02   5.33735789E-02  0.110857815    
   2.88907792E-02   5.08776680E-02  0.105464585    
   2.73247305E-02   4.84183468E-02  0.100173116    
   2.58010197E-02   4.59972993E-02   9.49855670E-02
   2.43196562E-02   4.36162353E-02   8.99041966E-02
   2.28806622E-02   4.12768871E-02   8.49312544E-02
   2.14840621E-02   3.89810055E-02   8.00690725E-02
   2.01298837E-02   3.67303677E-02   7.53200650E-02
   1.88181624E-02   3.45267691E-02   7.06866533E-02
   1.75489411E-02   3.23720388E-02   6.61713406E-02
   1.63222626E-02   3.02680042E-02   6.17767014E-02
   1.51381930E-02   2.82165427E-02   5.75053543E-02
   1.39967985E-02   2.62195375E-02   5.33599816E-02
   1.28981713E-02   2.42789127E-02   4.93433625E-02
   1.18424073E-02   2.23966055E-02   4.54583131E-02
   1.08296210E-02   2.05745790E-02   4.17077281E-02
   9.85995401E-03   1.88148301E-02   3.80945839E-02
   8.93355720E-03   1.71193723E-02   3.46219204E-02
   8.05061404E-03   1.54902488E-02   3.12928669E-02
   7.21133128E-03   1.39295347E-02   2.81106252E-02
   6.41593803E-03   1.24393245E-02   2.50784736E-02
   5.66469925E-03   1.10217445E-02   2.21997779E-02
   4.95791016E-03   9.67894308E-03   1.94779895E-02
   4.29590186E-03   8.41310434E-03   1.69166494E-02
   3.67904431E-03   7.22643035E-03   1.45193795E-02
   3.10774893E-03   6.12115720E-03   1.22899041E-02
   2.58247275E-03   5.09954616E-03   1.02320351E-02
   2.10372009E-03   4.16388502E-03   8.34967941E-03
   1.67204696E-03   3.31649045E-03   6.64684922E-03
   1.28806662E-03   2.55970424E-03   5.12765348E-03
   9.52450791E-04   1.89589593E-03   3.79630714E-03
   6.65935979E-04   1.32745982E-03   2.65712989E-03
   4.29327047E-04   8.56816943E-04   1.71455368E-03
   2.43502058E-04   4.86412289E-04   9.73120739E-04
   1.09417422E-04   2.18715213E-04   4.37490264E-04
   2.81130015E-05   5.62181012E-05   1.12440153E-04
   7.17620651E-07   1.43523619E-06   2.87047487E-06
