   0.00000000       0.00000000       0.00000000    
   3.03397910E-03   5.78749320E-03   1.17613031E-02
   6.23749057E-03   1.13678994E-02   2.34840252E-02
   9.59887728E-03   1.67399291E-02   3.51691544E-02
   1.31068146E-02   2.19026916E-02   4.68174070E-02
   1.67503115E-02   2.68556774E-02   5.84292375E-02
   2.05203630E-02   3.15978713E-02   7.00048879E-02
   2.44049244E-02   3.61302607E-02   8.15442875E-02
   2.83939578E-02   4.04533446E-02   9.30472240E-02
   3.24777216E-02   4.45678830E-02  0.104513295    
   3.66480872E-02   4.84740548E-02  0.115942001    
   4.08958271E-02   5.21731786E-02  0.127332658    
   4.52108271E-02   5.56676649E-02  0.138684362    
   4.95845303E-02   5.89593239E-02  0.149996236    
   5.40086590E-02   6.20501749E-02  0.161267221    
   5.84752224E-02   6.49424344E-02  0.172496229    
   6.29765019E-02   6.76384643E-02  0.183682144    
   6.75050616E-02   7.01408684E-02  0.194823742    
   7.20537379E-02   7.24523813E-02  0.205919772    
   7.66163692E-02   7.45749921E-02  0.216969013    
   8.11858922E-02   7.65121579E-02  0.227970198    
   8.57562423E-02   7.82665759E-02  0.238922030    
   9.03209373E-02   7.98419043E-02  0.249823257    
   9.48738083E-02   8.12419131E-02  0.260672599    
   9.94095132E-02   8.24696347E-02  0.271468967    
  0.103922404       8.35289806E-02  0.282211006    
  0.108407564       8.44231471E-02  0.292897671    
  0.112859897       8.51561874E-02  0.303527862    
  0.117274933       8.57314169E-02  0.314100415    
  0.121648058       8.61529633E-02  0.324614465    
  0.125975192       8.64242762E-02  0.335068941    
  0.130252242       8.65494981E-02  0.345463037    
  0.134475499       8.65321457E-02  0.355795890    
  0.138641313       8.63764361E-02  0.366066784    
  0.142746493       8.60855654E-02  0.376274884    
  0.146787688       8.56640562E-02  0.386419654    
  0.150762036       8.51151794E-02  0.396500528    
  0.154666707       8.44427869E-02  0.406516910    
  0.158499077       8.36510286E-02  0.416468471    
  0.162256688       8.27440619E-02  0.426354855    
  0.165937275       8.17251280E-02  0.436175704    
  0.169538751       8.05980116E-02  0.445930749    
  0.173059180       7.93667808E-02  0.455619901    
  0.176496729       7.80353919E-02  0.465243131    
  0.179849863       7.66075104E-02  0.474800348    
  0.183117002       7.50868246E-02  0.484291613    
  0.186296850       7.34766796E-02  0.493716925    
  0.189388171       7.17808828E-02  0.503076553    
  0.192389905       7.00029284E-02  0.512370527    
  0.195301086       6.81463033E-02  0.521599233    
  0.198120773       6.62139803E-02  0.530762851    
  0.200848237       6.42095655E-02  0.539861619    
  0.203482926       6.21365421E-02  0.548896134    
  0.206024334       5.99981621E-02  0.557866752    
  0.208471835       5.77972643E-02  0.566773772    
  0.210825190       5.55371791E-02  0.575617850    
  0.213084176       5.32211438E-02  0.584399402    
  0.215248689       5.08521982E-02  0.593119144    
  0.217318445       4.84329797E-02  0.601777494    
  0.219293535       4.59665656E-02  0.610375106    
  0.221174061       4.34559323E-02  0.618912816    
  0.222960189       4.09038775E-02  0.627391100    
  0.224652097       3.83131132E-02  0.635810792    
  0.226249933       3.56861837E-02  0.644172490    
  0.227754071       3.30258124E-02  0.652476847    
  0.229164943       3.03345583E-02  0.660724878    
  0.230482906       2.76148841E-02  0.668917060    
  0.231708229       2.48690322E-02  0.677054226    
  0.232841626       2.20995955E-02  0.685137093    
  0.233883664       1.93088576E-02  0.693166554    
  0.234834895       1.64990760E-02  0.701143444    
  0.235695750       1.36723006E-02  0.709068298    
  0.236466870       1.08306659E-02  0.716941953    
  0.237148985       7.97628891E-03  0.724765241    
  0.237742841       5.11129200E-03  0.732538939    
  0.238249362       2.23772414E-03  0.740263999    
  0.238669232      -6.42478524E-04  0.747941077    
  0.239003330      -3.52745480E-03  0.755571008    
  0.239252433      -6.41535176E-03  0.763154626    
  0.239417195      -9.30452347E-03  0.770692527    
  0.239498451      -1.21932216E-02  0.778185427    
  0.239497080      -1.50797646E-02  0.785634279    
  0.239413992      -1.79624986E-02  0.793039620    
  0.239250153      -2.08397917E-02  0.800402403    
  0.239006639      -2.37100590E-02  0.807723343    
  0.238684282      -2.65717935E-02  0.815002978    
  0.238284126      -2.94235703E-02  0.822242260    
  0.237807050      -3.22639570E-02  0.829441845    
  0.237254038      -3.50915939E-02  0.836602330    
  0.236626044      -3.79051454E-02  0.843724430    
  0.235923842      -4.07033935E-02  0.850808740    
  0.235148504      -4.34850529E-02  0.857855916    
  0.234301120      -4.62488905E-02  0.864866674    
  0.233382672      -4.89937477E-02  0.871841550    
  0.232394144      -5.17184958E-02  0.878781199    
  0.231336534      -5.44220060E-02  0.885686159    
  0.230210811      -5.71032465E-02  0.892557144    
  0.229018003      -5.97611852E-02  0.899394453    
  0.227759108      -6.23948351E-02  0.906198859    
  0.226434916      -6.50032386E-02  0.912970662    
  0.225046545      -6.75854757E-02  0.919710517    
  0.223595053      -7.01406449E-02  0.926419020    
  0.222081482      -7.26678818E-02  0.933096468    
  0.220506772      -7.51663223E-02  0.939743400    
  0.218871921      -7.76352063E-02  0.946360350    
  0.217177957      -8.00737366E-02  0.952947676    
  0.215425849      -8.24811682E-02  0.959505796    
  0.213616416      -8.48567933E-02  0.966035128    
  0.211750761      -8.71998891E-02  0.972535968    
  0.209829882      -8.95098150E-02  0.979008794    
  0.207854807      -9.17859152E-02  0.985453963    
  0.205826476      -9.40275937E-02  0.991871834    
  0.203745842      -9.62342620E-02  0.998262703    
  0.201613918      -9.84053314E-02   1.00462687    
  0.199431688     -0.100540295       1.01096487    
  0.197199911     -0.102638580       1.01727664    
  0.194919527     -0.104699686       1.02356255    
  0.192591593     -0.106723160       1.02982295    
  0.190217122     -0.108708546       1.03605795    
  0.187797040     -0.110655427       1.04226804    
  0.185332239     -0.112563387       1.04845321    
  0.182823703     -0.114432022       1.05461383    
  0.180272326     -0.116260953       1.06075001    
  0.177679032     -0.118049860       1.06686211    
  0.175044596     -0.119798355       1.07295001    
  0.172370017     -0.121506110       1.07901406    
  0.169656217     -0.123172857       1.08505428    
  0.166904077     -0.124798343       1.09107089    
  0.164114490     -0.126382262       1.09706414    
  0.161288351     -0.127924398       1.10303414    
  0.158426523     -0.129424468       1.10898089    
  0.155529842     -0.130882293       1.11490452    
  0.152599111     -0.132297605       1.12080491    
  0.149635136     -0.133670256       1.12668252    
  0.146638855     -0.135000050       1.13253725    
  0.143611148     -0.136286855       1.13836920    
  0.140552759     -0.137530535       1.14417839    
  0.137464613     -0.138730928       1.14996469    
  0.134347498     -0.139887989       1.15572834    
  0.131202221     -0.141001537       1.16146958    
  0.128029600     -0.142071515       1.16718793    
  0.124830350     -0.143097818       1.17288387    
  0.121605322     -0.144080400       1.17855716    
  0.118355267     -0.145019174       1.18420792    
  0.115080975     -0.145914152       1.18983614    
  0.111783206     -0.146765247       1.19544184    
  0.108462721     -0.147572443       1.20102489    
  0.105120279     -0.148335800       1.20658529    
  0.101756595     -0.149055228       1.21212316    
   9.83724445E-02 -0.149730772       1.21763837    
   9.49684903E-02 -0.150362432       1.22313106    
   9.15455148E-02 -0.150950268       1.22860074    
   8.81041661E-02 -0.151494294       1.23404789    
   8.46451521E-02 -0.151994526       1.23947215    
   8.11691731E-02 -0.152451068       1.24487352    
   7.76769444E-02 -0.152863950       1.25025213    
   7.41691217E-02 -0.153233290       1.25560760    
   7.06463605E-02 -0.153559119       1.26094031    
   6.71093464E-02 -0.153841570       1.26624990    
   6.35586753E-02 -0.154080719       1.27153635    
   5.99950515E-02 -0.154276639       1.27679968    
   5.64190671E-02 -0.154429466       1.28203964    
   5.28313778E-02 -0.154539332       1.28725648    
   4.92325798E-02 -0.154606387       1.29244983    
   4.56232950E-02 -0.154630691       1.29761982    
   4.20041196E-02 -0.154612452       1.30276632    
   3.83756459E-02 -0.154551759       1.30788910    
   3.47384624E-02 -0.154448807       1.31298816    
   3.10931336E-02 -0.154303715       1.31806362    
   2.74402201E-02 -0.154116690       1.32311511    
   2.37802956E-02 -0.153887838       1.32814300    
   2.01139003E-02 -0.153617412       1.33314681    
   1.64415743E-02 -0.153305545       1.33812666    
   1.27638867E-02 -0.152952448       1.34308231    
   9.08131246E-03 -0.152558312       1.34801388    
   5.39439032E-03 -0.152123317       1.35292125    
   1.70362962E-03 -0.151647657       1.35780406    
  -1.99049292E-03 -0.151131526       1.36266279    
  -5.68747148E-03 -0.150575146       1.36749685    
  -9.38685611E-03 -0.149978742       1.37230647    
  -1.30881434E-02 -0.149342507       1.37709153    
  -1.67908873E-02 -0.148666650       1.38185191    
  -2.04946250E-02 -0.147951439       1.38658762    
  -2.41989102E-02 -0.147197068       1.39129853    
  -2.79033165E-02 -0.146403790       1.39598465    
  -3.16073969E-02 -0.145571798       1.40064573    
  -3.53107490E-02 -0.144701362       1.40528202    
  -3.90129536E-02 -0.143792704       1.40989316    
  -4.27136198E-02 -0.142846048       1.41447937    
  -4.64123301E-02 -0.141861677       1.41904044    
  -5.01087159E-02 -0.140839815       1.42357624    
  -5.38023748E-02 -0.139780700       1.42808676    
  -5.74929602E-02 -0.138684645       1.43257213    
  -6.11801073E-02 -0.137551844       1.43703222    
  -6.48634359E-02 -0.136382550       1.44146681    
  -6.85426369E-02 -0.135177046       1.44587612    
  -7.22173378E-02 -0.133935586       1.45025992    
  -7.58872405E-02 -0.132658422       1.45461810    
  -7.95519948E-02 -0.131345809       1.45895088    
  -8.32112953E-02 -0.129998043       1.46325803    
  -8.68648365E-02 -0.128615379       1.46753967    
  -9.05123278E-02 -0.127198070       1.47179568    
  -9.41534564E-02 -0.125746369       1.47602618    
  -9.77879465E-02 -0.124260612       1.48023093    
 -0.101415530     -0.122740977       1.48441017    
 -0.105035931     -0.121187806       1.48856366    
 -0.108648874     -0.119601324       1.49269140    
 -0.112254113     -0.117981859       1.49679351    
 -0.115851395     -0.116329633       1.50086963    
 -0.119440474     -0.114644960       1.50492013    
 -0.123021133     -0.112928100       1.50894475    
 -0.126593128     -0.111179322       1.51294374    
 -0.130156249     -0.109398887       1.51691699    
 -0.133710295     -0.107587069       1.52086461    
 -0.137255043     -0.105744168       1.52478647    
 -0.140790269     -0.103870451       1.52868247    
 -0.144315809     -0.101966195       1.53255284    
 -0.147831470     -0.100031659       1.53639758    
 -0.151337072      -9.80671272E-02   1.54021633    
 -0.154832423      -9.60729048E-02   1.54400957    
 -0.158317357      -9.40492228E-02   1.54777694    
 -0.161791727      -9.19963717E-02   1.55151880    
 -0.165255383      -8.99145976E-02   1.55523515    
 -0.168708146      -8.78042057E-02   1.55892575    
 -0.172149882      -8.56654719E-02   1.56259084    
 -0.175580472      -8.34986493E-02   1.56623042    
 -0.178999737      -8.13040137E-02   1.56984437    
 -0.182407588      -7.90818408E-02   1.57343292    
 -0.185803875      -7.68324062E-02   1.57699597    
 -0.189188495      -7.45559484E-02   1.58053362    
 -0.192561328      -7.22527727E-02   1.58404589    
 -0.195922270      -6.99231178E-02   1.58753264    
 -0.199271217      -6.75672516E-02   1.59099436    
 -0.202608079      -6.51854649E-02   1.59443057    
 -0.205932736      -6.27780035E-02   1.59784150    
 -0.209245145      -6.03451580E-02   1.60122740    
 -0.212545171      -5.78871630E-02   1.60458815    
 -0.215832785      -5.54042757E-02   1.60792398    
 -0.219107881      -5.28967418E-02   1.61123466    
 -0.222370431      -5.03648631E-02   1.61452031    
 -0.225620300      -4.78088632E-02   1.61778116    
 -0.228857473      -4.52290066E-02   1.62101710    
 -0.232081860      -4.26255502E-02   1.62422824    
 -0.235293448      -3.99987586E-02   1.62741458    
 -0.238492176      -3.73488776E-02   1.63057601    
 -0.241677999      -3.46761532E-02   1.63371301    
 -0.244850874      -3.19808237E-02   1.63682532    
 -0.248010755      -2.92631350E-02   1.63991308    
 -0.251157582      -2.65233479E-02   1.64297640    
 -0.254291385      -2.37616748E-02   1.64601541    
 -0.257412106      -2.09784098E-02   1.64903009    
 -0.260519773      -1.81737710E-02   1.65202057    
 -0.263614327      -1.53479939E-02   1.65498674    
 -0.266695678      -1.25013124E-02   1.65792859    
 -0.269763917      -9.63395834E-03   1.66084659    
 -0.272819042      -6.74617942E-03   1.66374028    
 -0.275860935      -3.83819081E-03   1.66661036    
 -0.278889686      -9.10222647E-04   1.66945648    
 -0.281905293       2.03751167E-03   1.67227876    
 -0.284907728       5.00472495E-03   1.67507732    
 -0.287896991       7.99121987E-03   1.67785215    
 -0.290873110       1.09968018E-02   1.68060327    
 -0.293836057       1.40212150E-02   1.68333089    
 -0.296785891       1.70642678E-02   1.68603504    
 -0.299722612       2.01257188E-02   1.68871582    
 -0.302646279       2.32053660E-02   1.69137323    
 -0.305556864       2.63030156E-02   1.69400740    
 -0.308454305       2.94184051E-02   1.69661832    
 -0.311338812       3.25513594E-02   1.69920599    
 -0.314210236       3.57016921E-02   1.70177078    
 -0.317068785       3.88691686E-02   1.70431244    
 -0.319914341       4.20536064E-02   1.70683134    
 -0.322746962       4.52547744E-02   1.70932710    
 -0.325566769       4.84725051E-02   1.71180010    
 -0.328373730       5.17066121E-02   1.71425068    
 -0.331167877       5.49568869E-02   1.71667826    
 -0.333949298       5.82231171E-02   1.71908343    
 -0.336718023       6.15051053E-02   1.72146595    
 -0.339474022       6.48027062E-02   1.72382605    
 -0.342217445       6.81157112E-02   1.72616386    
 -0.344948262       7.14439079E-02   1.72847903    
 -0.347666562       7.47871846E-02   1.73077214    
 -0.350372404       7.81453550E-02   1.73304307    
 -0.353065848       8.15181881E-02   1.73529184    
 -0.355746865       8.49054828E-02   1.73751843    
 -0.358415604       8.83071423E-02   1.73972309    
 -0.361072063       9.17229578E-02   1.74190569    
 -0.363716274       9.51527581E-02   1.74406636    
 -0.366348445       9.85964239E-02   1.74620545    
 -0.368968517      0.102053776       1.74832249    
 -0.371576548      0.105524637       1.75041783    
 -0.374172628      0.109008871       1.75249147    
 -0.376756757      0.112506256       1.75454378    
 -0.379329085      0.116016731       1.75657439    
 -0.381889671      0.119540118       1.75858331    
 -0.384438485      0.123076208       1.76057088    
 -0.386975735      0.126624897       1.76253712    
 -0.389501393      0.130186066       1.76448202    
 -0.392015547      0.133759543       1.76640558    
 -0.394518256      0.137345225       1.76830781    
 -0.397009641      0.140942946       1.77018893    
 -0.399489671      0.144552603       1.77204883    
 -0.401958495      0.148174033       1.77388775    
 -0.404416203      0.151807144       1.77570546    
 -0.406862766      0.155451775       1.77750218    
 -0.409298420      0.159107864       1.77927792    
 -0.411723107      0.162775263       1.78103268    
 -0.414136946      0.166453883       1.78276646    
 -0.416539997      0.170143589       1.78447938    
 -0.418932348      0.173844248       1.78617156    
 -0.421314090      0.177555785       1.78784263    
 -0.423685253      0.181278035       1.78949320    
 -0.426045954      0.185011044       1.79112279    
 -0.428396285      0.188754573       1.79273200    
 -0.430736274      0.192508623       1.79432011    
 -0.433066070      0.196273059       1.79588783    
 -0.435385644      0.200047806       1.79743481    
 -0.437695205      0.203832775       1.79896104    
 -0.439994723      0.207627922       1.80046678    
 -0.442284375      0.211433142       1.80195177    
 -0.444564164      0.215248391       1.80341637    
 -0.446834207      0.219073564       1.80486047    
 -0.449094594      0.222908571       1.80628371    
 -0.451345444      0.226753429       1.80768669    
 -0.453586757      0.230608001       1.80906904    
 -0.455818623      0.234472334       1.81043077    
 -0.458041191      0.238346264       1.81177199    
 -0.460254520      0.242229864       1.81309283    
 -0.462458730      0.246123016       1.81439292    
 -0.464653790      0.250025690       1.81567252    
 -0.466839939      0.253937870       1.81693161    
 -0.469017208      0.257859558       1.81817031    
 -0.471185625      0.261790663       1.81938827    
 -0.473345399      0.265731215       1.82058573    
 -0.475496560      0.269681126       1.82176256    
 -0.477639139      0.273640484       1.82291877    
 -0.479773313      0.277609229       1.82405448    
 -0.481899112      0.281587332       1.82516932    
 -0.484016716      0.285574853       1.82626367    
 -0.486126155      0.289571762       1.82733738    
 -0.488227576      0.293578058       1.82839036    
 -0.490321010      0.297593743       1.82942235    
 -0.492406607      0.301618934       1.83043373    
 -0.494484454      0.305653602       1.83142400    
 -0.496554703      0.309697807       1.83239377    
 -0.498617321      0.313751549       1.83334243    
 -0.500672638      0.317814857       1.83427012    
 -0.502720535      0.321887791       1.83517671    
 -0.504761279      0.325970411       1.83606231    
 -0.506794930      0.330062866       1.83692682    
 -0.508821607      0.334164977       1.83776987    
 -0.510841370      0.338277042       1.83859181    
 -0.512854457      0.342399031       1.83939254    
 -0.514860868      0.346531063       1.84017158    
 -0.516860843      0.350673169       1.84092915    
 -0.518854439      0.354825467       1.84166515    
 -0.520841897      0.358988017       1.84237945    
 -0.522823155      0.363161027       1.84307206    
 -0.524798572      0.367344409       1.84374273    
 -0.526768208      0.371538430       1.84439135    
 -0.528732061      0.375743151       1.84501803    
 -0.530690551      0.379958719       1.84562230    
 -0.532643676      0.384185195       1.84620440    
 -0.534591615      0.388422787       1.84676397    
 -0.536534548      0.392671615       1.84730089    
 -0.538472712      0.396931797       1.84781528    
 -0.540406227      0.401203543       1.84830666    
 -0.542335331      0.405486971       1.84877515    
 -0.544260144      0.409782112       1.84922040    
 -0.546180844      0.414089292       1.84964228    
 -0.548097789      0.418408722       1.85004079    
 -0.550011039      0.422740430       1.85041547    
 -0.551920831      0.427084595       1.85076630    
 -0.553827524      0.431441575       1.85109317    
 -0.555731297      0.435811341       1.85139573    
 -0.557632387      0.440194160       1.85167384    
 -0.559530973      0.444590271       1.85192740    
 -0.561427474      0.448999763       1.85215604    
 -0.563322067      0.453422934       1.85235941    
 -0.565215170      0.457860023       1.85253751    
 -0.567107022      0.462311238       1.85268974    
 -0.568997860      0.466776758       1.85281622    
 -0.570888102      0.471256703       1.85291648    
 -0.572778046      0.475751370       1.85299015    
 -0.574668109      0.480260968       1.85303700    
 -0.576558650      0.484785885       1.85305667    
 -0.578450024      0.489326119       1.85304916    
 -0.580342770      0.493882090       1.85301340    
 -0.582237065      0.498453856       1.85294962    
 -0.584133685      0.503041804       1.85285699    
 -0.586032808      0.507646024       1.85273588    
 -0.587935090      0.512266815       1.85258520    
 -0.589841068      0.516904414       1.85240459    
 -0.591751039      0.521559000       1.85219395    
 -0.593665838      0.526230812       1.85195267    
 -0.595585823      0.530920088       1.85168004    
 -0.597511709      0.535626948       1.85137546    
 -0.599444091      0.540351689       1.85103881    
 -0.601383626      0.545094550       1.85066938    
 -0.603331089      0.549855828       1.85026658    
 -0.605287075      0.554635406       1.84983003    
