   1.57079995      0.785399973      0.392699987    
   1.56316781      0.762734830      0.407147318    
   1.55552649      0.740267396      0.420621067    
   1.54787588      0.718009770      0.433160871    
   1.54021811      0.695969820      0.444804937    
   1.53255212      0.674108386      0.455705911    
   1.52487600      0.652476370      0.465781987    
   1.51719320      0.631133854      0.474954218    
   1.50950468      0.610038519      0.483370245    
   1.50180781      0.589141548      0.491155386    
   1.49410415      0.568453014      0.498334199    
   1.48639750      0.548071623      0.504753828    
   1.47868693      0.528001308      0.510446846    
   1.47097468      0.508197188      0.515530527    
   1.46325970      0.488664061      0.520029783    
   1.45554304      0.469399124      0.523971975    
   1.44782758      0.450406790      0.527379930    
   1.44011486      0.431690365      0.530277073    
   1.43239951      0.413201332      0.532746315    
   1.42468357      0.394944489      0.534805775    
   1.41697645      0.377005011      0.536355078    
   1.40926933      0.359299421      0.537530541    
   1.40157747      0.341954708      0.538193703    
   1.39388943      0.324843675      0.538515270    
   1.38621509      0.308048993      0.538421452    
   1.37854719      0.291484624      0.538013160    
   1.37089312      0.275232971      0.537229598    
   1.36324692      0.259210765      0.536161005    
   1.35561907      0.243498936      0.534753025    
   1.34800029      0.228013605      0.533083260    
   1.34040225      0.212831721      0.531106174    
   1.33281744      0.197874367      0.528894424    
   1.32525361      0.183216512      0.526404262    
   1.31770253      0.168780580      0.523700655    
   1.31017160      0.154599160      0.520771325    
   1.30266094      0.140673891      0.517624438    
   1.29516578      0.126962423      0.514295042    
   1.28769064      0.113500483      0.510769308    
   1.28025222      0.100353330      0.507023454    
   1.27283013       8.74149501E-02  0.503119946    
   1.26542974       7.46838003E-02  0.499070019    
   1.25805235       6.21911064E-02  0.494861603    
   1.25071359       4.99948114E-02  0.490479320    
   1.24340224       3.80298980E-02  0.485957712    
   1.23611844       2.62927189E-02  0.481309175    
   1.22885633       1.47513272E-02  0.476547092    
   1.22163081       3.45987547E-03  0.471661121    
   1.21443427      -7.61212967E-03  0.466669023    
   1.20726919      -1.84689537E-02  0.461576760    
   1.20012581      -2.91390717E-02  0.456397742    
   1.19301009      -3.96270305E-02  0.451134473    
   1.18593740      -4.98556979E-02  0.445777774    
   1.17889941      -5.98798618E-02  0.440344721    
   1.17188561      -6.97300285E-02  0.434845179    
   1.16489840      -7.94078708E-02  0.429283440    
   1.15796065      -8.88434127E-02  0.423650712    
   1.15105438      -9.80871022E-02  0.417962432    
   1.14417768     -0.107164778      0.412228912    
   1.13732827     -0.116080433      0.406447828    
   1.13052750     -0.124770068      0.400619775    
   1.12376320     -0.133278832      0.394754648    
   1.11703324     -0.141613141      0.388853222    
   1.11033452     -0.149795055      0.382922143    
   1.10367846     -0.157785922      0.376960963    
   1.09705877     -0.165610448      0.370975196    
   1.09047651     -0.173269808      0.364970624    
   1.08392262     -0.180786386      0.358944595    
   1.07740796     -0.188144416      0.352904141    
   1.07093763     -0.195327535      0.346851319    
   1.06450272     -0.202357188      0.340792239    
   1.05810106     -0.209254816      0.334721148    
   1.05173016     -0.216019943      0.328643173    
   1.04539752     -0.222639382      0.322562099    
   1.03910196     -0.229116186      0.316479295    
   1.03285789     -0.235419109      0.310403526    
   1.02665269     -0.241584092      0.304333210    
   1.02048540     -0.247615322      0.298267990    
   1.01435661     -0.253512383      0.292212844    
   1.00825763     -0.259293646      0.286160290    
   1.00219190     -0.264962494      0.280114830    
  0.996164739     -0.270504296      0.274082035    
  0.990175843     -0.275922894      0.268061191    
  0.984224677     -0.281220675      0.262054324    
  0.978324652     -0.286370695      0.256079197    
  0.972462356     -0.291404843      0.250117153    
  0.966639280     -0.296323657      0.244177878    
  0.960854113     -0.301131457      0.238255680    
  0.955105603     -0.305829197      0.232356682    
  0.949395537     -0.310419202      0.226477593    
  0.943717659     -0.314914197      0.220618635    
  0.938070595     -0.319317907      0.214775831    
  0.932474494     -0.323595732      0.208970532    
  0.926915169     -0.327772856      0.203192860    
  0.921392620     -0.331852168      0.197441533    
  0.915907979     -0.335835934      0.191717431    
  0.910459995     -0.339725316      0.186016142    
  0.905049264     -0.343522042      0.180349678    
  0.899676144     -0.347227931      0.174709424    
  0.894334018     -0.350854665      0.169092461    
  0.889021814     -0.354402870      0.163502544    
  0.883757114     -0.357846975      0.157952741    
  0.878529906     -0.361207217      0.152433500    
  0.873337984     -0.364484161      0.146948442    
  0.868181884     -0.367680997      0.141493902    
  0.863061666     -0.370799005      0.136070654    
  0.857976973     -0.373838812      0.130680844    
  0.852923095     -0.376811802      0.125318766    
  0.847898185     -0.379717320      0.119981870    
  0.842919409     -0.382533789      0.114690855    
  0.837974966     -0.385277927      0.109433562    
  0.833065569     -0.387952864      0.104208864    
  0.828190684     -0.390558094       9.90204662E-02
  0.823350132     -0.393096149       9.38658938E-02
  0.818543136     -0.395567834       8.87428150E-02
  0.813765883     -0.397981733       8.36511701E-02
  0.809016764     -0.400338143       7.85863921E-02
  0.804300964     -0.402632982       7.35560805E-02
  0.799627841     -0.404852837       6.85705841E-02
  0.794989347     -0.407013029       6.36215135E-02
  0.790382683     -0.409114838       5.87068684E-02
  0.785809219     -0.411158323       5.38271517E-02
  0.781267166     -0.413146079       4.89814803E-02
  0.776757479     -0.415077925       4.41706926E-02
  0.772275209     -0.416961640       3.93890887E-02
  0.767821193     -0.418798298       3.46354060E-02
  0.763406932     -0.420571268       2.99275592E-02
  0.759024739     -0.422293842       2.52558477E-02
  0.754672945     -0.423966110       2.06180438E-02
  0.750352561     -0.425589502       1.60143785E-02
  0.746063232     -0.427165031       1.14437696E-02
  0.741803885     -0.428693265       6.90586539E-03
  0.737570286     -0.430180579       2.39952933E-03
  0.733362377     -0.431627810      -2.07855320E-03
  0.729185104     -0.433030248      -6.52450230E-03
  0.725046039     -0.434380651      -1.09236287E-02
  0.720935702     -0.435687780      -1.52915400E-02
  0.716850519     -0.436958581      -1.96300317E-02
  0.712799132     -0.438184202      -2.39284746E-02
  0.708775461     -0.439369410      -2.81953458E-02
  0.704781771     -0.440516353      -3.24298851E-02
  0.700815201     -0.441624403      -3.66307572E-02
  0.696873069     -0.442699432      -4.08035666E-02
  0.692963362     -0.443733931      -4.49406765E-02
  0.689076722     -0.444735885      -4.90480885E-02
  0.685221314     -0.445698917      -5.31178862E-02
  0.681389749     -0.446631074      -5.71622960E-02
  0.677588642     -0.447526008      -6.11680821E-02
  0.673815429     -0.448387951      -6.51421994E-02
  0.670068264     -0.449217618      -6.90885484E-02
  0.666347563     -0.450014919      -7.30001405E-02
  0.662649035     -0.450784653      -7.68846348E-02
  0.658980727     -0.451520860      -8.07341486E-02
  0.655334115     -0.452230692      -8.45583156E-02
  0.651716888     -0.452907890      -8.83489549E-02
  0.648121238     -0.453559428      -9.21115950E-02
  0.644554019     -0.454180241      -9.58399847E-02
  0.641011834     -0.454773605      -9.95363891E-02
  0.637491405     -0.455342770     -0.103208713    
  0.633998930     -0.455883145     -0.106847145    
  0.630527079     -0.456400514     -0.110459737    
  0.627082705     -0.456889808     -0.114040688    
  0.623659134     -0.457357198     -0.117595665    
  0.620262206     -0.457798123     -0.121113867    
  0.616885424     -0.458217502     -0.124611586    
  0.613535166     -0.458611250     -0.128077582    
  0.610208213     -0.458982885     -0.131513968    
  0.606901109     -0.459334165     -0.134925500    
  0.603619397     -0.459661961     -0.138305262    
  0.600357711     -0.459970444     -0.141661376    
  0.597120821     -0.460256040     -0.144985929    
  0.593902767     -0.460523218     -0.148287028    
  0.590709507     -0.460768223     -0.151558891    
  0.587538838     -0.460994393     -0.154799446    
  0.584390044     -0.461200744     -0.158015862    
  0.581261516     -0.461388975     -0.161205530    
  0.578153670     -0.461559057     -0.164369911    
  0.575067163     -0.461710900     -0.167507887    
  0.572001457     -0.461845458     -0.170618922    
  0.568956256     -0.461963356     -0.173704535    
  0.565928698     -0.462065995     -0.176767230    
  0.562924385     -0.462150604     -0.179801792    
  0.559939206     -0.462218791     -0.182811499    
  0.556973934     -0.462271750     -0.185794696    
  0.554028511     -0.462309659     -0.188753635    
  0.551102281     -0.462331891     -0.191687644    
  0.548194885     -0.462340087     -0.194598615    
  0.545306563     -0.462333530     -0.197484627    
  0.542437315     -0.462312847     -0.200345963    
  0.539584100     -0.462280005     -0.203186437    
  0.536750495     -0.462232769     -0.206000313    
  0.533936620     -0.462172270     -0.208791479    
  0.531140506     -0.462098867     -0.211556658    
  0.528361976     -0.462013096     -0.214300245    
  0.525601268     -0.461915076     -0.217020348    
  0.522858083     -0.461804837     -0.219718263    
  0.520131946     -0.461683393     -0.222392097    
  0.517422378     -0.461549908     -0.225045025    
  0.514728546     -0.461406797     -0.227677077    
  0.512052476     -0.461251408     -0.230284885    
  0.509393692     -0.461085856     -0.232869238    
  0.506751359     -0.460909486     -0.235432237    
  0.504125118     -0.460722774     -0.237975031    
  0.501514614     -0.460526288     -0.240494683    
  0.498920411     -0.460320204     -0.242992714    
  0.496339291     -0.460105509     -0.245472163    
  0.493775547     -0.459880739     -0.247928083    
  0.491227657     -0.459646672     -0.250363559    
  0.488695025     -0.459403872     -0.252776474    
  0.486176729     -0.459151924     -0.255170673    
  0.483673751     -0.458892077     -0.257541895    
  0.481185198     -0.458623886     -0.259894222    
  0.478710920     -0.458347708     -0.262227029    
  0.476250976     -0.458063155     -0.264540285    
  0.473802716     -0.457772285     -0.266834646    
  0.471370876     -0.457473159     -0.269106448    
  0.468952447     -0.457166791     -0.271358967    
  0.466547996     -0.456852376     -0.273592561    
  0.464156240     -0.456531942     -0.275808007    
  0.461778045     -0.456204712     -0.278001785    
  0.459412754     -0.455870181     -0.280177444    
  0.457059920     -0.455529600     -0.282335311    
  0.454720557     -0.455183119     -0.284473479    
  0.452391654     -0.454830647     -0.286594898    
  0.450076252     -0.454471439     -0.288697243    
  0.447773904     -0.454106659     -0.290779769    
  0.445483565     -0.453736484     -0.292844892    
  0.443204194     -0.453359991     -0.294890732    
  0.440936744     -0.452978313     -0.296919703    
  0.438681215     -0.452591538     -0.298930496    
  0.436435431     -0.452199936     -0.300925881    
  0.434201807     -0.451802671     -0.302901387    
  0.431978375     -0.451401114     -0.304860413    
  0.429766268     -0.450993747     -0.306803495    
  0.427565485     -0.450582653     -0.308727175    
  0.425375164     -0.450166941     -0.310633212    
  0.423195094     -0.449746251     -0.312523454    
  0.421025693     -0.449321568     -0.314396203    
  0.418865442     -0.448892534     -0.316255003    
  0.416714251     -0.448459983     -0.318096429    
  0.414573997     -0.448022723     -0.319921225    
  0.412443191     -0.447581589     -0.321729124    
  0.410321057     -0.447136730     -0.323521763    
  0.408209622     -0.446688056     -0.325296104    
  0.406106532     -0.446236283     -0.327055544    
  0.404012144     -0.445780873     -0.328801721    
  0.401925981     -0.445321649     -0.330530703    
  0.399848491     -0.444859296     -0.332244456    
  0.397778958     -0.444394201     -0.333945096    
  0.395718604     -0.443925768     -0.335627615    
  0.393665820     -0.443454176     -0.337296218    
  0.391621053     -0.442979217     -0.338947833    
  0.389584154     -0.442501605     -0.340585679    
  0.387554944     -0.442021251     -0.342210442    
  0.385533631     -0.441538513     -0.343819767    
  0.383518398     -0.441053033     -0.345416784    
  0.381511003     -0.440564603     -0.346998781    
  0.379509151     -0.440073878     -0.348566771    
  0.377515465     -0.439580768     -0.350120991    
  0.375527829     -0.439085305     -0.351659536    
  0.373547912     -0.438587010     -0.353184491    
  0.371573210     -0.438086331     -0.354696721    
  0.369604945     -0.437584251     -0.356196314    
  0.367642432     -0.437079251     -0.357681066    
  0.365684837     -0.436572850     -0.359155089    
  0.363734603     -0.436063617     -0.360614240    
  0.361789078     -0.435553670     -0.362062365    
  0.359848589     -0.435040504     -0.363496661    
  0.357914269     -0.434525847     -0.364918470    
  0.355984598     -0.434009731     -0.366328418    
  0.354059726     -0.433491766     -0.367725521    
  0.352139294     -0.432972193     -0.369112670    
  0.350222737     -0.432452053     -0.370489985    
  0.348311871     -0.431928873     -0.371850163    
  0.346404552     -0.431405127     -0.373201549    
  0.344500899     -0.430879593     -0.374542803    
  0.342602372     -0.430351496     -0.375870109    
  0.340707362     -0.429822475     -0.377187490    
  0.338815719     -0.429293543     -0.378495157    
  0.336927354     -0.428762674     -0.379792213    
  0.335042894     -0.428229451     -0.381076038    
  0.333160877     -0.427695453     -0.382352799    
  0.331282198     -0.427160859     -0.383618474    
  0.329405993     -0.426624894     -0.384874612    
  0.327534080     -0.426086903     -0.386117846    
  0.325663567     -0.425548464     -0.387353092    
  0.323794663     -0.425009340     -0.388580322    
  0.321929634     -0.424468130     -0.389795601    
  0.320065856     -0.423926204     -0.391003966    
  0.318204492     -0.423384488     -0.392204106    
  0.316344827     -0.422841102     -0.393395752    
  0.314486355     -0.422296554     -0.394577026    
  0.312629849     -0.421751052     -0.395751029    
  0.310774773     -0.421205223     -0.396917492    
  0.308919877     -0.420658171     -0.398074627    
  0.307066679     -0.420110315     -0.399224162    
  0.305215567     -0.419562370     -0.400365949    
  0.303363740     -0.419013679     -0.401502013    
  0.301512271     -0.418463588     -0.402629733    
  0.299661577     -0.417913765     -0.403752863    
  0.297810435     -0.417363584     -0.404868692    
  0.295959681     -0.416812032     -0.405978918    
  0.294109017     -0.416260004     -0.407083005    
  0.292258173     -0.415708154     -0.408181101    
  0.290406764     -0.415156275     -0.409273565    
  0.288553864     -0.414603204     -0.410361260    
  0.286700249     -0.414050579     -0.411447108    
  0.284846425     -0.413497776     -0.412526399    
  0.282991141     -0.412944913     -0.413600624    
  0.281134844     -0.412390947     -0.414670795    
  0.279275537     -0.411837637     -0.415738493    
  0.277416348     -0.411284626     -0.416802913    
  0.275554150     -0.410730660     -0.417863369    
  0.273690313     -0.410177171     -0.418920994    
  0.271825194     -0.409624755     -0.419976264    
  0.269957334     -0.409071982     -0.421030164    
  0.268085748     -0.408519357     -0.422082186    
  0.266212523     -0.407966286     -0.423132986    
  0.264336228     -0.407415181     -0.424182802    
  0.262456328     -0.406863689     -0.425233096    
  0.260572731     -0.406312913     -0.426281422    
  0.258686513     -0.405763119     -0.427330911    
  0.256797045     -0.405214161     -0.428378820    
  0.254901648     -0.404666096     -0.429430753    
  0.253004879     -0.404119223     -0.430481881    
  0.251103371     -0.403573096     -0.431534648    
  0.249197051     -0.403028876     -0.432588667    
  0.247285396     -0.402485013     -0.433647513    
  0.245369047     -0.401943207     -0.434708863    
  0.243449628     -0.401403040     -0.435771048    
  0.241521955     -0.400864661     -0.436840564    
  0.239589974     -0.400328010     -0.437912405    
  0.237653494     -0.399793118     -0.438987732    
  0.235711530     -0.399260938     -0.440067798    
  0.233760998     -0.398730695     -0.441156894    
  0.231805384     -0.398202777     -0.442251146    
  0.229844674     -0.397677630     -0.443349153    
  0.227874860     -0.397156358     -0.444457442    
  0.225900188     -0.396636903     -0.445571870    
  0.223918363     -0.396121114     -0.446692556    
  0.221929580     -0.395608932     -0.447821498    
  0.219930932     -0.395100504     -0.448962808    
  0.217924938     -0.394595832     -0.450112551    
  0.215913817     -0.394095421     -0.451269418    
  0.213890359     -0.393599868     -0.452442408    
  0.211859018     -0.393109113     -0.453625500    
  0.209818840     -0.392623395     -0.454819798    
  0.207771257     -0.392142206     -0.456025630    
  0.205712959     -0.391667604     -0.457246035    
  0.203644782     -0.391199023     -0.458480090    
  0.201569781     -0.390736133     -0.459724426    
  0.199486271     -0.390278935     -0.460980773    
  0.197389185     -0.389830261     -0.462257206    
  0.195280775     -0.389389038     -0.463550210    
  0.193164259     -0.388954818     -0.464856029    
  0.191035241     -0.388529122     -0.466181666    
  0.188895270     -0.388112366     -0.467523843    
  0.186744958     -0.387703687     -0.468881339    
  0.184586257     -0.387303829     -0.470252305    
  0.182410806     -0.386915684     -0.471650094    
  0.180223227     -0.386538237     -0.473067671    
  0.178025499     -0.386170745     -0.474501669    
  0.175813079     -0.385815859     -0.475960076    
  0.173588395     -0.385473251     -0.477438301    
  0.171349853     -0.385143429     -0.478939503    
  0.169100747     -0.384824723     -0.480458140    
  0.166835099     -0.384522498     -0.482004285    
  0.164555579     -0.384234726     -0.483573735    
  0.162264526     -0.383959681     -0.485161752    
  0.159956217     -0.383703500     -0.486778677    
  0.157634035     -0.383463800     -0.488420993    
  0.155295968     -0.383241624     -0.490087897    
  0.152946547     -0.383034766     -0.491775513    
  0.150578305     -0.382849455     -0.493493408    
  0.148195550     -0.382684439     -0.495238334    
  0.145798191     -0.382537663     -0.497005045    
  0.143387392     -0.382409275     -0.498793483    
  0.140955433     -0.382308781     -0.500618935    
  0.138505980     -0.382232249     -0.502472103    
  0.136043340     -0.382176369     -0.504348099    
  0.133559793     -0.382149369     -0.506257772    
  0.131059647     -0.382148832     -0.508195400    
  0.128545418     -0.382171869     -0.510155082    
  0.126015574     -0.382220000     -0.512138844    
  0.123461641     -0.382304996     -0.514161587    
  0.120889291     -0.382421017     -0.516212881    
  0.118302479     -0.382564932     -0.518287599    
  0.115693152     -0.382746130     -0.520395815    
  0.113065556     -0.382962376     -0.522532225    
  0.110418566     -0.383214086     -0.524696529    
  0.107755430     -0.383497804     -0.526882827    
  0.105070159     -0.383824855     -0.529101610    
  0.102365181     -0.384191602     -0.531347096    
   9.96432751E-02 -0.384593725     -0.533614755    
   9.69057083E-02 -0.385032415     -0.535902917    
   9.41414833E-02 -0.385526866     -0.538225114    
   9.13572460E-02 -0.386067122     -0.540571809    
   8.85558724E-02 -0.386646688     -0.542937696    
   8.57303292E-02 -0.387281954     -0.545330286    
   8.28848034E-02 -0.387967527     -0.547743797    
   8.00232664E-02 -0.388696730     -0.550173461    
   7.71439746E-02 -0.389471799     -0.552618802    
