   0.00000000       0.00000000       0.00000000       1.00000000    
   5.87619608E-03   2.90261023E-03   1.49993936E-03  0.999977410    
   1.17237689E-02   5.72011806E-03   3.05173616E-03  0.999910295    
   1.75426863E-02   8.45286436E-03   4.65133879E-03  0.999799609    
   2.33329106E-02   1.11012729E-02   6.29484840E-03  0.999646366    
   2.90943943E-02   1.36658512E-02   7.97852129E-03  0.999451458    
   3.48270908E-02   1.61467772E-02   9.69959982E-03  0.999215901    
   4.05309163E-02   1.85450800E-02   1.14537738E-02  0.998940587    
   4.62058075E-02   2.08614692E-02   1.32377204E-02  0.998626411    
   5.18516861E-02   2.30966993E-02   1.50482487E-02  0.998274326    
   5.74684888E-02   2.52511781E-02   1.68829802E-02  0.997885168    
   6.30561411E-02   2.73257699E-02   1.87389385E-02  0.997459888    
   6.86145425E-02   2.93217748E-02   2.06126608E-02  0.996999264    
   7.41436183E-02   3.12401336E-02   2.25014500E-02  0.996504188    
   7.96432868E-02   3.30818333E-02   2.44027209E-02  0.995975494    
   8.51134658E-02   3.48478816E-02   2.63140034E-02  0.995414019    
   9.05540809E-02   3.65393125E-02   2.82329340E-02  0.994820535    
   9.59650651E-02   3.81571986E-02   3.01572513E-02  0.994195879    
  0.101346344       3.97026241E-02   3.20847929E-02  0.993540823    
  0.106697850       4.11763117E-02   3.40139121E-02  0.992856145    
  0.112019524       4.25795801E-02   3.59424129E-02  0.992142618    
  0.117311306       4.39133719E-02   3.78685854E-02  0.991400957    
  0.122573130       4.51790318E-02   3.97904441E-02  0.990631938    
  0.127804950       4.63779047E-02   4.17061113E-02  0.989836276    
  0.133006737       4.75109853E-02   4.36141118E-02  0.989014685    
  0.138178438       4.85796221E-02   4.55127433E-02  0.988167822    
  0.143320024       4.95848209E-02   4.74006645E-02  0.987296402    
  0.148431465       5.05279340E-02   4.92763519E-02  0.986401141    
  0.153512731       5.14099784E-02   5.11385947E-02  0.985482633    
  0.158563808       5.22323065E-02   5.29860184E-02  0.984541595    
  0.163584679       5.29959351E-02   5.48175238E-02  0.983578622    
  0.168575346       5.37022017E-02   5.66318855E-02  0.982594371    
  0.173535809       5.43521233E-02   5.84281199E-02  0.981589437    
  0.178466067       5.49470335E-02   6.02051318E-02  0.980564415    
  0.183366120       5.54877855E-02   6.19621091E-02  0.979519904    
  0.188235998       5.59758395E-02   6.36980087E-02  0.978456438    
  0.193075716       5.64120486E-02   6.54120967E-02  0.977374673    
  0.197885290       5.67975529E-02   6.71035647E-02  0.976275146    
  0.202664763       5.71336336E-02   6.87716156E-02  0.975158334    
  0.207414180       5.74215464E-02   7.04154894E-02  0.974024832    
  0.212133557       5.76621294E-02   7.20346123E-02  0.972875118    
  0.216822952       5.78564852E-02   7.36283511E-02  0.971709728    
  0.221482426       5.80058359E-02   7.51961023E-02  0.970529199    
  0.226112053       5.81113771E-02   7.67372921E-02  0.969333947    
  0.230711892       5.81741706E-02   7.82514364E-02  0.968124449    
  0.235282019       5.81952669E-02   7.97380656E-02  0.966901243    
  0.239822477       5.81755787E-02   8.11967701E-02  0.965664744    
  0.244333372       5.81162460E-02   8.26271474E-02  0.964415371    
  0.248814777       5.80182709E-02   8.40288401E-02  0.963153541    
  0.253266782       5.78826517E-02   8.54015201E-02  0.961879730    
  0.257689446       5.77101521E-02   8.67448896E-02  0.960594356    
  0.262082875       5.75018451E-02   8.80586654E-02  0.959297836    
  0.266447157       5.72587810E-02   8.93426165E-02  0.957990527    
  0.270782441       5.69818988E-02   9.05965194E-02  0.956672788    
  0.275088757       5.66719212E-02   9.18201581E-02  0.955345035    
  0.279366255       5.63298538E-02   9.30133685E-02  0.954007626    
  0.283615023       5.59566803E-02   9.41760018E-02  0.952660918    
  0.287835211       5.55532761E-02   9.53079462E-02  0.951305270    
  0.292026877       5.51203303E-02   9.64090675E-02  0.949941039    
  0.296190172       5.46587780E-02   9.74792838E-02  0.948568523    
  0.300325245       5.41695356E-02   9.85185504E-02  0.947188020    
  0.304432184       5.36534227E-02   9.95268151E-02  0.945799887    
  0.308511138       5.31112365E-02  0.100504041      0.944404423    
  0.312562227       5.25436886E-02  0.101450190      0.943001926    
  0.316585571       5.19516319E-02  0.102365278      0.941592634    
  0.320581317       5.13358228E-02  0.103249326      0.940176904    
  0.324549615       5.06970100E-02  0.104102358      0.938754916    
  0.328490555       5.00357859E-02  0.104924358      0.937327027    
  0.332404286       4.93530072E-02  0.105715431      0.935893476    
  0.336290985       4.86493744E-02  0.106475644      0.934454501    
  0.340150774       4.79255728E-02  0.107205078      0.933010340    
  0.343983740       4.71821614E-02  0.107903756      0.931561291    
  0.347790062       4.64198068E-02  0.108571775      0.930107534    
  0.351569861       4.56391610E-02  0.109209232      0.928649366    
  0.355323315       4.48409207E-02  0.109816276      0.927186966    
  0.359050602       4.40257676E-02  0.110393062      0.925720513    
  0.362751842       4.31943089E-02  0.110939726      0.924250185    
  0.366427183       4.23471406E-02  0.111456409      0.922776222    
  0.370076776       4.14848551E-02  0.111943260      0.921298802    
  0.373700768       4.06079255E-02  0.112400360      0.919818163    
  0.377299279       3.97169180E-02  0.112827875      0.918334484    
  0.380872458       3.88123877E-02  0.113225967      0.916847944    
  0.384420484       3.78948748E-02  0.113594800      0.915358722    
  0.387943506       3.69649492E-02  0.113934599      0.913866997    
  0.391441673       3.60231698E-02  0.114245579      0.912372887    
  0.394915164       3.50700431E-02  0.114527926      0.910876513    
  0.398364127       3.41060609E-02  0.114781834      0.909378052    
  0.401788712       3.31317037E-02  0.115007497      0.907877684    
  0.405189097       3.21474448E-02  0.115205109      0.906375527    
  0.408565402       3.11537497E-02  0.115374878      0.904871762    
  0.411917776       3.01509984E-02  0.115516938      0.903366506    
  0.415246367       2.91396677E-02  0.115631528      0.901859879    
  0.418551356       2.81202234E-02  0.115718901      0.900352001    
  0.421832889       2.70930864E-02  0.115779273      0.898842990    
  0.425091118       2.60586664E-02  0.115812868      0.897332966    
  0.428326190       2.50173733E-02  0.115819886      0.895822048    
  0.431538254       2.39695963E-02  0.115800552      0.894310355    
  0.434727460       2.29157191E-02  0.115755096      0.892798007    
  0.437893987       2.18561217E-02  0.115683734      0.891285062    
  0.441037923       2.07911190E-02  0.115586624      0.889771640    
  0.444159448       1.97210945E-02  0.115464024      0.888257861    
  0.447258741       1.86464265E-02  0.115316197      0.886743844    
  0.450335950       1.75674558E-02  0.115143374      0.885229588    
  0.453391194       1.64845176E-02  0.114945777      0.883715272    
  0.456424654       1.53979380E-02  0.114723638      0.882200897    
  0.459436446       1.43080363E-02  0.114477187      0.880686581    
  0.462426752       1.32151218E-02  0.114206649      0.879172444    
  0.465395659       1.21194609E-02  0.113912195      0.877658546    
  0.468343347       1.10213719E-02  0.113594078      0.876144946    
  0.471269965       9.92116332E-03  0.113252565      0.874631703    
  0.474175662       8.81911814E-03  0.112887882      0.873118877    
  0.477060586       7.71550974E-03  0.112500258      0.871606529    
  0.479924887       6.61060587E-03  0.112089932      0.870094717    
  0.482768685       5.50467288E-03  0.111657128      0.868583500    
  0.485592157       4.39796504E-03  0.111202069      0.867072999    
  0.488395393       3.29070399E-03  0.110724926      0.865563214    
  0.491178513       2.18313700E-03  0.110225916      0.864054203    
  0.493941694       1.07551483E-03  0.109705299      0.862546086    
  0.496685088      -3.19179380E-05  0.109163329      0.861038804    
  0.499408841      -1.13893778E-03  0.108600236      0.859532475    
  0.502113044      -2.24532280E-03  0.108016245      0.858027101    
  0.504797876      -3.35085858E-03  0.107411571      0.856522739    
  0.507463455      -4.45533497E-03  0.106786437      0.855019391    
  0.510109961      -5.55854803E-03  0.106141068      0.853517175    
  0.512737453      -6.66031800E-03  0.105475627      0.852016091    
  0.515346050      -7.76043953E-03  0.104790352      0.850516200    
  0.517935932      -8.85871798E-03  0.104085490      0.849017501    
  0.520507216      -9.95497033E-03  0.103361264      0.847519994    
  0.523060083      -1.10490164E-02  0.102617882      0.846023738    
  0.525594592      -1.21406801E-02  0.101855561      0.844528794    
  0.528110921      -1.32297873E-02  0.101074502      0.843035161    
  0.530609190      -1.43161761E-02  0.100274920      0.841542840    
  0.533089459      -1.53997000E-02   9.94569734E-02  0.840051949    
  0.535551906      -1.64802000E-02   9.86208692E-02  0.838562429    
  0.537996650      -1.75575167E-02   9.77668390E-02  0.837074339    
  0.540423810      -1.86314955E-02   9.68951136E-02  0.835587680    
  0.542833507      -1.97019968E-02   9.60058719E-02  0.834102511    
  0.545225859      -2.07688790E-02   9.50993374E-02  0.832618773    
  0.547600985      -2.18320042E-02   9.41757187E-02  0.831136525    
  0.549959004      -2.28912365E-02   9.32352096E-02  0.829655766    
  0.552300036      -2.39464473E-02   9.22780037E-02  0.828176558    
  0.554624200      -2.49975156E-02   9.13042724E-02  0.826698899    
  0.556931615      -2.60443129E-02   9.03142318E-02  0.825222731    
  0.559222400      -2.70867255E-02   8.93080533E-02  0.823748171    
  0.561496675      -2.81246379E-02   8.82859603E-02  0.822275162    
  0.563754559      -2.91579366E-02   8.72481093E-02  0.820803702    
  0.565996110      -3.01865116E-02   8.61947164E-02  0.819333851    
  0.568221509      -3.12102605E-02   8.51259679E-02  0.817865610    
  0.570430815      -3.22290733E-02   8.40420350E-02  0.816398919    
  0.572624207      -3.32428515E-02   8.29431117E-02  0.814933836    
  0.574801743      -3.42515036E-02   8.18293616E-02  0.813470364    
  0.576963484      -3.52549367E-02   8.07009861E-02  0.812008500    
  0.579109609      -3.62530574E-02   7.95581341E-02  0.810548306    
  0.581240177      -3.72457728E-02   7.84009993E-02  0.809089720    
  0.583355308      -3.82330008E-02   7.72297457E-02  0.807632744    
  0.585455120      -3.92146558E-02   7.60445669E-02  0.806177378    
  0.587539732      -4.01906632E-02   7.48456344E-02  0.804723620    
  0.589609206      -4.11609448E-02   7.36330971E-02  0.803271532    
  0.591663659      -4.21254188E-02   7.24071488E-02  0.801821053    
  0.593703210      -4.30840179E-02   7.11679310E-02  0.800372183    
  0.595727921      -4.40366678E-02   6.99156299E-02  0.798924923    
  0.597737908      -4.49832976E-02   6.86503872E-02  0.797479272    
  0.599733293      -4.59238514E-02   6.73723966E-02  0.796035230    
  0.601714134      -4.68582623E-02   6.60817996E-02  0.794592857    
  0.603680551      -4.77864631E-02   6.47787601E-02  0.793152094    
  0.605632603      -4.87083942E-02   6.34634420E-02  0.791712880    
  0.607570410      -4.96239997E-02   6.21359907E-02  0.790275276    
  0.609494030      -5.05332276E-02   6.07965738E-02  0.788839281    
  0.611403584      -5.14360219E-02   5.94453327E-02  0.787404895    
  0.613299191      -5.23323305E-02   5.80824316E-02  0.785972059    
  0.615180910      -5.32221012E-02   5.67080081E-02  0.784540832    
  0.617048860      -5.41052856E-02   5.53222261E-02  0.783111155    
  0.618903100      -5.49818464E-02   5.39252385E-02  0.781683028    
  0.620743692      -5.58517352E-02   5.25171906E-02  0.780256450    
  0.622570753      -5.67149110E-02   5.10982275E-02  0.778831422    
  0.624384403      -5.75713292E-02   4.96684909E-02  0.777407885    
  0.626184642      -5.84209487E-02   4.82281186E-02  0.775985897    
  0.627971649      -5.92637360E-02   4.67772558E-02  0.774565399    
  0.629745424      -6.00996539E-02   4.53160442E-02  0.773146451    
  0.631506085      -6.09286688E-02   4.38446067E-02  0.771728992    
  0.633253753      -6.17507473E-02   4.23630960E-02  0.770313025    
  0.634988427      -6.25658557E-02   4.08716425E-02  0.768898547    
  0.636710227      -6.33739680E-02   3.93703878E-02  0.767485499    
  0.638419271      -6.41750544E-02   3.78594585E-02  0.766073942    
  0.640115559      -6.49690926E-02   3.63389924E-02  0.764663815    
  0.641799212      -6.57560453E-02   3.48091163E-02  0.763255119    
  0.643470347      -6.65358901E-02   3.32699567E-02  0.761847854    
  0.645128965      -6.73086122E-02   3.17216441E-02  0.760442019    
  0.646775186      -6.80741817E-02   3.01642939E-02  0.759037554    
  0.648409069      -6.88325763E-02   2.85980441E-02  0.757634521    
  0.650030673      -6.95837811E-02   2.70230137E-02  0.756232858    
  0.651640058      -7.03277737E-02   2.54393313E-02  0.754832566    
  0.653237343      -7.10645467E-02   2.38471180E-02  0.753433645    
  0.654822588      -7.17940778E-02   2.22464930E-02  0.752036035    
  0.656395853      -7.25163445E-02   2.06375737E-02  0.750639796    
  0.657957196      -7.32313469E-02   1.90204810E-02  0.749244869    
  0.659506679      -7.39390627E-02   1.73953306E-02  0.747851253    
  0.661044359      -7.46394768E-02   1.57622267E-02  0.746458948    
  0.662570357      -7.53325820E-02   1.41212959E-02  0.745067954    
  0.664084673      -7.60183707E-02   1.24726519E-02  0.743678212    
  0.665587425      -7.66968355E-02   1.08164093E-02  0.742289722    
  0.667078674      -7.73679614E-02   9.15267505E-03  0.740902483    
  0.668558478      -7.80317485E-02   7.48156104E-03  0.739516497    
  0.670026898      -7.86881894E-02   5.80317760E-03  0.738131762    
  0.671483994      -7.93372691E-02   4.11762297E-03  0.736748219    
  0.672929823      -7.99789950E-02   2.42501404E-03  0.735365927    
  0.674364448      -8.06133524E-02   7.25455116E-04  0.733984828    
  0.675787926      -8.12403485E-02  -9.80945420E-04  0.732604921    
  0.677200258      -8.18599761E-02  -2.69408571E-03  0.731226146    
  0.678601563      -8.24722424E-02  -4.41385992E-03  0.729848564    
  0.679991901      -8.30771402E-02  -6.14016643E-03  0.728472114    
  0.681371331      -8.36746693E-02  -7.87290744E-03  0.727096796    
  0.682739913      -8.42648223E-02  -9.61198471E-03  0.725722611    
  0.684097707      -8.48476067E-02  -1.13573065E-02  0.724349558    
  0.685444772      -8.54230300E-02  -1.31087629E-02  0.722977638    
  0.686781108      -8.59910920E-02  -1.48662589E-02  0.721606791    
  0.688106835      -8.65517929E-02  -1.66296959E-02  0.720237017    
  0.689421952      -8.71051401E-02  -1.83989853E-02  0.718868315    
  0.690726519      -8.76511335E-02  -2.01740302E-02  0.717500687    
  0.692020595      -8.81897882E-02  -2.19547339E-02  0.716134131    
  0.693304241      -8.87211040E-02  -2.37410069E-02  0.714768589    
  0.694577515      -8.92450809E-02  -2.55327597E-02  0.713404119    
  0.695840478      -8.97617340E-02  -2.73299068E-02  0.712040663    
  0.697093129      -9.02710631E-02  -2.91323531E-02  0.710678220    
  0.698335588      -9.07730833E-02  -3.09400074E-02  0.709316790    
  0.699567854      -9.12678018E-02  -3.27527858E-02  0.707956374    
  0.700789988      -9.17552263E-02  -3.45705971E-02  0.706596911    
  0.702001989      -9.22353640E-02  -3.63933556E-02  0.705238461    
  0.703203976      -9.27082300E-02  -3.82209755E-02  0.703880966    
  0.704395950      -9.31738243E-02  -4.00533825E-02  0.702524424    
  0.705577970      -9.36321691E-02  -4.18904833E-02  0.701168895    
  0.706750095      -9.40832645E-02  -4.37321998E-02  0.699814260    
  0.707912326      -9.45271254E-02  -4.55784462E-02  0.698460579    
  0.709064722      -9.49637666E-02  -4.74291444E-02  0.697107852    
  0.710207343      -9.53932032E-02  -4.92842086E-02  0.695756078    
  0.711340249      -9.58154425E-02  -5.11435606E-02  0.694405198    
  0.712463439      -9.62304994E-02  -5.30071184E-02  0.693055212    
  0.713576972      -9.66383889E-02  -5.48748150E-02  0.691706181    
  0.714680910      -9.70391110E-02  -5.67465723E-02  0.690358043    
  0.715775251      -9.74326953E-02  -5.86223081E-02  0.689010799    
  0.716860056      -9.78191495E-02  -6.05019443E-02  0.687664449    
  0.717935383      -9.81984884E-02  -6.23854101E-02  0.686318994    
  0.719001234      -9.85707268E-02  -6.42726272E-02  0.684974372    
  0.720057666      -9.89358798E-02  -6.61635175E-02  0.683630645    
  0.721104681      -9.92939621E-02  -6.80580214E-02  0.682287812    
  0.722142339      -9.96449888E-02  -6.99560642E-02  0.680945814    
  0.723170698      -9.99889746E-02  -7.18575716E-02  0.679604709    
  0.724189758     -0.100325927      -7.37624764E-02  0.678264439    
  0.725199580     -0.100655869      -7.56707042E-02  0.676925063    
  0.726200223     -0.100978814      -7.75821880E-02  0.675586522    
  0.727191687     -0.101294786      -7.94968605E-02  0.674248815    
  0.728174031     -0.101603799      -8.14146474E-02  0.672912002    
  0.729147255     -0.101905867      -8.33354890E-02  0.671576023    
  0.730111361     -0.102201007      -8.52593184E-02  0.670240879    
  0.731066465     -0.102489226      -8.71860683E-02  0.668906569    
  0.732012510     -0.102770545      -8.91156793E-02  0.667573154    
  0.732949615     -0.103044979      -9.10480842E-02  0.666240573    
  0.733877778     -0.103312552      -9.29832235E-02  0.664908826    
  0.734797001     -0.103573270      -9.49210301E-02  0.663577914    
  0.735707343     -0.103827164      -9.68614370E-02  0.662247837    
  0.736608803     -0.104074240      -9.88043845E-02  0.660918653    
  0.737501442     -0.104314514     -0.100749813      0.659590304    
  0.738385260     -0.104548007     -0.102697663      0.658262789    
  0.739260316     -0.104774736     -0.104647882      0.656936109    
  0.740126610     -0.104994714     -0.106600404      0.655610323    
  0.740984201     -0.105207957     -0.108555175      0.654285371    
  0.741833091     -0.105414480     -0.110512137      0.652961254    
  0.742673278     -0.105614305     -0.112471230      0.651638031    
  0.743504822     -0.105807438     -0.114432402      0.650315642    
  0.744327784     -0.105993904     -0.116395600      0.648994148    
  0.745142102     -0.106173716     -0.118360765      0.647673488    
  0.745947897     -0.106346883     -0.120327853      0.646353722    
  0.746745110     -0.106513426     -0.122296803      0.645034850    
  0.747533798     -0.106673360     -0.124267563      0.643716872    
  0.748314023     -0.106826693     -0.126240090      0.642399788    
  0.749085784     -0.106973447     -0.128214329      0.641083598    
  0.749849081     -0.107113637     -0.130190223      0.639768302    
  0.750603914     -0.107247278     -0.132167727      0.638453901    
  0.751350343     -0.107374378     -0.134146795      0.637140453    
  0.752088428     -0.107494958     -0.136127368      0.635827899    
  0.752818108     -0.107609026     -0.138109401      0.634516299    
  0.753539443     -0.107716590     -0.140092865      0.633205593    
  0.754252493     -0.107817672     -0.142077699      0.631895840    
  0.754957199     -0.107912280     -0.144063860      0.630587041    
  0.755653620     -0.108000435     -0.146051288      0.629279196    
  0.756341815     -0.108082138     -0.148039952      0.627972364    
  0.757021725     -0.108157411     -0.150029808      0.626666486    
  0.757693410     -0.108226255     -0.152020812      0.625361621    
  0.758356929     -0.108288683     -0.154012933      0.624057770    
  0.759012222     -0.108344704     -0.156006128      0.622754931    
  0.759659350     -0.108394332     -0.158000350      0.621453106    
  0.760298371     -0.108437575     -0.159995556      0.620152295    
  0.760929227     -0.108474441     -0.161991701      0.618852556    
  0.761551976     -0.108504936     -0.163988754      0.617553830    
  0.762166619     -0.108529069     -0.165986687      0.616256177    
  0.762773156     -0.108546853     -0.167985439      0.614959598    
  0.763371646     -0.108558297     -0.169984996      0.613664091    
  0.763962090     -0.108563401     -0.171985313      0.612369716    
  0.764544487     -0.108562171     -0.173986360      0.611076474    
  0.765118837     -0.108554609     -0.175988093      0.609784305    
  0.765685201     -0.108540721     -0.177990496      0.608493328    
  0.766243577     -0.108520508     -0.179993525      0.607203484    
  0.766793966     -0.108493976     -0.181997150      0.605914831    
  0.767336428     -0.108461134     -0.184001341      0.604627311    
  0.767870903     -0.108421974     -0.186006069      0.603340983    
  0.768397450     -0.108376496     -0.188011318      0.602055907    
  0.768916070     -0.108324699     -0.190017045      0.600772023    
  0.769426763     -0.108266585     -0.192023233      0.599489391    
  0.769929588     -0.108202159     -0.194029853      0.598208010    
  0.770424485     -0.108131409     -0.196036875      0.596927881    
  0.770911515     -0.108054332     -0.198044270      0.595649064    
  0.771390676     -0.107970931     -0.200052023      0.594371557    
  0.771861970     -0.107881196     -0.202060118      0.593095362    
  0.772325456     -0.107785128     -0.204068527      0.591820478    
  0.772781074     -0.107682720     -0.206077233      0.590546906    
  0.773228884     -0.107573956     -0.208086208      0.589274704    
  0.773668885     -0.107458830     -0.210095435      0.588003874    
  0.774101079     -0.107337333     -0.212104902      0.586734474    
  0.774525464     -0.107209451     -0.214114606      0.585466444    
  0.774942040     -0.107075177     -0.216124520      0.584199846    
  0.775350869     -0.106934495     -0.218134627      0.582934678    
  0.775751948     -0.106787398     -0.220144913      0.581671000    
  0.776145220     -0.106633872     -0.222155362      0.580408812    
  0.776530743     -0.106473893     -0.224165976      0.579148114    
  0.776908517     -0.106307447     -0.226176739      0.577888906    
  0.777278543     -0.106134519     -0.228187650      0.576631188    
  0.777640820     -0.105955087     -0.230198696      0.575375021    
  0.777995348     -0.105769128     -0.232209876      0.574120402    
  0.778342187     -0.105576627     -0.234221190      0.572867393    
  0.778681278     -0.105377555     -0.236232623      0.571615934    
  0.779012620     -0.105171889     -0.238244191      0.570366085    
  0.779336274     -0.104959607     -0.240255877      0.569117844    
  0.779652178     -0.104740687     -0.242267683      0.567871273    
  0.779960394     -0.104515098     -0.244279623      0.566626310    
  0.780260861     -0.104282796     -0.246291697      0.565383017    
  0.780553639     -0.104043767     -0.248303905      0.564141393    
  0.780838728     -0.103797980     -0.250316262      0.562901497    
  0.781116068     -0.103545390     -0.252328783      0.561663330    
  0.781385720     -0.103285976     -0.254341453      0.560426891    
  0.781647623     -0.103019699     -0.256354302      0.559192181    
  0.781901836     -0.102746524     -0.258367330      0.557959199    
  0.782148302     -0.102466397     -0.260380566      0.556728005    
  0.782387078     -0.102179296     -0.262394011      0.555498600    
  0.782618105     -0.101885170     -0.264407724      0.554270983    
  0.782841384     -0.101583973     -0.266421705      0.553045154    
  0.783056974     -0.101275660     -0.268435955      0.551821172    
  0.783264816     -0.100960188     -0.270450532      0.550599039    
  0.783464849     -0.100637510     -0.272465438      0.549378753    
  0.783657134     -0.100307576     -0.274480700      0.548160315    
  0.783841670      -9.99703333E-02 -0.276496381      0.546943724    
  0.784018397      -9.96257514E-02 -0.278512478      0.545729041    
  0.784187376      -9.92737710E-02 -0.280529022      0.544516206    
  0.784348547      -9.89143252E-02 -0.282546073      0.543305278    
  0.784501851      -9.85473618E-02 -0.284563661      0.542096257    
  0.784647346      -9.81728286E-02 -0.286581814      0.540889144    
  0.784784973      -9.77906659E-02 -0.288600594      0.539683938    
  0.784914732      -9.74008143E-02 -0.290620029      0.538480699    
  0.785036623      -9.70032290E-02 -0.292640179      0.537279367    
  0.785150588      -9.65978429E-02 -0.294661075      0.536080003    
  0.785256624      -9.61845815E-02 -0.296682775      0.534882605    
  0.785354733      -9.57633853E-02 -0.298705339      0.533687115    
  0.785444856      -9.53341946E-02 -0.300728828      0.532493591    
  0.785526991      -9.48969349E-02 -0.302753270      0.531302035    
  0.785601079      -9.44515392E-02 -0.304778755      0.530112445    
  0.785667121      -9.39979404E-02 -0.306805342      0.528924823    
  0.785725117      -9.35360864E-02 -0.308833092      0.527739167    
  0.785774946      -9.30658877E-02 -0.310862094      0.526555479    
  0.785816669      -9.25872773E-02 -0.312892407      0.525373757    
  0.785850167      -9.21001956E-02 -0.314924061      0.524194002    
  0.785875440      -9.16045606E-02 -0.316957176      0.523016214    
  0.785892487      -9.11002979E-02 -0.318991840      0.521840394    
  0.785901189      -9.05873328E-02 -0.321028113      0.520666540    
  0.785901546      -9.00656059E-02 -0.323066056      0.519494593    
  0.785893559      -8.95350352E-02 -0.325105786      0.518324614    
  0.785877109      -8.89955461E-02 -0.327147394      0.517156601    
  0.785852194      -8.84470940E-02 -0.329190940      0.515990496    
  0.785818756      -8.78895894E-02 -0.331236511      0.514826298    
  0.785776675      -8.73229429E-02 -0.333284229      0.513664067    
  0.785725951      -8.67470875E-02 -0.335334212      0.512503743    
  0.785666525      -8.61619636E-02 -0.337386519      0.511345327    
  0.785598338      -8.55674818E-02 -0.339441299      0.510188758    
  0.785521269      -8.49635750E-02 -0.341498643      0.509034097    
  0.785435319      -8.43501985E-02 -0.343558609      0.507881284    
  0.785340369      -8.37272704E-02 -0.345621347      0.506730318    
  0.785236359      -8.30947086E-02 -0.347686976      0.505581200    
  0.785123229      -8.24524537E-02 -0.349755645      0.504433930    
  0.785000861      -8.18004459E-02 -0.351827413      0.503288448    
  0.784869194      -8.11386183E-02 -0.353902459      0.502144754    
  0.784728110      -8.04669037E-02 -0.355980873      0.501002848    
  0.784577549      -7.97852501E-02 -0.358062804      0.499862731    
  0.784417450      -7.90936127E-02 -0.360148340      0.498724371    
  0.784247637      -7.83919320E-02 -0.362237662      0.497587740    
  0.784068048      -7.76801556E-02 -0.364330888      0.496452838    
  0.783878624      -7.69582540E-02 -0.366428107      0.495319635    
  0.783679187      -7.62261823E-02 -0.368529499      0.494188100    
  0.783469617      -7.54838958E-02 -0.370635211      0.493058234    
  0.783249795      -7.47313574E-02 -0.372745365      0.491930038    
  0.783019662      -7.39685521E-02 -0.374860108      0.490803480    
  0.782779038      -7.31954426E-02 -0.376979589      0.489678562    
  0.782527804      -7.24120215E-02 -0.379103988      0.488555253    
  0.782265842      -7.16182739E-02 -0.381233364      0.487433523    
