   1.00000000    
   1.00000560    
   1.00000882    
   1.00000870    
   1.00000894    
   1.00000823    
   1.00000763    
   1.00000608    
   1.00000513    
   1.00000453    
   1.00000465    
   1.00000536    
   1.00000763    
   1.00000978    
   1.00001335    
   1.00001740    
   1.00002277    
   1.00002873    
   1.00003564    
   1.00004315    
   1.00005198    
   1.00006080    
   1.00007021    
   1.00008070    
   1.00009120    
   1.00010264    
   1.00011420    
   1.00012636    
   1.00013888    
   1.00015187    
   1.00016487    
   1.00017798    
   1.00019169    
   1.00020576    
   1.00021982    
   1.00023377    
   1.00024807    
   1.00026238    
   1.00027692    
   1.00029147    
   1.00030589    
   1.00032067    
   1.00033510    
   1.00034988    
   1.00036466    
   1.00037909    
   1.00039399    
   1.00040877    
   1.00042272    
   1.00043750    
   1.00045216    
   1.00046623    
   1.00048053    
   1.00049520    
   1.00050902    
   1.00052309    
   1.00053668    
   1.00055063    
   1.00056398    
   1.00057769    
   1.00059128    
   1.00060439    
   1.00061727    
   1.00063014    
   1.00064301    
   1.00065517    
   1.00066757    
   1.00067949    
   1.00069153    
   1.00070310    
   1.00071430    
   1.00072563    
   1.00073695    
   1.00074768    
   1.00075781    
   1.00076795    
   1.00077760    
   1.00078690    
   1.00079608    
   1.00080514    
   1.00081325    
   1.00082171    
   1.00082946    
   1.00083709    
   1.00084412    
   1.00085056    
   1.00085688    
   1.00086308    
   1.00086856    
   1.00087345    
   1.00087821    
   1.00088239    
   1.00088608    
   1.00088978    
   1.00089264    
   1.00089526    
   1.00089717    
   1.00089884    
   1.00089991    
   1.00090027    
   1.00090039    
   1.00090003    
   1.00089908    
   1.00089800    
   1.00089586    
   1.00089359    
   1.00089097    
   1.00088763    
   1.00088370    
   1.00087953    
   1.00087464    
   1.00086904    
   1.00086308    
   1.00085664    
   1.00084949    
   1.00084209    
   1.00083399    
   1.00082564    
   1.00081682    
   1.00080705    
   1.00079727    
   1.00078666    
   1.00077558    
   1.00076389    
   1.00075197    
   1.00073981    
   1.00072694    
   1.00071323    
   1.00069952    
   1.00068521    
   1.00067008    
   1.00065541    
   1.00063920    
   1.00062299    
   1.00060678    
   1.00058961    
   1.00057220    
   1.00055456    
   1.00053608    
   1.00051749    
   1.00049841    
   1.00047922    
   1.00045955    
   1.00043941    
   1.00041890    
   1.00039816    
   1.00037730    
   1.00035620    
   1.00033450    
   1.00031281    
   1.00029063    
   1.00026798    
   1.00024593    
   1.00022280    
   1.00019979    
   1.00017667    
   1.00015283    
   1.00012946    
   1.00010574    
   1.00008118    
   1.00005746    
   1.00003314    
   1.00000942    
  0.999984860    
  0.999960065    
  0.999935508    
  0.999911189    
  0.999886394    
  0.999861479    
  0.999836802    
  0.999811888    
  0.999787867    
  0.999762535    
  0.999737501    
  0.999713063    
  0.999688625    
  0.999664545    
  0.999639392    
  0.999615669    
  0.999590933    
  0.999567509    
  0.999542952    
  0.999519467    
  0.999495983    
  0.999472558    
  0.999449253    
  0.999426007    
  0.999403358    
  0.999380469    
  0.999357581    
  0.999335945    
  0.999313951    
  0.999292135    
  0.999270439    
  0.999249339    
  0.999228656    
  0.999207973    
  0.999187231    
  0.999167323    
  0.999147654    
  0.999128461    
  0.999109507    
  0.999090612    
  0.999072075    
  0.999053895    
  0.999036431    
  0.999018908    
  0.999001861    
  0.998985410    
  0.998968899    
  0.998952866    
  0.998937368    
  0.998922288    
  0.998907268    
  0.998892844    
  0.998879135    
  0.998865485    
  0.998852491    
  0.998839498    
  0.998826623    
  0.998814702    
  0.998802841    
  0.998791456    
  0.998780608    
  0.998770177    
  0.998759925    
  0.998750210    
  0.998740911    
  0.998731852    
  0.998723209    
  0.998714805    
  0.998707056    
  0.998699248    
  0.998692334    
  0.998685598    
  0.998678803    
  0.998672843    
  0.998667479    
  0.998661518    
  0.998656869    
  0.998651862    
  0.998647213    
  0.998643339    
  0.998639464    
  0.998635650    
  0.998632371    
  0.998629689    
  0.998627186    
  0.998624742    
  0.998623013    
  0.998620987    
  0.998619497    
  0.998618066    
  0.998617172    
  0.998616219    
  0.998615742    
  0.998615384    
  0.998615205    
  0.998615146    
  0.998615503    
  0.998615623    
  0.998616457    
  0.998616934    
  0.998618007    
  0.998618960    
  0.998620510    
  0.998621702    
  0.998623192    
  0.998624682    
  0.998626232    
  0.998628259    
  0.998629987    
  0.998631954    
  0.998633981    
  0.998636603    
  0.998638511    
  0.998640537    
  0.998642862    
  0.998645544    
  0.998647869    
  0.998650074    
  0.998652577    
  0.998654902    
  0.998657465    
  0.998659730    
  0.998661876    
  0.998664260    
  0.998666525    
  0.998668909    
  0.998671055    
  0.998673677    
  0.998675227    
  0.998677611    
  0.998679459    
  0.998681664    
  0.998683691    
  0.998685300    
  0.998686612    
  0.998688400    
  0.998690128    
  0.998691797    
  0.998692870    
  0.998694062    
  0.998695374    
  0.998696268    
  0.998697221    
  0.998697877    
  0.998698592    
  0.998699248    
  0.998699725    
  0.998700023    
  0.998700142    
  0.998699903    
  0.998700023    
  0.998700023    
  0.998699784    
  0.998699307    
  0.998698592    
  0.998698115    
  0.998697340    
  0.998696566    
  0.998695195    
  0.998694301    
  0.998692989    
  0.998691678    
  0.998690367    
  0.998688221    
  0.998686910    
  0.998684883    
  0.998683274    
  0.998680949    
  0.998678684    
  0.998676598    
  0.998674512    
  0.998671889    
  0.998669267    
  0.998667121    
  0.998664379    
  0.998661518    
  0.998658776    
  0.998656154    
  0.998652875    
  0.998650193    
  0.998646915    
  0.998643756    
  0.998641014    
  0.998637557    
  0.998634338    
  0.998631239    
  0.998628259    
  0.998624802    
  0.998621643    
  0.998618424    
  0.998615146    
  0.998611629    
  0.998608470    
  0.998605251    
  0.998602092    
  0.998598754    
  0.998595774    
  0.998592615    
  0.998589039    
  0.998585939    
  0.998582959    
  0.998580217    
  0.998577118    
  0.998574018    
  0.998571157    
  0.998568177    
  0.998565674    
  0.998562515    
  0.998560071    
  0.998557806    
  0.998554587    
  0.998552799    
  0.998550296    
  0.998547912    
  0.998545766    
  0.998543620    
  0.998541355    
  0.998539090    
  0.998537421    
  0.998535872    
  0.998533726    
  0.998532534    
  0.998530924    
  0.998529375    
  0.998528242    
  0.998527050    
  0.998525858    
  0.998524785    
  0.998523712    
  0.998522878    
  0.998522162    
  0.998521566    
  0.998520792    
  0.998520374    
  0.998519838    
  0.998519659    
  0.998519361    
  0.998519301    
