   0.00000000       0.00000000       0.00000000    
   2.98780086E-03   5.80842188E-03   1.17611513E-02
   6.08049892E-03   1.14725297E-02   2.34810766E-02
   9.27154254E-03   1.69923231E-02   3.51599753E-02
   1.25546437E-02   2.23680530E-02   4.67980243E-02
   1.59237441E-02   2.76001375E-02   5.83952703E-02
   1.93730425E-02   3.26892063E-02   6.99517131E-02
   2.28969548E-02   3.76360640E-02   8.14673454E-02
   2.64900904E-02   4.24416177E-02   9.29419473E-02
   3.01472880E-02   4.71069179E-02  0.104375310    
   3.38635407E-02   5.16331829E-02  0.115767166    
   3.76340598E-02   5.60217239E-02  0.127117172    
   4.14542705E-02   6.02739453E-02  0.138424933    
   4.53197286E-02   6.43913299E-02  0.149690077    
   4.92261723E-02   6.83754981E-02  0.160912305    
   5.31695075E-02   7.22280815E-02  0.172090933    
   5.71457893E-02   7.59508163E-02  0.183225632    
   6.11512400E-02   7.95455202E-02  0.194315925    
   6.51822463E-02   8.30140412E-02  0.205361351    
   6.92352578E-02   8.63582343E-02  0.216361254    
   7.33069703E-02   8.95801038E-02  0.227315336    
   7.73941502E-02   9.26814973E-02  0.238222823    
   8.14937130E-02   9.56644863E-02  0.249083385    
   8.56027231E-02   9.85311568E-02  0.259896636    
   8.97183120E-02  0.101283446      0.270661682    
   9.38377827E-02  0.103923559      0.281378418    
   9.79585573E-02  0.106453471      0.292046189    
  0.102078155      0.108875349      0.302664578    
  0.106194206      0.111191213      0.313233078    
  0.110304452      0.113403261      0.323751271    
  0.114406712      0.115513563      0.334218532    
  0.118498899      0.117524177      0.344634622    
  0.122579172      0.119437262      0.354999334    
  0.126645565      0.121254943      0.365311921    
  0.130696341      0.122979216      0.375572026    
  0.134729818      0.124612242      0.385779500    
  0.138744384      0.126156032      0.395933747    
  0.142738536      0.127612650      0.406034738    
  0.146710902      0.128984123      0.416081965    
  0.150660038      0.130272537      0.426075220    
  0.154584765      0.131479725      0.436014235    
  0.158483833      0.132607833      0.445898771    
  0.162356138      0.133658707      0.455728620    
  0.166200623      0.134634346      0.465503603    
  0.170016214      0.135536656      0.475223392    
  0.173802137      0.136367425      0.484887958    
  0.177557468      0.137128696      0.494497091    
  0.181281373      0.137822106      0.504050970    
  0.184973076      0.138449550      0.513549089    
  0.188632026      0.139012814      0.522991359    
  0.192257494      0.139513716      0.532378137    
  0.195848778      0.139953852      0.541708708    
  0.199405581      0.140335053      0.550983667    
  0.202927321      0.140658855      0.560203016    
  0.206413493      0.140926942      0.569366455    
  0.209863782      0.141140908      0.578474045    
  0.213277712      0.141302422      0.587525606    
  0.216655165      0.141412929      0.596521854    
  0.219995663      0.141474053      0.605462193    
  0.223299056      0.141487211      0.614347100    
  0.226565301      0.141453981      0.623176575    
  0.229793966      0.141375557      0.631950676    
  0.232985094      0.141253576      0.640669644    
  0.236138418      0.141089261      0.649333417    
  0.239254087      0.140884176      0.657942593    
  0.242331803      0.140639290      0.666496754    
  0.245371729      0.140356228      0.674996376    
  0.248373792      0.140036076      0.683441639    
  0.251338065      0.139680207      0.691832960    
  0.254264563      0.139289662      0.700169981    
  0.257153362      0.138865620      0.708453417    
  0.260004610      0.138409346      0.716683507    
  0.262818396      0.137922034      0.724860132    
  0.265594780      0.137404621      0.732983828    
  0.268333942      0.136858195      0.741054475    
  0.271036059      0.136283860      0.749072671    
  0.273701370      0.135682538      0.757038713    
  0.276329964      0.135055318      0.764952600    
  0.278922170      0.134403214      0.772814870    
  0.281478137      0.133727118      0.780625701    
  0.283998102      0.133027881      0.788385212    
  0.286482394      0.132306606      0.796094120    
  0.288931131      0.131563887      0.803752363    
  0.291344702      0.130800769      0.811360538    
  0.293723255      0.130018055      0.818918586    
  0.296067089      0.129216447      0.826426923    
  0.298376709      0.128396854      0.833885908    
  0.300652236      0.127560049      0.841296077    
  0.302893966      0.126706719      0.848657429    
  0.305102199      0.125837684      0.855970144    
  0.307277322      0.124953531      0.863235116    
  0.309419632      0.124054916      0.870452106    
  0.311529487      0.123142667      0.877621830    
  0.313607186      0.122217357      0.884744465    
  0.315652966      0.121279500      0.891820192    
  0.317667395      0.120329998      0.898849666    
  0.319650561      0.119369127      0.905833006    
  0.321603000      0.118397698      0.912770391    
  0.323524982      0.117416136      0.919662356    
  0.325416625      0.116424963      0.926509202    
  0.327278763      0.115424894      0.933311284    
  0.329111367      0.114416249      0.940068901    
  0.330915034      0.113399670      0.946782529    
  0.332689822      0.112375543      0.953452468    
  0.334436297      0.111344352      0.960078537    
  0.336154819      0.110306561      0.966661572    
  0.337845653      0.109262697      0.973202050    
  0.339509189      0.108212963      0.979699969    
  0.341145664      0.107158080      0.986155510    
  0.342755526      0.106098264      0.992569745    
  0.344339281      0.105033755      0.998941839    
  0.345896989      0.103965253       1.00527322    
  0.347429097      0.102892987       1.01156354    
  0.348935962      0.101817250       1.01781309    
  0.350417912      0.100738503       1.02402282    
  0.351875424       9.96569321E-02   1.03019249    
  0.353308499       9.85729620E-02   1.03632259    
  0.354717940       9.74869877E-02   1.04241323    
  0.356103718       9.63990390E-02   1.04846513    
  0.357466131       9.53095481E-02   1.05447841    
  0.358805895       9.42189842E-02   1.06045318    
  0.360123008       9.31273773E-02   1.06639016    
  0.361417830       9.20350254E-02   1.07228911    
  0.362690657       9.09422338E-02   1.07815039    
  0.363942027       8.98490623E-02   1.08397543    
  0.365172118       8.87561366E-02   1.08976340    
  0.366381049       8.76634568E-02   1.09551466    
  0.367569536       8.65711719E-02   1.10122919    
  0.368737727       8.54794383E-02   1.10690868    
  0.369885623       8.43888149E-02   1.11255193    
  0.371013701       8.32992718E-02   1.11815953    
  0.372122586       8.22107866E-02   1.12373304    
  0.373212069       8.11237618E-02   1.12927067    
  0.374282748       8.00384581E-02   1.13477433    
  0.375334978       7.89550170E-02   1.14024377    
  0.376368701       7.78735653E-02   1.14567900    
  0.377384722       7.67941624E-02   1.15108061    
  0.378382802       7.57169276E-02   1.15644932    
  0.379363358       7.46420324E-02   1.16178489    
  0.380326807       7.35698864E-02   1.16708684    
  0.381273329       7.25004002E-02   1.17235625    
  0.382203192       7.14336485E-02   1.17759371    
  0.383116603       7.03699961E-02   1.18279898    
  0.384014070       6.93092495E-02   1.18797195    
  0.384895384       6.82517663E-02   1.19311380    
  0.385761321       6.71974272E-02   1.19822407    
  0.386611819       6.61465898E-02   1.20330346    
  0.387447238       6.50992990E-02   1.20835185    
  0.388267636       6.40552938E-02   1.21336985    
  0.389073551       6.30151480E-02   1.21835768    
  0.389864981       6.19786754E-02   1.22331464    
  0.390642315       6.09461293E-02   1.22824180    
  0.391405761       5.99175021E-02   1.23313999    
  0.392155319       5.88926412E-02   1.23800862    
  0.392891526       5.78719750E-02   1.24284768    
  0.393614262       5.68554588E-02   1.24765801    
  0.394324303       5.58431372E-02   1.25243914    
  0.395021349       5.48350960E-02   1.25719225    
  0.395705789       5.38312569E-02   1.26191711    
  0.396377712       5.28318770E-02   1.26661277    
  0.397037774       5.18367700E-02   1.27128172    
  0.397685528       5.08462638E-02   1.27592278    
  0.398321688       4.98602875E-02   1.28053629    
  0.398946077       4.88786399E-02   1.28512263    
  0.399559259       4.79017980E-02   1.28968132    
  0.400161058       4.69294935E-02   1.29421329    
  0.400752068       4.59618531E-02   1.29871941    
  0.401332021       4.49989140E-02   1.30319810    
  0.401901335       4.40408029E-02   1.30765033    
  0.402460396       4.30872515E-02   1.31207740    
  0.403008938       4.21384536E-02   1.31647778    
  0.403547674       4.11946885E-02   1.32085311    
  0.404076159       4.02554944E-02   1.32520211    
  0.404595017       3.93213183E-02   1.32952571    
  0.405104309       3.83919775E-02   1.33382463    
  0.405604094       3.74673344E-02   1.33809853    
  0.406094819       3.65477502E-02   1.34234798    
  0.406576037       3.56329679E-02   1.34657121    
  0.407048702       3.47231515E-02   1.35077155    
  0.407512397       3.38181183E-02   1.35494649    
  0.407967627       3.29182893E-02   1.35909796    
  0.408414096       3.20230909E-02   1.36322498    
  0.408852369       3.11330333E-02   1.36732829    
  0.409282386       3.02477852E-02   1.37140799    
  0.409704536       2.93675251E-02   1.37546384    
  0.410118520       2.84921788E-02   1.37949646    
  0.410524786       2.76216678E-02   1.38350558    
  0.410923541       2.67563500E-02   1.38749158    
  0.411314577       2.58958377E-02   1.39145446    
  0.411698312       2.50400994E-02   1.39539444    
  0.412074983       2.41894014E-02   1.39931226    
  0.412444353       2.33436115E-02   1.40320706    
  0.412806809       2.25028172E-02   1.40707946    
  0.413162380       2.16666870E-02   1.41092956    
  0.413511068       2.08354164E-02   1.41475785    
  0.413853377       2.00092588E-02   1.41856360    
  0.414189070       1.91879421E-02   1.42234743    
  0.414518327       1.83712002E-02   1.42610943    
  0.414841354       1.75595209E-02   1.42985010    
  0.415158093       1.67526398E-02   1.43356872    
  0.415468961       1.59504469E-02   1.43726671    
  0.415773839       1.51531836E-02   1.44094229    
  0.416072667       1.43605191E-02   1.44459748    
  0.416365892       1.35726025E-02   1.44823098    
  0.416653246       1.27896424E-02   1.45184338    
  0.416935354       1.20113250E-02   1.45543516    
  0.417211860       1.12376194E-02   1.45900643    
  0.417483091       1.04684802E-02   1.46255672    
  0.417749047       9.70419124E-03   1.46608663    
  0.418009758       8.94446671E-03   1.46959543    
  0.418265343       8.18915851E-03   1.47308433    
  0.418516159       7.43862381E-03   1.47655272    
  0.418761939       6.69271266E-03   1.48000133    
  0.419002950       5.95115637E-03   1.48342943    
  0.419239074       5.21420827E-03   1.48683751    
  0.419470787       4.48189676E-03   1.49022567    
  0.419697911       3.75381997E-03   1.49359429    
  0.419920444       3.03039420E-03   1.49694288    
  0.420138568       2.31126160E-03   1.50027156    
  0.420352310       1.59660052E-03   1.50358033    
  0.420561910       8.86157271E-04   1.50687087    
  0.420767277       1.80408359E-04   1.51014042    
  0.420968652      -5.21376729E-04   1.51339149    
  0.421165884      -1.21864711E-03   1.51662290    
  0.421359152      -1.91187975E-03   1.51983595    
  0.421548545      -2.60065799E-03   1.52302933    
  0.421734035      -3.28530953E-03   1.52620351    
  0.421915919      -3.96586489E-03   1.52935874    
  0.422093987      -4.64216061E-03   1.53249514    
  0.422268510      -5.31434547E-03   1.53561270    
  0.422439486      -5.98230073E-03   1.53871107    
  0.422606766      -6.64630951E-03   1.54179132    
  0.422770798      -7.30626844E-03   1.54485214    
  0.422931373      -7.96213187E-03   1.54789495    
  0.423088640      -8.61413963E-03   1.55091918    
  0.423242509      -9.26208310E-03   1.55392456    
  0.423393339      -9.90608148E-03   1.55691195    
  0.423541069      -1.05463136E-02   1.55988133    
  0.423685521      -1.11823920E-02   1.56283128    
  0.423826873      -1.18147647E-02   1.56576419    
  0.423965424      -1.24433124E-02   1.56867790    
  0.424100906      -1.30679598E-02   1.57157362    
  0.424233615      -1.36889471E-02   1.57445168    
  0.424363285      -1.43062137E-02   1.57731128    
  0.424490184      -1.49197001E-02   1.58015263    
  0.424614370      -1.55294817E-02   1.58297658    
  0.424736023      -1.61355287E-02   1.58578265    
  0.424854964      -1.67382881E-02   1.58857155    
  0.424971104      -1.73372366E-02   1.59134173    
  0.425084889      -1.79324374E-02   1.59409440    
  0.425196141      -1.85243357E-02   1.59682918    
  0.425304800      -1.91126335E-02   1.59954655    
  0.425411016      -1.96976289E-02   1.60224652    
  0.425514966      -2.02789195E-02   1.60492849    
  0.425616682      -2.08567753E-02   1.60759330    
  0.425715834      -2.14313883E-02   1.61024022    
  0.425812781      -2.20024455E-02   1.61286986    
  0.425907642      -2.25703660E-02   1.61548257    
  0.426000059      -2.31347308E-02   1.61807704    
  0.426090598      -2.36958824E-02   1.62065458    
  0.426178813      -2.42538694E-02   1.62321496    
  0.426265121      -2.48086117E-02   1.62575841    
  0.426349223      -2.53599789E-02   1.62828398    
  0.426431447      -2.59082094E-02   1.63079274    
  0.426511765      -2.64534801E-02   1.63328421    
  0.426590115      -2.69954652E-02   1.63575923    
  0.426666528      -2.75341943E-02   1.63821578    
  0.426741153      -2.80700531E-02   1.64065635    
  0.426813900      -2.86026858E-02   1.64307952    
  0.426884800      -2.91324481E-02   1.64548576    
  0.426954180      -2.96590142E-02   1.64787507    
  0.427021593      -3.01828012E-02   1.65024745    
  0.427087486      -3.07037197E-02   1.65260351    
  0.427151501      -3.12215295E-02   1.65494192    
  0.427214295      -3.17363068E-02   1.65726423    
  0.427275270      -3.22484225E-02   1.65956903    
  0.427334577      -3.27575691E-02   1.66185725    
  0.427392483      -3.32639031E-02   1.66412866    
  0.427449167      -3.37673500E-02   1.66638374    
  0.427504003      -3.42680812E-02   1.66862202    
  0.427557588      -3.47660482E-02   1.67084324    
  0.427609831      -3.52612920E-02   1.67304873    
  0.427660555      -3.57537605E-02   1.67523646    
  0.427710027      -3.62434313E-02   1.67740822    
  0.427758187      -3.67305167E-02   1.67956305    
  0.427805036      -3.72150168E-02   1.68170106    
  0.427850664      -3.76967192E-02   1.68382311    
  0.427895218      -3.81759293E-02   1.68592846    
  0.427938521      -3.86525653E-02   1.68801737    
  0.427980512      -3.91266793E-02   1.69009030    
  0.428021699      -3.95980105E-02   1.69214654    
  0.428061396      -4.00668569E-02   1.69418538    
  0.428100377      -4.05332260E-02   1.69620872    
  0.428138107      -4.09969948E-02   1.69821489    
  0.428175002      -4.14583534E-02   1.70020545    
  0.428210825      -4.19172458E-02   1.70217955    
  0.428245693      -4.23735231E-02   1.70413661    
  0.428279668      -4.28273305E-02   1.70607674    
  0.428312808      -4.32789400E-02   1.70800221    
  0.428345084      -4.37279642E-02   1.70991039    
  0.428376585      -4.41746116E-02   1.71180284    
  0.428407133      -4.46187034E-02   1.71367788    
  0.428437114      -4.50606234E-02   1.71553707    
  0.428466171      -4.55001667E-02   1.71738052    
  0.428494662      -4.59371060E-02   1.71920657    
  0.428522438      -4.63719256E-02   1.72101700    
  0.428549379      -4.68041562E-02   1.72281086    
  0.428575903      -4.72341552E-02   1.72458827    
  0.428601801      -4.76619117E-02   1.72635007    
  0.428627193      -4.80870530E-02   1.72809446    
  0.428651989      -4.85100709E-02   1.72982335    
  0.428676277      -4.89307083E-02   1.73153555    
  0.428700000      -4.93489653E-02   1.73323095    
  0.428723454      -4.97649349E-02   1.73491061    
  0.428746432      -5.01784831E-02   1.73657429    
  0.428768963      -5.05897701E-02   1.73822093    
  0.428791285      -5.09986952E-02   1.73985136    
  0.428813040      -5.14052697E-02   1.74146497    
  0.428834677      -5.18096276E-02   1.74306309    
  0.428856015      -5.22114448E-02   1.74464405    
  0.428877085      -5.26110902E-02   1.74620903    
  0.428897768      -5.30081354E-02   1.74775660    
  0.428918481      -5.34028895E-02   1.74928844    
  0.428939074      -5.37952930E-02   1.75080395    
  0.428959429      -5.41852303E-02   1.75230217    
  0.428979665      -5.45728430E-02   1.75378478    
  0.428999722      -5.49579449E-02   1.75524950    
  0.429019809      -5.53404428E-02   1.75669849    
  0.429039925      -5.57206832E-02   1.75813055    
  0.429060012      -5.60984351E-02   1.75954664    
  0.429080129      -5.64734824E-02   1.76094460    
  0.429100215      -5.68460561E-02   1.76232636    
  0.429120451      -5.72161786E-02   1.76369166    
  0.429140836      -5.75834997E-02   1.76503980    
  0.429161251      -5.79484254E-02   1.76637125    
  0.429181784      -5.83103634E-02   1.76768506    
  0.429202676      -5.86697534E-02   1.76898301    
  0.429223537      -5.90264909E-02   1.77026331    
  0.429244667      -5.93803450E-02   1.77152598    
  0.429266155      -5.97315468E-02   1.77277243    
  0.429287791      -6.00797124E-02   1.77400136    
  0.429309785      -6.04250468E-02   1.77521253    
  0.429331928      -6.07675053E-02   1.77640700    
  0.429354638      -6.11067973E-02   1.77758360    
  0.429377466      -6.14432693E-02   1.77874327    
  0.429400742      -6.17765561E-02   1.77988493    
  0.429424345      -6.21065795E-02   1.78100908    
  0.429448456      -6.24334738E-02   1.78211570    
  0.429472923      -6.27570301E-02   1.78320432    
  0.429497749      -6.30773231E-02   1.78427589    
  0.429523021      -6.33940250E-02   1.78532851    
  0.429548800      -6.37073591E-02   1.78636372    
  0.429574907      -6.40171468E-02   1.78738034    
  0.429601431      -6.43234104E-02   1.78837955    
  0.429628432      -6.46259114E-02   1.78936017    
  0.429655969      -6.49246201E-02   1.79032242    
  0.429684073      -6.52194768E-02   1.79126644    
  0.429712445      -6.55104965E-02   1.79219234    
  0.429741263      -6.57972619E-02   1.79309893    
  0.429770648      -6.60799667E-02   1.79398680    
  0.429800540      -6.63584098E-02   1.79485595    
  0.429830641      -6.66325986E-02   1.79570556    
  0.429861307      -6.69025257E-02   1.79653716    
  0.429892391      -6.71678111E-02   1.79734933    
  0.429924101      -6.74284846E-02   1.79814279    
  0.429955959      -6.76843449E-02   1.79891598    
  0.429988146      -6.79354817E-02   1.79967010    
  0.430020869      -6.81817755E-02   1.80040467    
  0.430053771      -6.84228241E-02   1.80111897    
  0.430087119      -6.86586499E-02   1.80181420    
  0.430120468      -6.88892752E-02   1.80248892    
  0.430154145      -6.91144466E-02   1.80314410    
  0.430188179      -6.93340749E-02   1.80377901    
  0.430222034      -6.95481673E-02   1.80439305    
  0.430256218      -6.97561875E-02   1.80498743    
  0.430290401      -6.99583814E-02   1.80556071    
  0.430324346      -7.01545924E-02   1.80611336    
  0.430358440      -7.03443959E-02   1.80664480    
  0.430392295      -7.05278963E-02   1.80715561    
  0.430425942      -7.07048252E-02   1.80764472    
  0.430459201      -7.08752275E-02   1.80811298    
  0.430492163      -7.10388348E-02   1.80856025    
  0.430524737      -7.11954460E-02   1.80898595    
  0.430556655      -7.13449121E-02   1.80938923    
  0.430587977      -7.14870840E-02   1.80977106    
  0.430618405      -7.16219321E-02   1.81013095    
  0.430648148      -7.17491806E-02   1.81046855    
  0.430676728      -7.18687177E-02   1.81078422    
  0.430704266      -7.19803870E-02   1.81107748    
  0.430730581      -7.20840320E-02   1.81134760    
  0.430755407      -7.21795410E-02   1.81159568    
  0.430778742      -7.22665787E-02   1.81182015    
  0.430800468      -7.23451525E-02   1.81202161    
  0.430820256      -7.24150240E-02   1.81220067    
  0.430838048      -7.24761486E-02   1.81235600    
  0.430853605      -7.25282282E-02   1.81248772    
  0.430866867      -7.25712478E-02   1.81259573    
  0.430877507      -7.26048723E-02   1.81267989    
  0.430885494      -7.26290792E-02   1.81274021    
  0.430890322      -7.26437345E-02   1.81277657    
  0.430891901      -7.26487115E-02   1.81278896    
