   10.6005135    
  0.150775760    
   6.39115497E-02
   6.81295916E-02
   3.53734605E-02
   1.95811801E-02
   3.76937836E-02
   5.23186736E-02
   4.96517979E-02
   3.99371088E-02
   4.15643603E-02
   4.33180295E-02
   2.45321579E-02
   5.92312925E-02
   5.81964925E-02
   3.45839188E-02
   3.58008891E-02
   3.71057428E-02
   3.83920074E-02
   3.07599958E-02
   2.98357848E-02
   2.89587602E-02
   2.81321760E-02
   2.73517836E-02
   2.71873102E-02
   2.79320329E-02
   2.87232306E-02
   2.95201819E-02
   1.71266384E-02
   1.74096059E-02
   1.15385680E-02
   1.14061944E-02
   1.12768328E-02
   1.11503806E-02
   1.10267401E-02
   1.09095750E-02
   1.07912030E-02
   1.18421530E-02
   1.17033971E-02
   1.15357367E-02
   1.03499005E-02
   1.03374077E-02
   1.03853550E-02
   1.04891639E-02
   1.05885509E-02
   8.80715623E-03
   8.77113733E-03
   8.84847250E-03
   5.39288716E-03
   5.42195328E-03
   5.44729037E-03
   5.47708850E-03
   5.50152129E-03
   5.52230747E-03
   5.55287907E-03
   5.92885632E-03
   5.89380879E-03
   5.85917430E-03
   5.82494447E-03
   5.79111278E-03
   5.75767318E-03
   5.72461775E-03
   5.69194043E-03
   5.65963378E-03
   5.62769314E-03
   5.59611060E-03
   5.56488195E-03
   5.53400023E-03
   5.52641647E-03
   5.55704162E-03
   5.58800856E-03
   5.61932195E-03
   5.64872008E-03
   5.68071846E-03
   5.70861902E-03
   5.73456800E-03
   5.76077728E-03
   3.60645051E-03
   3.58387292E-03
   3.59674054E-03
   3.56802950E-03
   3.17142508E-03
   3.23535502E-03
   3.29840370E-03
   3.28754238E-03
   3.33034480E-03
   3.42559884E-03
   3.50994524E-03
   3.65995313E-03
   3.67249874E-03
   3.72465048E-03
   3.77069600E-03
   3.75610497E-03
   3.75605980E-03
   3.76186613E-03
   3.76729527E-03
   3.75817111E-03
   3.74543201E-03
   3.73143004E-03
   3.71753238E-03
   3.58853303E-03
   3.57492198E-03
   3.55609087E-03
   3.54345911E-03
   3.52489413E-03
   3.51099903E-03
   3.48381698E-03
   3.45771969E-03
   3.44406371E-03
   3.42878420E-03
   3.35438317E-03
   4.32941550E-03
   4.31177998E-03
   4.29216539E-03
   4.64654248E-03
   7.40636559E-03
   7.36952759E-03
   7.31541729E-03
   7.31528178E-03
   8.64546467E-03
   8.62968620E-03
   1.12924799E-02
   1.14207221E-02
   1.15519026E-02
   1.16861230E-02
   1.18193198E-02
   1.19598452E-02
   8.37640185E-03
   8.37905053E-03
   8.44955351E-03
   8.52125045E-03
   8.60373396E-03
   8.66843294E-03
   8.74390174E-03
   8.83050822E-03
   8.89892690E-03
   7.15073431E-03
   4.59182262E-03
   4.61572502E-03
   4.63706208E-03
   4.65861429E-03
   4.68036765E-03
   4.70373593E-03
   4.72594798E-03
   4.74833557E-03
   4.77093551E-03
   4.79676947E-03
   4.81983367E-03
   4.85267444E-03
   4.87627974E-03
   4.90011601E-03
   4.91769193E-03
   4.93380055E-03
   4.95983846E-03
   4.97626560E-03
   5.00109047E-03
   5.01960004E-03
   5.01164934E-03
   4.51344671E-03
   3.65583203E-03
   3.66269471E-03
   3.67613463E-03
   3.67989740E-03
   3.69346398E-03
   3.13588162E-03
   3.12064704E-03
   3.13206855E-03
   3.14412056E-03
   3.16526112E-03
   4.94280783E-03
   5.14590601E-03
   5.94176073E-03
   5.90656092E-03
   8.80661421E-03
   8.80941562E-03
   8.73215031E-03
   1.27675338E-02
   1.26055609E-02
   1.24476580E-02
   1.31943133E-02
   1.41825890E-02
   1.40081709E-02
   1.93850435E-02
   1.90128833E-02
   1.86548084E-02
   1.82999671E-02
   2.18401644E-02
   2.13683415E-02
   2.11940110E-02
   2.16479916E-02
   2.21135281E-02
   9.60299280E-03
   9.69565473E-03
   9.78323352E-03
   9.86396614E-03
   9.96174477E-03
   1.00614782E-02
   1.01633556E-02
   1.02194566E-02
   1.03244297E-02
   1.04029756E-02
   1.00169424E-02
   6.58703549E-03
   6.59830170E-03
   6.56762905E-03
   6.52463688E-03
   6.48220442E-03
   6.44032098E-03
   6.39897678E-03
   6.36757677E-03
   6.32722396E-03
   6.28738012E-03
   6.24790974E-03
   6.20905776E-03
   6.17062487E-03
   6.13260362E-03
   6.09510997E-03
   6.05807267E-03
   6.02154434E-03
   5.98539459E-03
   5.94979711E-03
   5.91444224E-03
   5.87956468E-03
   5.84503775E-03
   6.04889076E-03
   6.02516672E-03
   5.97693445E-03
   5.96890785E-03
   6.00464270E-03
   5.99143095E-03
   5.96220884E-03
   5.91762504E-03
   5.95262600E-03
   5.98128233E-03
   5.50954789E-03
   5.53998677E-03
   5.55163622E-03
   5.57202334E-03
   5.59746101E-03
   5.62888104E-03
   5.55482367E-03
   5.52912522E-03
   4.59455187E-03
   4.55321698E-03
   4.54119127E-03
   3.62246064E-03
   3.60922399E-03
   3.59622086E-03
   3.54632805E-03
   3.53377382E-03
   3.10233282E-03
   3.06552229E-03
   3.03815701E-03
   3.01997666E-03
   2.96632922E-03
   2.92449724E-03
   2.93958467E-03
   2.93966453E-03
   3.06281657E-03
   3.08505725E-03
   3.09887924E-03
   3.11278389E-03
   3.12409480E-03
   3.20325210E-03
   5.09519037E-03
   5.09616686E-03
   5.09536127E-03
   5.11652697E-03
   5.26453042E-03
   5.55651216E-03
   5.81527688E-03
   6.04006322E-03
   6.06042380E-03
   6.90784585E-03
   6.86029252E-03
   6.82926131E-03
   6.80663437E-03
   6.76444871E-03
   6.71884557E-03
   6.68830983E-03
   6.73319353E-03
   6.77862298E-03
   6.82472857E-03
   6.86754612E-03
   6.87596388E-03
   6.89987559E-03
   5.11680730E-03
   5.13559906E-03
   5.15795173E-03
   5.17997658E-03
   5.07108634E-03
   5.08733978E-03
   4.73159039E-03
   4.75403154E-03
   4.32478590E-03
   4.30680765E-03
   4.28033713E-03
   4.26207064E-03
   4.17178730E-03
   4.18876391E-03
   4.23848396E-03
   4.26458474E-03
   4.29028971E-03
   4.32397751E-03
   4.34254529E-03
   4.40007960E-03
   4.41948324E-03
   4.43895627E-03
   5.54975960E-03
   5.52192749E-03
   5.49635664E-03
   5.46818972E-03
   5.43836970E-03
   5.41010778E-03
   5.38243679E-03
   5.35354391E-03
   5.34682116E-03
   5.37477853E-03
   5.40220272E-03
   5.43152494E-03
   5.46110654E-03
   5.47491480E-03
   5.48545271E-03
   5.51562570E-03
   3.85614857E-03
   3.87098594E-03
   3.88606125E-03
   3.89284873E-03
   3.90803209E-03
   3.92327271E-03
   3.92843969E-03
   3.94390291E-03
   3.95948766E-03
   3.97519628E-03
   3.99102969E-03
   4.00698977E-03
   4.02307836E-03
   4.03929595E-03
   4.05564485E-03
   4.06363374E-03
   4.08018101E-03
   4.09686286E-03
   4.11368115E-03
   4.13070433E-03
   4.14780248E-03
   4.15427797E-03
   4.17157169E-03
   4.18901024E-03
   4.20659455E-03
   4.22432739E-03
   4.24221018E-03
   4.26024478E-03
   4.27843351E-03
   4.26818291E-03
   4.28643962E-03
   4.30485234E-03
   4.26076213E-03
   1.88016519E-03
