  -1.09473860      -1.95795691      0.669093907    
  -1.09637582      -1.92890966      0.614047050    
  -1.09777451      -1.89940929      0.561503589    
  -1.09850562      -1.86999643      0.511320412    
  -1.09923685      -1.84025764      0.463604927    
  -1.10006332      -1.81097984      0.417896122    
  -1.09990442      -1.78143179      0.374344975    
  -1.09952295      -1.75173283      0.332876056    
  -1.09928453      -1.72286832      0.293310493    
  -1.09864867      -1.69333613      0.255544990    
  -1.09752023      -1.66432059      0.219730541    
  -1.09663010      -1.63549578      0.185537338    
  -1.09500885      -1.60688555      0.153060749    
  -1.09346712      -1.57810843      0.122026600    
  -1.09176636      -1.55020559       9.27050933E-02
  -1.08960474      -1.52231061       6.47266731E-02
  -1.08702981      -1.49432814       3.81350517E-02
  -1.08485222      -1.46720409       1.29262609E-02
  -1.08227730      -1.43983364      -1.09910965E-02
  -1.07928908      -1.41345656      -3.38157006E-02
  -1.07658708      -1.38669014      -5.52654266E-02
  -1.07328093      -1.36081374      -7.57614747E-02
  -1.06994307      -1.33485794      -9.50654373E-02
  -1.06646216      -1.30935514     -0.113296509    
  -1.06272697      -1.28442049     -0.130820274    
  -1.05927789      -1.25965679     -0.147024795    
  -1.05535185      -1.23536587     -0.162569687    
  -1.05136240      -1.21111870     -0.176942348    
  -1.04730928      -1.18765032     -0.190993145    
  -1.04316080      -1.16435683     -0.203835964    
  -1.03851950      -1.14152825     -0.216070816    
  -1.03438699      -1.11883485     -0.227502987    
  -1.02990472      -1.09666586     -0.238386795    
  -1.02523172      -1.07503331     -0.248483822    
  -1.02059042      -1.05337703     -0.258012623    
  -1.01582205      -1.03257501     -0.266889721    
  -1.01133978      -1.01176500     -0.275258213    
  -1.00617409     -0.991308689     -0.282812119    
  -1.00146925     -0.971460342     -0.290195137    
 -0.995953858     -0.951862335     -0.296807289    
 -0.991392136     -0.932514668     -0.303212792    
 -0.986274064     -0.913727283     -0.308811665    
 -0.981076539     -0.895098865     -0.314374775    
 -0.975926697     -0.876899540     -0.319079548    
 -0.970745087     -0.858998299     -0.323796272    
 -0.965340912     -0.841577828     -0.327901036    
 -0.960222900     -0.824264705     -0.331600517    
 -0.954659760     -0.807468116     -0.335017830    
 -0.949716568     -0.790766895     -0.338105351    
 -0.943899155     -0.774617970     -0.341093540    
 -0.938971817     -0.758779049     -0.343434006    
 -0.933170319     -0.742995739     -0.345659256    
 -0.928084075     -0.727840245     -0.347594410    
 -0.922679901     -0.712875545     -0.349279255    
 -0.916878402     -0.698308170     -0.350876659    
 -0.911951065     -0.683828175     -0.352128357    
 -0.906244934     -0.669578731     -0.352791935    
 -0.900952041     -0.655786216     -0.353725761    
 -0.895563781     -0.642428815     -0.354357570    
 -0.889921188     -0.628884614     -0.354588032    
 -0.884819031     -0.616065681     -0.354945660    
 -0.879112899     -0.603310287     -0.354838371    
 -0.873756409     -0.590801239     -0.354882091    
 -0.868431747     -0.578707457     -0.354671478    
 -0.862884521     -0.566655397     -0.354039669    
 -0.857830048     -0.554895401     -0.353618473    
 -0.852155685     -0.543443382     -0.352819771    
 -0.846767426     -0.532237709     -0.352235645    
 -0.841840088     -0.521187007     -0.351003796    
 -0.836181641     -0.510529697     -0.350133568    
 -0.830952346     -0.499769062     -0.348913670    
 -0.825611770     -0.489528984     -0.347705692    
 -0.820509613     -0.479497522     -0.346453995    
 -0.815232575     -0.469561428     -0.345166534    
 -0.809891999     -0.459788233     -0.343529373    
 -0.804758072     -0.450497866     -0.342067093    
 -0.799481094     -0.441038609     -0.340195507    
 -0.794665039     -0.431895256     -0.338677555    
 -0.789324462     -0.423111528     -0.336849689    
 -0.784222305     -0.414272159     -0.334997982    
 -0.779159844     -0.405844063     -0.333261490    
 -0.774200737     -0.397566944     -0.331393868    
 -0.769106567     -0.389208406     -0.328977913    
 -0.764218986     -0.381310791     -0.327424198    
 -0.759085000     -0.373323768     -0.325020164    
 -0.754117966     -0.365795702     -0.323224068    
 -0.749444962     -0.358279556     -0.320903450    
 -0.744485855     -0.350983948     -0.318980217    
 -0.739574432     -0.343698263     -0.316607952    
 -0.734909356     -0.336807966     -0.314589351    
 -0.729894638     -0.329840183     -0.312256813    
 -0.725229561     -0.323013455     -0.309852749    
 -0.720628083     -0.316431135     -0.307619572    
 -0.715812027     -0.310053438     -0.305231422    
 -0.711226463     -0.303735346     -0.303447247    
 -0.706577301     -0.297542423     -0.300586224    
 -0.701848686     -0.291475654     -0.298484176    
 -0.697286904     -0.285573810     -0.296191365    
 -0.692907989     -0.279700756     -0.293624401    
 -0.688433647     -0.274095923     -0.291446835    
 -0.683736801     -0.268578529     -0.289181858    
 -0.679405510     -0.263011456     -0.286591053    
 -0.675018609     -0.257751346     -0.284322113    
 -0.670607865     -0.252599508     -0.282047182    
 -0.666284561     -0.247403979     -0.279627234    
 -0.661842048     -0.242549181     -0.277203321    
 -0.657701492     -0.237571195     -0.275005907    
 -0.653346360     -0.232847527     -0.272579998    
 -0.649213791     -0.228061274     -0.270191818    
 -0.644954026     -0.223633647     -0.267976522    
 -0.640789688     -0.219046071     -0.265455246    
 -0.636625290     -0.214704871     -0.263090938    
 -0.632635772     -0.210387513     -0.261030585    
 -0.628415763     -0.206214190     -0.258485466    
 -0.624465942     -0.202034906     -0.256321818    
 -0.620476425     -0.198155642     -0.254001230    
 -0.616614044     -0.194132328     -0.251823664    
 -0.612378120     -0.190290809     -0.249397755    
 -0.608650863     -0.186574459     -0.247156620    
 -0.604645431     -0.182764724     -0.244871780    
 -0.600949943     -0.179243088     -0.242684290    
 -0.597103417     -0.175613165     -0.240439177    
 -0.593288720     -0.172189876     -0.238219902    
 -0.589346886     -0.168861941     -0.236113861    
 -0.585826218     -0.165467456     -0.233912468    
 -0.581979752     -0.162292525     -0.231599808    
 -0.578435242     -0.159065917     -0.229481861    
 -0.574723899     -0.155951574     -0.227342054    
 -0.571036339     -0.152922675     -0.225277737    
 -0.567523658     -0.149889782     -0.223324701    
 -0.563979149     -0.147008896     -0.221010044    
 -0.560450554     -0.144196555     -0.218969584    
 -0.556834519     -0.141339496     -0.217036411    
 -0.553377450     -0.138680145     -0.214741632    
 -0.550039589     -0.135867789     -0.212909773    
 -0.546606362     -0.133372352     -0.210825607    
 -0.543093681     -0.130781531     -0.208677843    
 -0.539946556     -0.128173828     -0.206806257    
 -0.536346436     -0.125822917     -0.204900905    
 -0.533239067     -0.123320520     -0.202896193    
 -0.529901206     -0.121034183     -0.200891495    
 -0.526563346     -0.118731461     -0.199157000    
 -0.523440063     -0.116412342     -0.197058916    
 -0.520292938     -0.114215411     -0.195107862    
 -0.516970932     -0.112043321     -0.193482637    
 -0.513974845     -0.109939277     -0.191424295    
 -0.510668755     -0.107866526     -0.189514950    
 -0.507664680     -0.105860829     -0.188042715    
 -0.504573166     -0.103784598     -0.185970470    
 -0.501600921     -0.101872779     -0.184126690    
 -0.498485565      -9.99619588E-02 -0.182384253    
 -0.495568901      -9.81534496E-02 -0.180689499    
 -0.492564827      -9.62699428E-02 -0.179092094    
 -0.489632279      -9.44629312E-02 -0.177145004    
 -0.486771256      -9.27363858E-02 -0.175535679    
 -0.483886391      -9.10197720E-02 -0.173648193    
 -0.480890274      -8.92996788E-02 -0.172124311    
 -0.478092819      -8.76898542E-02 -0.170439482    
 -0.475295395      -8.60884786E-02 -0.168695047    
 -0.472545624      -8.44751820E-02 -0.167214870    
 -0.469668716      -8.29443336E-02 -0.165593624    
 -0.467038155      -8.14666376E-02 -0.163592890    
 -0.464288384      -7.99263492E-02 -0.162422657    
 -0.461634010      -7.84610733E-02 -0.160837173    
 -0.458939880      -7.71219507E-02 -0.159180164    
 -0.456198066      -7.56258741E-02 -0.157564878    
 -0.453718513      -7.43543133E-02 -0.156037018    
 -0.450921059      -7.29640350E-02 -0.154544905    
 -0.448497146      -7.16840252E-02 -0.153021023    
 -0.445930153      -7.03771934E-02 -0.151485205    
 -0.443474442      -6.90887347E-02 -0.150223568    
 -0.440835953      -6.79567456E-02 -0.148363903    
 -0.438253075      -6.66464344E-02 -0.147126123    
 -0.435940415      -6.55253753E-02 -0.145653889    
 -0.433572143      -6.43889084E-02 -0.144314766    
 -0.431084633      -6.32082447E-02 -0.142900154    
 -0.428668648      -6.21065497E-02 -0.141414002    
 -0.426308304      -6.10848255E-02 -0.140074894    
 -0.423916191      -5.99612780E-02 -0.138610601    
 -0.421539932      -5.89564443E-02 -0.137313202    
 -0.419354439      -5.78731298E-02 -0.136019781    
 -0.417049736      -5.69149852E-02 -0.134555504    
 -0.414737076      -5.59851527E-02 -0.133287907    
 -0.412511826      -5.49192242E-02 -0.131930903    
 -0.410350174      -5.40633984E-02 -0.130756691    
 -0.408132881      -5.30898571E-02 -0.129424527    
 -0.405931473      -5.21729402E-02 -0.128107265    
 -0.403682381      -5.12833409E-02 -0.126833722    
 -0.401846558      -5.04722185E-02 -0.125585988    
 -0.399494171      -4.96062152E-02 -0.124462448    
 -0.397435814      -4.87568490E-02 -0.122998156    
 -0.395409256      -4.79539223E-02 -0.121921301    
 -0.393342972      -4.71594445E-02 -0.120663643    
 -0.391308457      -4.63296957E-02 -0.119552016    
 -0.389305741      -4.56343107E-02 -0.118224822    
 -0.387477875      -4.47948761E-02 -0.117215514    
 -0.385181099      -4.41146381E-02 -0.115878381    
 -0.383555889      -4.33474779E-02 -0.114853181    
 -0.381521374      -4.27057333E-02 -0.113594532    
 -0.379606098      -4.19621654E-02 -0.112474956    
 -0.377738476      -4.12585847E-02 -0.111497439    
 -0.375938416      -4.06021886E-02 -0.110260643    
 -0.374015182      -3.99676450E-02 -0.109141074    
 -0.372242928      -3.92829366E-02 -0.108037390    
 -0.370510429      -3.86978202E-02 -0.106964506    
 -0.368654728      -3.80424149E-02 -0.105963148    
 -0.366854668      -3.74625139E-02 -0.104717411    
 -0.365237385      -3.67907174E-02 -0.103857122    
 -0.363429397      -3.62714119E-02 -0.102589525    
 -0.361752510      -3.56785953E-02 -0.101656713    
 -0.360107422      -3.51332128E-02 -0.100667275    
 -0.358418614      -3.45066190E-02  -9.97145995E-02
 -0.356884807      -3.40258069E-02  -9.85483304E-02
 -0.355156273      -3.34881246E-02  -9.75489616E-02
 -0.353630394      -3.29963863E-02  -9.65754166E-02
 -0.351965427      -3.23499255E-02  -9.56058502E-02
 -0.350530952      -3.19525599E-02  -9.47634354E-02
 -0.348937511      -3.14712524E-02  -9.35822725E-02
 -0.347423553      -3.08928397E-02  -9.26742926E-02
 -0.346020848      -3.04517653E-02  -9.18209553E-02
 -0.344415516      -3.00454590E-02  -9.08195972E-02
 -0.342981011      -2.94846799E-02  -8.97854567E-02
 -0.341673702      -2.90485714E-02  -8.90443698E-02
 -0.340123981      -2.86214054E-02  -8.79873857E-02
 -0.338697433      -2.82362103E-02  -8.71608630E-02
 -0.337465614      -2.77092066E-02  -8.61406326E-02
 -0.336082786      -2.73009147E-02  -8.53349790E-02
 -0.334688038      -2.69162152E-02  -8.44150782E-02
 -0.333325058      -2.64436007E-02  -8.35309401E-02
 -0.332180649      -2.60539353E-02  -8.26905146E-02
 -0.330686569      -2.56590545E-02  -8.16086903E-02
 -0.329669327      -2.51978636E-02  -8.11060295E-02
 -0.328326225      -2.49172244E-02  -8.00887719E-02
 -0.327106327      -2.45389845E-02  -7.91728497E-02
 -0.325942039      -2.40859892E-02  -7.84466639E-02
 -0.324646622      -2.37526987E-02  -7.75009394E-02
 -0.323653221      -2.33667586E-02  -7.69635066E-02
 -0.322365761      -2.30044127E-02  -7.58002177E-02
 -0.321300834      -2.26291511E-02  -7.52220526E-02
 -0.320180267      -2.22752485E-02  -7.43478537E-02
 -0.319254398      -2.19377372E-02  -7.36643896E-02
 -0.317927212      -2.15652082E-02  -7.26858750E-02
 -0.316989422      -2.12813411E-02  -7.19428062E-02
 -0.315972179      -2.09406018E-02  -7.13944435E-02
 -0.315038353      -2.05511842E-02  -7.05043450E-02
 -0.314064831      -2.02454627E-02  -6.97563067E-02
 -0.312924385      -1.98992584E-02  -6.90768138E-02
 -0.312030315      -1.96223464E-02  -6.82135448E-02
 -0.311179966      -1.93029642E-02  -6.76105395E-02
 -0.310254097      -1.89316776E-02  -6.67124987E-02
 -0.309340149      -1.86478104E-02  -6.60498962E-02
 -0.308461994      -1.83336437E-02  -6.54836521E-02
 -0.307528168      -1.80887673E-02  -6.47107735E-02
 -0.306713581      -1.76854432E-02  -6.40243292E-02
 -0.305918843      -1.74316261E-02  -6.34600744E-02
 -0.305231422      -1.70700252E-02  -6.25709668E-02
 -0.304341316      -1.68504808E-02  -6.21289015E-02
 -0.303721428      -1.65718291E-02  -6.13242388E-02
 -0.302743912      -1.62216518E-02  -6.06725626E-02
 -0.302203506      -1.58928335E-02  -6.00785017E-02
 -0.301452488      -1.57194827E-02  -5.95380850E-02
 -0.300796837      -1.53264655E-02  -5.87662049E-02
 -0.300180912      -1.50901573E-02  -5.82516193E-02
 -0.299398094      -1.47252036E-02  -5.75900078E-02
 -0.298722595      -1.45930797E-02  -5.70178032E-02
 -0.298337132      -1.41749782E-02  -5.64515591E-02
 -0.297582150      -1.39262527E-02  -5.58644533E-02
 -0.297073513      -1.36879580E-02  -5.53468876E-02
 -0.296545029      -1.34095550E-02  -5.47250099E-02
 -0.295960903      -1.30879385E-02  -5.42322807E-02
 -0.295460224      -1.28859030E-02  -5.37504740E-02
 -0.294959545      -1.25368433E-02  -5.30074053E-02
 -0.294510514      -1.23254955E-02  -5.26070595E-02
 -0.294041634      -1.19642662E-02  -5.20964451E-02
 -0.293588638      -1.16802752E-02  -5.15679531E-02
 -0.293227047      -1.14440918E-02  -5.11695929E-02
 -0.292793900      -1.12934662E-02  -5.06917648E-02
 -0.292376667      -1.08998269E-02  -5.01384325E-02
 -0.292062759      -1.06324749E-02  -4.96407337E-02
 -0.291776657      -1.03667378E-02  -4.93715219E-02
 -0.291343540      -1.01155294E-02  -4.87794466E-02
 -0.291132927      -9.82061028E-03  -4.84287739E-02
 -0.290699810      -9.55450069E-03  -4.79290895E-02
 -0.290572643      -9.31099057E-03  -4.75813933E-02
 -0.290409714      -9.03382897E-03  -4.72327061E-02
 -0.290012360      -8.75530113E-03  -4.67797108E-02
 -0.289905071      -8.46497715E-03  -4.65154648E-02
 -0.289611012      -8.28752946E-03  -4.61459160E-02
 -0.289483875      -7.91177154E-03  -4.58305068E-02
 -0.289456040      -7.73519278E-03  -4.54788394E-02
 -0.289225578      -7.40463519E-03  -4.51847911E-02
 -0.289078563      -7.14386487E-03  -4.48673964E-02
 -0.289173931      -6.92332769E-03  -4.45788093E-02
 -0.289030880      -6.64492464E-03  -4.43239994E-02
 -0.288776547      -6.40265644E-03  -4.39862423E-02
 -0.288967282      -6.07768679E-03  -4.38118987E-02
 -0.288963318      -5.82747161E-03  -4.35357280E-02
 -0.288911670      -5.61351562E-03  -4.34498005E-02
 -0.289054722      -5.32480562E-03  -4.31473069E-02
 -0.289034843      -5.07185841E-03  -4.30857129E-02
 -0.289070606      -4.80761146E-03  -4.29153442E-02
 -0.289169937      -4.56981361E-03  -4.27171588E-02
 -0.289330870      -4.30618739E-03  -4.25453000E-02
 -0.289531559      -4.04380262E-03  -4.24653292E-02
 -0.289710373      -3.83195770E-03  -4.25969549E-02
 -0.289809704      -3.53716314E-03  -4.23495956E-02
 -0.290089846      -3.31439078E-03  -4.22721095E-02
 -0.290141493      -3.04505229E-03  -4.22318764E-02
 -0.290685892      -2.84065795E-03  -4.23113517E-02
 -0.290729612      -2.59007025E-03  -4.23237681E-02
 -0.291123003      -2.33625364E-03  -4.22805548E-02
 -0.291444868      -2.10019457E-03  -4.23287340E-02
 -0.291711092      -1.93628168E-03  -4.24156599E-02
 -0.292156130      -1.62658596E-03  -4.25626822E-02
 -0.292573363      -1.50129199E-03  -4.26113605E-02
 -0.292893261      -1.14130473E-03  -4.27876897E-02
 -0.293445587      -1.07052422E-03  -4.29823995E-02
 -0.293789297      -8.14720988E-04  -4.32024412E-02
 -0.294343621      -6.25600398E-04  -4.32451554E-02
 -0.294822454      -4.25552338E-04  -4.36102338E-02
 -0.295398623      -2.04518437E-04  -4.37577553E-02
 -0.296092033      -9.07729045E-05  -4.41943593E-02
 -0.296370178       9.21388491E-05  -4.44004945E-02
 -0.297184795       3.34406883E-04  -4.48048115E-02
 -0.297850370       3.91155481E-04  -4.50938940E-02
 -0.298362970       6.12686097E-04  -4.55155969E-02
 -0.299171597       7.05569983E-04  -4.59869690E-02
 -0.299719959       8.53712379E-04  -4.63252254E-02
 -0.300653785       9.14807140E-04  -4.69083600E-02
 -0.301400810       1.05760992E-03  -4.73648310E-02
 -0.302177668       1.20289624E-03  -4.79141884E-02
 -0.302960485       1.20413804E-03  -4.84536104E-02
 -0.303876400       1.29565597E-03  -4.90789600E-02
 -0.304748625       1.38270354E-03  -4.97609377E-02
 -0.305626780       1.41623116E-03  -5.03326468E-02
 -0.306606293       1.30621099E-03  -5.10220714E-02
 -0.307446718       1.46056211E-03  -5.17815351E-02
 -0.308654696       1.39959157E-03  -5.25529198E-02
 -0.309590489       1.35985517E-03  -5.33292703E-02
 -0.310597807       1.32061541E-03  -5.40932007E-02
 -0.311841577       1.25815475E-03  -5.50389290E-02
 -0.312729686       1.14031136E-03  -5.58798499E-02
 -0.314102560       1.02693832E-03  -5.68896532E-02
 -0.315191358       8.84880603E-04  -5.77852130E-02
 -0.316425174       7.12275505E-04  -5.87135553E-02
 -0.317686796       5.73446334E-04  -5.99061437E-02
 -0.318940490       3.01748514E-04  -6.09149523E-02
 -0.320367008       4.39584255E-05  -6.20578714E-02
 -0.321541220      -2.19543770E-04  -6.31516203E-02
 -0.322985649      -4.81804222E-04  -6.43844381E-02
 -0.324354559      -8.69234384E-04  -6.55218959E-02
 -0.325977802      -1.25082827E-03  -6.68600202E-02
 -0.327366590      -1.65713334E-03  -6.81579113E-02
 -0.328860670      -2.05623615E-03  -6.94895759E-02
 -0.330358744      -2.58050859E-03  -7.07859769E-02
 -0.332113117      -3.10031069E-03  -7.22860321E-02
 -0.333556533      -3.70691228E-03  -7.36370683E-02
 -0.335353613      -4.28073108E-03  -7.51718879E-02
 -0.337057322      -4.95699560E-03  -7.67096877E-02
 -0.338791817      -5.68367541E-03  -7.82976523E-02
 -0.340568036      -6.41271472E-03  -7.99035057E-02
 -0.342252851      -7.23352050E-03  -8.14075246E-02
 -0.344230741      -8.11219215E-03  -8.31877217E-02
 -0.346049666      -8.95770919E-03  -8.48591328E-02
 -0.348039478      -1.00217760E-02  -8.66244212E-02
 -0.349998474      -1.10494597E-02  -8.84130597E-02
 -0.351985306      -1.20708095E-02  -9.01761129E-02
 -0.354089350      -1.33305788E-02  -9.20116901E-02
 -0.355998665      -1.45239132E-02  -9.39488411E-02
 -0.358300418      -1.58404317E-02  -9.58092511E-02
 -0.360280275      -1.71462689E-02  -9.77454111E-02
 -0.362594932      -1.85903162E-02  -9.96569768E-02
 -0.364587694      -2.01509651E-02 -0.101695210    
 -0.367104024      -2.17859950E-02 -0.103720278    
 -0.369436532      -2.34304611E-02 -0.105740629    
 -0.371605158      -2.51535326E-02 -0.107762717    
 -0.374139339      -2.70719323E-02 -0.109836705    
 -0.376453996      -2.89646294E-02 -0.111951180    
 -0.379018992      -3.10048461E-02 -0.114080064    
 -0.381398678      -3.31308693E-02 -0.116192304    
 -0.383877277      -3.53495292E-02 -0.118242204    
 -0.386606663      -3.77397984E-02 -0.120457016    
 -0.389116526      -4.00790311E-02 -0.122570492    
 -0.391797692      -4.26253937E-02 -0.124714524    
 -0.394369155      -4.53228764E-02 -0.126880154    
 -0.397153229      -4.80106734E-02 -0.129000351    
 -0.399787754      -5.09554558E-02 -0.131128728    
 -0.402600050      -5.39022200E-02 -0.133242592    
 -0.405475497      -5.70503362E-02 -0.135297194    
 -0.408201933      -6.02398701E-02 -0.137376040    
 -0.411060691      -6.35854900E-02 -0.139394283    
 -0.414091110      -6.71034679E-02 -0.141469881    
 -0.416925788      -7.07533881E-02 -0.143413991    
 -0.419802994      -7.44381920E-02 -0.145297244    
 -0.422738224      -7.83832148E-02 -0.147195846    
 -0.425844401      -8.23223963E-02 -0.149035081    
 -0.428879380      -8.65120515E-02 -0.150797918    
 -0.431872487      -9.08582509E-02 -0.152463600    
 -0.434832454      -9.52771083E-02 -0.154068410    
 -0.438081354      -9.99529064E-02 -0.155642822    
