   0.00000000       0.00000000       0.00000000       1.00000000    
   5.87615557E-03   2.91293021E-03   1.47678540E-03  0.999980211    
   1.17225293E-02   5.77147864E-03   2.97262799E-03  0.999914646    
   1.75388046E-02   8.57610721E-03   4.48550144E-03  0.999803662    
   2.33246647E-02   1.13273198E-02   6.01348421E-03  0.999650180    
   2.90798396E-02   1.40256630E-02   7.55476207E-03  0.999454260    
   3.48040685E-02   1.66717228E-02   9.10762418E-03  0.999217391    
   4.04971689E-02   1.92661360E-02   1.06704589E-02  0.998939931    
   4.61588614E-02   2.18095221E-02   1.22417184E-02  0.998623550    
   5.17889559E-02   2.43025403E-02   1.38199627E-02  0.998268902    
   5.73872477E-02   2.67458819E-02   1.54038016E-02  0.997877121    
   6.29535541E-02   2.91402545E-02   1.69919413E-02  0.997448921    
   6.84876963E-02   3.14863585E-02   1.85831618E-02  0.996985614    
   7.39895701E-02   3.37849334E-02   2.01763064E-02  0.996487260    
   7.94590712E-02   3.60367186E-02   2.17702668E-02  0.995955348    
   8.48960206E-02   3.82424481E-02   2.33640205E-02  0.995390236    
   9.03003514E-02   4.04028706E-02   2.49565728E-02  0.994793117    
   9.56720114E-02   4.25187536E-02   2.65470110E-02  0.994164467    
  0.101010941       4.45908606E-02   2.81344596E-02  0.993505180    
  0.106317043       4.66199331E-02   2.97180954E-02  0.992815793    
  0.111590326       4.86067422E-02   3.12971286E-02  0.992097497    
  0.116830714       5.05520180E-02   3.28708515E-02  0.991350293    
  0.122038245       5.24565354E-02   3.44385654E-02  0.990575194    
  0.127212971       5.43210581E-02   3.59996147E-02  0.989773095    
  0.132354736       5.61462976E-02   3.75534035E-02  0.988944232    
  0.137463719       5.79330362E-02   3.90993394E-02  0.988089740    
  0.142539874       5.96819818E-02   4.06369120E-02  0.987209857    
  0.147583276       6.13938905E-02   4.21656072E-02  0.986305416    
  0.152593940       6.30694404E-02   4.36849557E-02  0.985377014    
  0.157571927       6.47093952E-02   4.51945290E-02  0.984425247    
  0.162517250       6.63144514E-02   4.66938987E-02  0.983450592    
  0.167430013       6.78852797E-02   4.81826775E-02  0.982453644    
  0.172310382       6.94225952E-02   4.96605448E-02  0.981435239    
  0.177158266       7.09270760E-02   5.11271358E-02  0.980395854    
  0.181973755       7.23993778E-02   5.25821671E-02  0.979335904    
  0.186757088       7.38402009E-02   5.40253371E-02  0.978255808    
  0.191508174       7.52501711E-02   5.54563962E-02  0.977156401    
  0.196227223       7.66299218E-02   5.68750985E-02  0.976038098    
  0.200914294       7.79801160E-02   5.82812577E-02  0.974901378    
  0.205569476       7.93013722E-02   5.96746132E-02  0.973746836    
  0.210192919       8.05942789E-02   6.10550493E-02  0.972574770    
  0.214784667       8.18594545E-02   6.24223538E-02  0.971385956    
  0.219344914       8.30975026E-02   6.37764111E-02  0.970180571    
  0.223873690       8.43089968E-02   6.51170760E-02  0.968959332    
  0.228371114       8.54945034E-02   6.64442033E-02  0.967722654    
  0.232837364       8.66545811E-02   6.77577630E-02  0.966470778    
  0.237272501       8.77898335E-02   6.90576211E-02  0.965204477    
  0.241676763       8.89007151E-02   7.03436807E-02  0.963924050    
  0.246050224       8.99878442E-02   7.16159195E-02  0.962629437    
  0.250392854       9.10516679E-02   7.28743002E-02  0.961321890    
  0.254705012       9.20927748E-02   7.41187409E-02  0.960001469    
  0.258986592       9.31116045E-02   7.53491968E-02  0.958668292    
  0.263238013       9.41087082E-02   7.65656978E-02  0.957323074    
  0.267459273       9.50844884E-02   7.77682215E-02  0.955966413    
  0.271650553       9.60395038E-02   7.89567605E-02  0.954597950    
  0.275811911       9.69741344E-02   8.01313221E-02  0.953218699    
  0.279943496       9.78889167E-02   8.12918842E-02  0.951828599    
  0.284045577       9.87842381E-02   8.24385583E-02  0.950428486    
  0.288118154       9.96605754E-02   8.35712701E-02  0.949018180    
  0.292161435      0.100518294       8.46901163E-02  0.947598577    
  0.296175569      0.101357922       8.57951716E-02  0.946169674    
  0.300160736      0.102179743       8.68864283E-02  0.944731653    
  0.304117084      0.102984250       8.79639760E-02  0.943285048    
  0.308044702      0.103771754       8.90278295E-02  0.941830158    
  0.311943859      0.104542769       9.00781006E-02  0.940367341    
  0.315814614      0.105297498       9.11148414E-02  0.938896596    
  0.319657028      0.106036425       9.21381414E-02  0.937418699    
  0.323471516      0.106759906       9.31480527E-02  0.935933411    
  0.327258050      0.107468270       9.41446722E-02  0.934441566    
  0.331016809      0.108161852       9.51280892E-02  0.932942986    
  0.334747970      0.108840972       9.60984156E-02  0.931438088    
  0.338451803      0.109505996       9.70557034E-02  0.929927230    
  0.342128247      0.110157259       9.80000719E-02  0.928410769    
  0.345777631      0.110795051       9.89315957E-02  0.926888585    
  0.349400014      0.111419663       9.98504013E-02  0.925361037    
  0.352995664      0.112031430      0.100756563      0.923828483    
  0.356564701      0.112630598      0.101650245      0.922291040    
  0.360107243      0.113217488      0.102531478      0.920749009    
  0.363623500      0.113792405      0.103400432      0.919202745    
  0.367113650      0.114355601      0.104257181      0.917652369    
  0.370577753      0.114907324      0.105101876      0.916097879    
  0.374016106      0.115447894      0.105934598      0.914539933    
  0.377428859      0.115977466      0.106755450      0.912978351    
  0.380816162      0.116496377      0.107564576      0.911413550    
  0.384178072      0.117004864      0.108362079      0.909845531    
  0.387514919      0.117503114      0.109148063      0.908274472    
  0.390826732      0.117991418      0.109922707      0.906700790    
  0.394113749      0.118469968      0.110686079      0.905124784    
  0.397376120      0.118939012      0.111438297      0.903546214    
  0.400613904      0.119398780      0.112179466      0.901965439    
  0.403827518      0.119849443      0.112909734      0.900382757    
  0.407016903      0.120291203      0.113629237      0.898798108    
  0.410182327      0.120724335      0.114338070      0.897211790    
  0.413323909      0.121148959      0.115036353      0.895624161    
  0.416441798      0.121565267      0.115724221      0.894035041    
  0.419536233      0.121973559      0.116401754      0.892444789    
  0.422607362      0.122373894      0.117069110      0.890853345    
  0.425655216      0.122766525      0.117726408      0.889261127    
  0.428680122      0.123151600      0.118373759      0.887668073    
  0.431682199      0.123529255      0.119011231      0.886074245    
  0.434661567      0.123899765      0.119639046      0.884480119    
  0.437618434      0.124263190      0.120257258      0.882885575    
  0.440552950      0.124619775      0.120866008      0.881290853    
  0.443465352      0.124969579      0.121465333      0.879696131    
  0.446355581      0.125312850      0.122055478      0.878101170    
  0.449223965      0.125649661      0.122636504      0.876506627    
  0.452070683      0.125980228      0.123208500      0.874912381    
  0.454895884      0.126304612      0.123771623      0.873318434    
  0.457699567      0.126623034      0.124325909      0.871725023    
  0.460482210      0.126935601      0.124871492      0.870132267    
  0.463243544      0.127242401      0.125408694      0.868540168    
  0.465984195      0.127543658      0.125937298      0.866948783    
  0.468703955      0.127839431      0.126457587      0.865358472    
  0.471403033      0.128129840      0.126969680      0.863769174    
  0.474081814      0.128415063      0.127473608      0.862180948    
  0.476740211      0.128695130      0.127969578      0.860594153    
  0.479378521      0.128970221      0.128457591      0.859008491    
  0.481996715      0.129240483      0.128937870      0.857424498    
  0.484595180      0.129505888      0.129410431      0.855841935    
  0.487174004      0.129766658      0.129875377      0.854260802    
  0.489733130      0.130022898      0.130332887      0.852681756    
  0.492273062      0.130274728      0.130782977      0.851104081    
  0.494793653      0.130522147      0.131225809      0.849528432    
  0.497295022      0.130765289      0.131661445      0.847954750    
  0.499777853      0.131004274      0.132090032      0.846382976    
  0.502241731      0.131239235      0.132511616      0.844813585    
  0.504686892      0.131470188      0.132926255      0.843246281    
  0.507113457      0.131697297      0.133334234      0.841681063    
  0.509521961      0.131920561      0.133735508      0.840118229    
  0.511912048      0.132140130      0.134130090      0.838557899    
  0.514283955      0.132356077      0.134518161      0.836999893    
  0.516638339      0.132568404      0.134899914      0.835444748    
  0.518974543      0.132777244      0.135275319      0.833891749    
  0.521293342      0.132982761      0.135644466      0.832341492    
  0.523594558      0.133184940      0.136007503      0.830794334    
  0.525878429      0.133383900      0.136364415      0.829249620    
  0.528145015      0.133579686      0.136715502      0.827707887    
  0.530394733      0.133772314      0.137060642      0.826169074    
  0.532627583      0.133961901      0.137399971      0.824632883    
  0.534843326      0.134148538      0.137733608      0.823100090    
  0.537042379      0.134332269      0.138061643      0.821570277    
  0.539225042      0.134513125      0.138384119      0.820043683    
  0.541391253      0.134691283      0.138701111      0.818520188    
  0.543541074      0.134866670      0.139012814      0.816999972    
  0.545674860      0.135039374      0.139319077      0.815482974    
  0.547792614      0.135209516      0.139620274      0.813969254    
  0.549894452      0.135377094      0.139916271      0.812459171    
  0.551980495      0.135542214      0.140207186      0.810952485    
  0.554051042      0.135704786      0.140493125      0.809449077    
  0.556106091      0.135865077      0.140774161      0.807949305    
  0.558145523      0.136022940      0.141050383      0.806453228    
  0.560169697      0.136178643      0.141321853      0.804960489    
  0.562178969      0.136332050      0.141588598      0.803471804    
  0.564173222      0.136483222      0.141850725      0.801986337    
  0.566152394      0.136632293      0.142108336      0.800504863    
  0.568116903      0.136779219      0.142361373      0.799027205    
  0.570066571      0.136924207      0.142610148      0.797553182    
  0.572001874      0.137067109      0.142854467      0.796083272    
  0.573922813      0.137208045      0.143094540      0.794617057    
  0.575829029      0.137347072      0.143330425      0.793154657    
  0.577721417      0.137484208      0.143562242      0.791696489    
  0.579599679      0.137619495      0.143789858      0.790242195    
  0.581463933      0.137752950      0.144013494      0.788792312    
  0.583314419      0.137884602      0.144233197      0.787346005    
  0.585150898      0.138014615      0.144449040      0.785903871    
  0.586973786      0.138142824      0.144661024      0.784466088    
  0.588783443      0.138269439      0.144869253      0.783032417    
  0.590579331      0.138394371      0.145073771      0.781602859    
  0.592361808      0.138517722      0.145274624      0.780177593    
  0.594131470      0.138639525      0.145471945      0.778756440    
  0.595887721      0.138759688      0.145665720      0.777339637    
  0.597631156      0.138878450      0.145856023      0.775927603    
  0.599361479      0.138995662      0.146042913      0.774519205    
  0.601078987      0.139111489      0.146226436      0.773115337    
  0.602783918      0.139225855      0.146406651      0.771716177    
  0.604476273      0.139338747      0.146583632      0.770321369    
  0.606156230      0.139450371      0.146757409      0.768931091    
  0.607823312      0.139560565      0.146928042      0.767544925    
  0.609478593      0.139669493      0.147095576      0.766163707    
  0.611121297      0.139777094      0.147260144      0.764786601    
  0.612752080      0.139883474      0.147421643      0.763414621    
  0.614370763      0.139988557      0.147580221      0.762046456    
  0.615977526      0.140092403      0.147735879      0.760683537    
  0.617572486      0.140195027      0.147888720      0.759325027    
  0.619155586      0.140296519      0.148038819      0.757971168    
  0.620727122      0.140396789      0.148186088      0.756621897    
  0.622286975      0.140495896      0.148330748      0.755277336    
  0.623835325      0.140593961      0.148472682      0.753937662    
  0.625372231      0.140690833      0.148611993      0.752602577    
  0.626897812      0.140786618      0.148748815      0.751272023    
  0.628412306      0.140881345      0.148883119      0.749946773    
  0.629915535      0.140974984      0.149014905      0.748626053    
  0.631407619      0.141067639      0.149144262      0.747310162    
  0.632888854      0.141159236      0.149271280      0.745998859    
  0.634359241      0.141249746      0.149395913      0.744692564    
  0.635818601      0.141339362      0.149518296      0.743391454    
  0.637267232      0.141427994      0.149638355      0.742094994    
  0.638705254      0.141515613      0.149756268      0.740803063    
  0.640132725      0.141602308      0.149871930      0.739516497    
  0.641549528      0.141688004      0.149985462      0.738234878    
  0.642956197      0.141772836      0.150096923      0.736958027    
  0.644352078      0.141856700      0.150206327      0.735686541    
  0.645738006      0.141939655      0.150313646      0.734419465    
  0.647113562      0.142021716      0.150419056      0.733157635    
  0.648478866      0.142102897      0.150522381      0.731900871    
  0.649834156      0.142183229      0.150623903      0.730649292    
  0.651179612      0.142262712      0.150723502      0.729402363    
  0.652514994      0.142341286      0.150821328      0.728160620    
  0.653840601      0.142419070      0.150917277      0.726924121    
  0.655156195      0.142495975      0.151011467      0.725692570    
  0.656462252      0.142572001      0.151103944      0.724466026    
  0.657758534      0.142647296      0.151194751      0.723244786    
  0.659045398      0.142721787      0.151283756      0.722028494    
  0.660322547      0.142795429      0.151371270      0.720817327    
  0.661590278      0.142868236      0.151457071      0.719611406    
  0.662848532      0.142940328      0.151541337      0.718410909    
  0.664097607      0.143011630      0.151624098      0.717215180    
  0.665337324      0.143082127      0.151705265      0.716024935    
  0.666567743      0.143151835      0.151785001      0.714839697    
  0.667788863      0.143220797      0.151863262      0.713659585    
  0.669001341      0.143289015      0.151940122      0.712484658    
  0.670204222      0.143356517      0.152015552      0.711315215    
  0.671398401      0.143423200      0.152089715      0.710150838    
  0.672583580      0.143489167      0.152162462      0.708991826    
  0.673760176      0.143554375      0.152233928      0.707837820    
  0.674927771      0.143618912      0.152304083      0.706689119    
  0.676086545      0.143682644      0.152373016      0.705545843    
  0.677236676      0.143745661      0.152440786      0.704407811    
  0.678378165      0.143807963      0.152507290      0.703274965    
  0.679511070      0.143869579      0.152572662      0.702147424    
  0.680635273      0.143930495      0.152636886      0.701025248    
  0.681751251      0.143990621      0.152699932      0.699908376    
  0.682858467      0.144050092      0.152762011      0.698796749    
  0.683957577      0.144108847      0.152822942      0.697690606    
  0.685048282      0.144166857      0.152882889      0.696589708    
  0.686130643      0.144224197      0.152941763      0.695493937    
  0.687204838      0.144280881      0.152999699      0.694403648    
  0.688271046      0.144336805      0.153056696      0.693318844    
  0.689328671      0.144392133      0.153112680      0.692239106    
  0.690378606      0.144446656      0.153167710      0.691164970    
  0.691420197      0.144500554      0.153221965      0.690096080    
  0.692453802      0.144553781      0.153275281      0.689032555    
  0.693479657      0.144606292      0.153327793      0.687974513    
  0.694497466      0.144658074      0.153379455      0.686921775    
  0.695507288      0.144709200      0.153430313      0.685874343    
  0.696509480      0.144759670      0.153480366      0.684832335    
  0.697503924      0.144809514      0.153529689      0.683795869    
  0.698490858      0.144858569      0.153578326      0.682764590    
  0.699469805      0.144906953      0.153626174      0.681738734    
  0.700441182      0.144954726      0.153673321      0.680718601    
  0.701404870      0.145001814      0.153719902      0.679703534    
  0.702361107      0.145048201      0.153765738      0.678693950    
  0.703309894      0.145093873      0.153810993      0.677689612    
  0.704251051      0.145138919      0.153855607      0.676691055    
  0.705184877      0.145183414      0.153899655      0.675697565    
  0.706111252      0.145227045      0.153943136      0.674709797    
  0.707030237      0.145270094      0.153986022      0.673727334    
  0.707942069      0.145312473      0.154028445      0.672750175    
  0.708846331      0.145354137      0.154070273      0.671778679    
  0.709743500      0.145395190      0.154111668      0.670812547    
  0.710633457      0.145435557      0.154152587      0.669851601    
  0.711516440      0.145475239      0.154193044      0.668896317    
  0.712391913      0.145514280      0.154233038      0.667946398    
  0.713260531      0.145552635      0.154272616      0.667002082    
  0.714122057      0.145590305      0.154311880      0.666063011    
  0.714976728      0.145627350      0.154350683      0.665129542    
  0.715823948      0.145663708      0.154389128      0.664201677    
  0.716664553      0.145699427      0.154427275      0.663278997    
  0.717498124      0.145734504      0.154465020      0.662361801    
  0.718324780      0.145768866      0.154502511      0.661450028    
  0.719144583      0.145802632      0.154539704      0.660544038    
  0.719957590      0.145835668      0.154576614      0.659643114    
  0.720763981      0.145868063      0.154613301      0.658747673    
  0.721563339      0.145899743      0.154649675      0.657857955    
  0.722356200      0.145930931      0.154685855      0.656973779    
  0.723142147      0.145961359      0.154721871      0.656094790    
  0.723921418      0.145991132      0.154757619      0.655221283    
  0.724694133      0.146020249      0.154793218      0.654353440    
  0.725460291      0.146048799      0.154828697      0.653491199    
  0.726219833      0.146076605      0.154863954      0.652634203    
  0.726972699      0.146103814      0.154899150      0.651782691    
  0.727719367      0.146130398      0.154934198      0.650936604    
  0.728459120      0.146156266      0.154969171      0.650096238    
  0.729192674      0.146181554      0.155003995      0.649261296    
  0.729919612      0.146206170      0.155038804      0.648431838    
  0.730640054      0.146230116      0.155073598      0.647607863    
  0.731354296      0.146253482      0.155108258      0.646789372    
  0.732062101      0.146276221      0.155143008      0.645976424    
  0.732763588      0.146298274      0.155177727      0.645169020    
  0.733458936      0.146319687      0.155212387      0.644366920    
  0.734147906      0.146340579      0.155247107      0.643570721    
  0.734830260      0.146360740      0.155281827      0.642779708    
  0.735506773      0.146380335      0.155316636      0.641994536    
  0.736176729      0.146399289      0.155351475      0.641214788    
  0.736840844      0.146417648      0.155386388      0.640440583    
  0.737498701      0.146435335      0.155421391      0.639672041    
  0.738150179      0.146452501      0.155456483      0.638908923    
  0.738795280      0.146469042      0.155491725      0.638151467    
  0.739434838      0.146484971      0.155527085      0.637399375    
  0.740068078      0.146500289      0.155562580      0.636653244    
  0.740695357      0.146515042      0.155598193      0.635912478    
  0.741316259      0.146529198      0.155633956      0.635177374    
  0.741931319      0.146542788      0.155669987      0.634447813    
  0.742540479      0.146555722      0.155706123      0.633723915    
  0.743143320      0.146568164      0.155742466      0.633005798    
  0.743740439      0.146580011      0.155779049      0.632293105    
  0.744331419      0.146591291      0.155815750      0.631586134    
  0.744916499      0.146602005      0.155852765      0.630884945    
  0.745495796      0.146612182      0.155890018      0.630189240    
  0.746068835      0.146621838      0.155927494      0.629499555    
  0.746636212      0.146630943      0.155965239      0.628815234    
  0.747197568      0.146639496      0.156003252      0.628136754    
  0.747752905      0.146647528      0.156041533      0.627463996    
  0.748302579      0.146655053      0.156080127      0.626797080    
  0.748846471      0.146662101      0.156118929      0.626135826    
  0.749384344      0.146668553      0.156158090      0.625480533    
  0.749916375      0.146674603      0.156197563      0.624830842    
  0.750442505      0.146680102      0.156237334      0.624187052    
  0.750963092      0.146685123      0.156277448      0.623549044    
  0.751477599      0.146689713      0.156317875      0.622916996    
  0.751986444      0.146693766      0.156358659      0.622290790    
  0.752489209      0.146697387      0.156399712      0.621670485    
  0.752986491      0.146700576      0.156441137      0.621056199    
  0.753477931      0.146703377      0.156482935      0.620447636    
  0.753963351      0.146705702      0.156525105      0.619845271    
  0.754443407      0.146707579      0.156567559      0.619248748    
  0.754917145      0.146709055      0.156610429      0.618658185    
  0.755385458      0.146710142      0.156653568      0.618074000    
  0.755847931      0.146710873      0.156697169      0.617495477    
  0.756304860      0.146711186      0.156741083      0.616923213    
  0.756755531      0.146711156      0.156785384      0.616357207    
  0.757200599      0.146710768      0.156830028      0.615797162    
  0.757640123      0.146709979      0.156875044      0.615243375    
  0.758073688      0.146708921      0.156920403      0.614696026    
  0.758501589      0.146707490      0.156966150      0.614154518    
  0.758923471      0.146705806      0.157012179      0.613619626    
  0.759339929      0.146703839      0.157058582      0.613090992    
  0.759750426      0.146701530      0.157105342      0.612568498    
  0.760154963      0.146698952      0.157152444      0.612052679    
  0.760553956      0.146696135      0.157199919      0.611543059    
  0.760947108      0.146693066      0.157247633      0.611040056    
  0.761334240      0.146689802      0.157295734      0.610543370    
  0.761715829      0.146686211      0.157344088      0.610053420    
  0.762091339      0.146682590      0.157392785      0.609569907    
  0.762461185      0.146678656      0.157441765      0.609092891    
  0.762825131      0.146674514      0.157491043      0.608623028    
  0.763183117      0.146670327      0.157540515      0.608159363    
  0.763535321      0.146665961      0.157590300      0.607702672    
  0.763881564      0.146661431      0.157640293      0.607252955    
  0.764222145      0.146656796      0.157690465      0.606809914    
  0.764556468      0.146652102      0.157740831      0.606373787    
  0.764885068      0.146647304      0.157791406      0.605944693    
  0.765207529      0.146642372      0.157842144      0.605522692    
  0.765524209      0.146637395      0.157893002      0.605107486    
  0.765834808      0.146632418      0.157943979      0.604699373    
  0.766139448      0.146627411      0.157995060      0.604298592    
  0.766438067      0.146622419      0.158046216      0.603904963    
  0.766730785      0.146617383      0.158097371      0.603518486    
  0.767017245      0.146612391      0.158148482      0.603139460    
  0.767297566      0.146607414      0.158199653      0.602768064    
  0.767571807      0.146602526      0.158250734      0.602403998    
  0.767839670      0.146597639      0.158301756      0.602047324    
  0.768101752      0.146592826      0.158352658      0.601698160    
  0.768357515      0.146588132      0.158403367      0.601356745    
  0.768607259      0.146583617      0.158453926      0.601023078    
  0.768850446      0.146579161      0.158504188      0.600697100    
  0.769087493      0.146574825      0.158554196      0.600378871    
  0.769318283      0.146570623      0.158603951      0.600068688    
  0.769542575      0.146566600      0.158653274      0.599766433    
  0.769760728      0.146562770      0.158702165      0.599472344    
  0.769972265      0.146559089      0.158750609      0.599186063    
  0.770177603      0.146555573      0.158798501      0.598908186    
  0.770376503      0.146552324      0.158845901      0.598638654    
  0.770568669      0.146549180      0.158892676      0.598376989    
  0.770754635      0.146546334      0.158938706      0.598124325    
  0.770933867      0.146543697      0.158984050      0.597879827    
  0.771106541      0.146541193      0.159028575      0.597643852    
  0.771272540      0.146538988      0.159072250      0.597416818    
  0.771431923      0.146537051      0.159115002      0.597198248    
  0.771584451      0.146535322      0.159156755      0.596988559    
  0.771730363      0.146533817      0.159197450      0.596787512    
  0.771869719      0.146532536      0.159236997      0.596595585    
  0.772002280      0.146531507      0.159275338      0.596412838    
  0.772127688      0.146530747      0.159312427      0.596238911    
  0.772246480      0.146530151      0.159348115      0.596074700    
  0.772358298      0.146529749      0.159382343      0.595919371    
  0.772463143      0.146529630      0.159415096      0.595773458    
  0.772561073      0.146529645      0.159446195      0.595637083    
  0.772652030      0.146529868      0.159475610      0.595510185    
  0.772735834      0.146530211      0.159503251      0.595393002    
  0.772812605      0.146530703      0.159529015      0.595285416    
  0.772882104      0.146531329      0.159552798      0.595187724    
  0.772944450      0.146532029      0.159574524      0.595100045    
  0.772999763      0.146532819      0.159594044      0.595022202    
  0.773047745      0.146533594      0.159611329      0.594954491    
  0.773088396      0.146534413      0.159626231      0.594896853    
  0.773121715      0.146535143      0.159638718      0.594849646    
  0.773147643      0.146535844      0.159648582      0.594812691    
  0.773166239      0.146536410      0.159655795      0.594786286    
  0.773177385      0.146536767      0.159660175      0.594770253    
  0.773181200      0.146536872      0.159661651      0.594764829    
