   1.57079995      0.785399973      0.392699987    
   1.56258941      0.770715296      0.397718191    
   1.55436659      0.756248474      0.402323544    
   1.54613328      0.742002904      0.406534821    
   1.53789449      0.727977931      0.410369724    
   1.52965021      0.714175999      0.413846761    
   1.52139974      0.700593650      0.416980982    
   1.51315045      0.687232912      0.419788569    
   1.50490403      0.674094915      0.422285140    
   1.49665940      0.661173403      0.424484968    
   1.48841953      0.648473382      0.426401556    
   1.48018813      0.635990977      0.428049535    
   1.47196341      0.623724759      0.429441065    
   1.46375084      0.611673117      0.430589020    
   1.45554984      0.599837303      0.431504220    
   1.44736159      0.588210762      0.432199508    
   1.43918955      0.576793432      0.432684958    
   1.43103683      0.565585971      0.432970971    
   1.42290044      0.554581940      0.433067918    
   1.41478336      0.543783188      0.432985485    
   1.40668869      0.533182263      0.432731867    
   1.39861429      0.522782087      0.432317376    
   1.39056468      0.512575984      0.431749165    
   1.38254011      0.502564549      0.431036174    
   1.37454164      0.492744386      0.430186450    
   1.36657119      0.483111233      0.429205298    
   1.35862660      0.473663807      0.428102612    
   1.35071146      0.464398563      0.426883340    
   1.34282625      0.455315173      0.425556272    
   1.33497143      0.446407795      0.424123824    
   1.32714772      0.437675118      0.422595054    
   1.31935883      0.429113656      0.420974523    
   1.31160092      0.420722395      0.419268250    
   1.30387664      0.412497401      0.417480350    
   1.29618740      0.404434651      0.415616721    
   1.28853297      0.396534324      0.413681626    
   1.28091431      0.388790011      0.411679953    
   1.27332926      0.381201774      0.409615517    
   1.26578295      0.373766959      0.407494426    
   1.25827193      0.366481006      0.405317962    
   1.25080228      0.359342039      0.403091908    
   1.24336684      0.352348179      0.400817811    
   1.23596978      0.345495224      0.398501724    
   1.22861171      0.338781983      0.396143913    
   1.22129226      0.332205236      0.393750817    
   1.21401167      0.325762749      0.391322345    
   1.20677161      0.319450915      0.388863087    
   1.19956994      0.313268930      0.386376083    
   1.19240999      0.307212919      0.383863449    
   1.18528712      0.301282167      0.381327659    
   1.17820787      0.295472533      0.378769457    
   1.17116559      0.289781690      0.376193702    
   1.16416681      0.284209222      0.373601258    
   1.15720618      0.278750420      0.370994300    
   1.15028608      0.273403853      0.368374705    
   1.14340949      0.268166542      0.365743130    
   1.13656986      0.263037831      0.363102168    
   1.12977302      0.258015990      0.360456228    
   1.12301588      0.253097594      0.357803285    
   1.11629915      0.248279378      0.355145603    
   1.10962474      0.243562743      0.352486193    
   1.10298860      0.238942251      0.349824101    
   1.09639525      0.234417424      0.347162813    
   1.08984208      0.229986414      0.344501197    
   1.08332884      0.225646108      0.341841161    
   1.07685721      0.221396193      0.339185864    
   1.07042348      0.217234477      0.336533725    
   1.06403232      0.213158652      0.333887577    
   1.05768156      0.209166870      0.331245810    
   1.05136776      0.205257967      0.328613281    
   1.04509640      0.201428995      0.325987279    
   1.03886425      0.197680727      0.323370427    
   1.03267217      0.194009259      0.320762634    
   1.02651834      0.190413028      0.318164229    
   1.02040410      0.186891317      0.315575480    
   1.01432991      0.183442906      0.312999010    
   1.00829422      0.180064172      0.310433507    
   1.00229812      0.176756382      0.307882041    
  0.996338129      0.173517168      0.305341959    
  0.990418196      0.170343831      0.302815586    
  0.984536529      0.167236790      0.300303102    
  0.978692830      0.164192960      0.297803640    
  0.972886324      0.161211208      0.295318186    
  0.967118025      0.158292145      0.292850852    
  0.961386383      0.155432314      0.290395170    
  0.955693245      0.152632385      0.287957519    
  0.950037360      0.149888918      0.285533339    
  0.944416523      0.147201821      0.283126563    
  0.938832879      0.144569442      0.280734211    
  0.933286071      0.141991705      0.278359652    
  0.927774251      0.139465645      0.276000232    
  0.922300041      0.136991844      0.273658305    
  0.916860819      0.134569243      0.271334410    
  0.911456108      0.132196009      0.269027263    
  0.906087518      0.129870608      0.266738027    
  0.900753319      0.127592593      0.264462173    
  0.895453990      0.125361025      0.262207776    
  0.890190125      0.123174958      0.259969145    
  0.884960473      0.121033154      0.257747710    
  0.879763663      0.118935399      0.255545527    
  0.874600410      0.116879679      0.253359675    
  0.869472384      0.114865340      0.251190811    
  0.864376843      0.112892754      0.249041378    
  0.859314203      0.110959619      0.246908963    
  0.854284644      0.109065123      0.244793609    
  0.849287510      0.107209593      0.242696404    
  0.844323695      0.105390474      0.240617380    
  0.839390934      0.103608690      0.238554835    
  0.834490836      0.101862334      0.236510485    
  0.829621732      0.100151874      0.234484047    
  0.824784577       9.84746218E-02  0.232474223    
  0.819978654       9.68317762E-02  0.230483308    
  0.815203965       9.52214897E-02  0.228510126    
  0.810459197       9.36435834E-02  0.226552397    
  0.805746078       9.20969769E-02  0.224613756    
  0.801062584       9.05817151E-02  0.222691342    
  0.796409011       8.90955478E-02  0.220786333    
  0.791784406       8.76395553E-02  0.218897656    
  0.787191570       8.62123743E-02  0.217027172    
  0.782626688       8.48130658E-02  0.215173498    
  0.778091848       8.34423304E-02  0.213336959    
  0.773584723       8.20980072E-02  0.211516827    
  0.769106448       8.07809085E-02  0.209713534    
  0.764656782       7.94894844E-02  0.207926884    
  0.760236681       7.82230198E-02  0.206156030    
  0.755842984       7.69820139E-02  0.204401687    
  0.751478136       7.57648200E-02  0.202664688    
  0.747139871       7.45718256E-02  0.200943574    
  0.742829442       7.34021887E-02  0.199238509    
  0.738546669       7.22552687E-02  0.197548926    
  0.734290242       7.11310953E-02  0.195873991    
  0.730060399       7.00285286E-02  0.194216415    
  0.725857019       6.89470544E-02  0.192574143    
  0.721680760       6.78870082E-02  0.190946370    
  0.717530429       6.68469071E-02  0.189335808    
  0.713405132       6.58278987E-02  0.187738985    
  0.709305584       6.48276061E-02  0.186157793    
  0.705232382       6.38467446E-02  0.184592709    
  0.701182783       6.28854409E-02  0.183041662    
  0.697160184       6.19417690E-02  0.181504905    
  0.693160892       6.10168651E-02  0.179983184    
  0.689186633       6.01091087E-02  0.178476498    
  0.685237408       5.92186227E-02  0.176982820    
  0.681311607       5.83455302E-02  0.175504878    
  0.677409410       5.74889146E-02  0.174041569    
  0.673532128       5.66485897E-02  0.172590449    
  0.669677317       5.58240451E-02  0.171154767    
  0.665847301       5.50150461E-02  0.169733405    
  0.662039816       5.42210899E-02  0.168323085    
  0.658255517       5.34427054E-02  0.166928306    
  0.654493511       5.26786596E-02  0.165547356    
  0.650754869       5.19289449E-02  0.164179474    
  0.647038102       5.11927940E-02  0.162824303    
  0.643343866       5.04707694E-02  0.161481112    
  0.639671624       4.97622974E-02  0.160152525    
  0.636020839       4.90667745E-02  0.158836007    
  0.632391691       4.83841263E-02  0.157533646    
  0.628785014       4.77143787E-02  0.156242713    
  0.625199318       4.70567048E-02  0.154964417    
  0.621634603       4.64110412E-02  0.153699204    
  0.618090510       4.57774773E-02  0.152445093    
  0.614567995       4.51553948E-02  0.151203141    
  0.611065209       4.45443951E-02  0.149976194    
  0.607583046       4.39449474E-02  0.148758024    
  0.604120791       4.33564894E-02  0.147551745    
  0.600678742       4.27780747E-02  0.146357894    
  0.597257257       4.22108807E-02  0.145176157    
  0.593854368       4.16532233E-02  0.144005880    
  0.590472460       4.11059931E-02  0.142846793    
  0.587108731       4.05683629E-02  0.141699135    
  0.583764255       4.00405340E-02  0.140562996    
  0.580438197       3.95223685E-02  0.139436319    
  0.577131927       3.90126929E-02  0.138323590    
  0.573845029       3.85128446E-02  0.137220144    
  0.570575476       3.80214043E-02  0.136127740    
  0.567323685       3.75384875E-02  0.135045379    
  0.564090550       3.70644256E-02  0.133973628    
  0.560875535       3.65986265E-02  0.132913023    
  0.557678223       3.61404903E-02  0.131862462    
  0.554498851       3.56907807E-02  0.130822882    
  0.551337302       3.52486074E-02  0.129793033    
  0.548192143       3.48145589E-02  0.128772885    
  0.545064270       3.43876965E-02  0.127763718    
  0.541953743       3.39678079E-02  0.126764059    
  0.538859904       3.35559137E-02  0.125774577    
  0.535782278       3.31504382E-02  0.124793902    
  0.532721281       3.27522643E-02  0.123823218    
  0.529676795       3.23609672E-02  0.122862414    
  0.526649177       3.19763422E-02  0.121911161    
  0.523635328       3.15978006E-02  0.120969266    
  0.520639122       3.12257539E-02  0.120035797    
  0.517658353       3.08600776E-02  0.119113311    
  0.514692783       3.05004232E-02  0.118198901    
  0.511742711       3.01467273E-02  0.117293924    
  0.508807898       2.97992546E-02  0.116397284    
  0.505888104       2.94569973E-02  0.115510598    
  0.502982020       2.91210357E-02  0.114631481    
  0.500093162       2.87901759E-02  0.113762394    
  0.497216493       2.84650698E-02  0.112900995    
  0.494355083       2.81447768E-02  0.112049036    
  0.491508037       2.78300606E-02  0.111205474    
  0.488674998       2.75206212E-02  0.110369243    
  0.485855460       2.72161048E-02  0.109542288    
  0.483050346       2.69163474E-02  0.108723730    
  0.480258524       2.66217254E-02  0.107913449    
  0.477479696       2.63314918E-02  0.107111216    
  0.474714786       2.60461736E-02  0.106316492    
  0.471963376       2.57652048E-02  0.105531111    
  0.469224095       2.54892744E-02  0.104752183    
  0.466498375       2.52172388E-02  0.103982762    
  0.463785231       2.49496493E-02  0.103220336    
  0.461084425       2.46861503E-02  0.102465332    
  0.458396286       2.44273506E-02  0.101717472    
  0.455719650       2.41721570E-02  0.100978360    
  0.453055978       2.39209961E-02  0.100246742    
  0.450403750       2.36735232E-02   9.95224267E-02
  0.447764009       2.34308988E-02   9.88053828E-02
  0.445135027       2.31912546E-02   9.80946571E-02
  0.442517996       2.29552202E-02   9.73927900E-02
  0.439912319       2.27235239E-02   9.66977328E-02
  0.437317163       2.24951357E-02   9.60090756E-02
  0.434734046       2.22697947E-02   9.53279287E-02
  0.432161689       2.20486596E-02   9.46545377E-02
  0.429599136       2.18307953E-02   9.39867049E-02
  0.427048206       2.16161348E-02   9.33267996E-02
  0.424507976       2.14043632E-02   9.26730931E-02
  0.421976984       2.11965442E-02   9.20270383E-02
  0.419456363       2.09917873E-02   9.13870260E-02
  0.416946203       2.07899157E-02   9.07539129E-02
  0.414446265       2.05915887E-02   9.01274309E-02
  0.411954910       2.03961842E-02   8.95072520E-02
  0.409474760       2.02037413E-02   8.88951868E-02
  0.407002240       2.00147573E-02   8.82868916E-02
  0.404539794       1.98278781E-02   8.76862258E-02
  0.402086496       1.96438357E-02   8.70924294E-02
  0.399641931       1.94631908E-02   8.65040794E-02
  0.397207081       1.92850456E-02   8.59228224E-02
  0.394779682       1.91097949E-02   8.53455961E-02
  0.392361939       1.89372618E-02   8.47770944E-02
  0.389952183       1.87675431E-02   8.42129290E-02
  0.387550831       1.86004788E-02   8.36553201E-02
  0.385156423       1.84359457E-02   8.31028372E-02
  0.382771969       1.82742067E-02   8.25576931E-02
  0.380394548       1.81145966E-02   8.20181221E-02
  0.378024757       1.79575421E-02   8.14826638E-02
  0.375661969       1.78034082E-02   8.09538811E-02
  0.373306483       1.76515672E-02   8.04307088E-02
  0.370959550       1.75023228E-02   7.99126327E-02
  0.368619323       1.73551552E-02   7.94010311E-02
  0.366285473       1.72103830E-02   7.88939521E-02
  0.363958567       1.70683954E-02   7.83936083E-02
  0.361638516       1.69285368E-02   7.78982341E-02
  0.359325051       1.67910345E-02   7.74071068E-02
  0.357018590       1.66553687E-02   7.69217759E-02
  0.354718238       1.65227279E-02   7.64415935E-02
  0.352423847       1.63919907E-02   7.59656429E-02
  0.350134611       1.62639655E-02   7.54963607E-02
  0.347852051       1.61375869E-02   7.50303939E-02
  0.345574141       1.60132982E-02   7.45704621E-02
  0.343303561       1.58916358E-02   7.41154179E-02
  0.341037035       1.57724395E-02   7.36648291E-02
  0.338776141       1.56545434E-02   7.32182935E-02
  0.336520165       1.55395949E-02   7.27775469E-02
  0.334268808       1.54264187E-02   7.23406598E-02
  0.332023323       1.53159797E-02   7.19087347E-02
  0.329782903       1.52065316E-02   7.14811012E-02
  0.327545375       1.51002193E-02   7.10577145E-02
  0.325313509       1.49957724E-02   7.06387311E-02
  0.323085457       1.48931127E-02   7.02236295E-02
  0.320861369       1.47925410E-02   6.98131919E-02
  0.318641663       1.46943815E-02   6.94064498E-02
  0.316425711       1.45977372E-02   6.90033212E-02
  0.314213514       1.45037109E-02   6.86057657E-02
  0.312004685       1.44112697E-02   6.82112128E-02
  0.309799373       1.43215377E-02   6.78204894E-02
  0.307597458       1.42339356E-02   6.74337298E-02
  0.305398256       1.41481049E-02   6.70499578E-02
  0.303202301       1.40634039E-02   6.66697696E-02
  0.301009476       1.39816552E-02   6.62937313E-02
  0.298819005       1.39019117E-02   6.59214258E-02
  0.296630681       1.38241611E-02   6.55511394E-02
  0.294445604       1.37482947E-02   6.51852936E-02
  0.292262107       1.36746401E-02   6.48220778E-02
  0.290081859       1.36029813E-02   6.44626096E-02
  0.287902564       1.35331489E-02   6.41057491E-02
  0.285724491       1.34653952E-02   6.37515038E-02
  0.283549398       1.33997304E-02   6.34006560E-02
  0.281375110       1.33362431E-02   6.30517900E-02
  0.279203027       1.32740866E-02   6.27056956E-02
  0.277031898       1.32147484E-02   6.23619668E-02
  0.274860978       1.31567344E-02   6.20208755E-02
  0.272691786       1.31011996E-02   6.16819896E-02
  0.270523697       1.30476207E-02   6.13454841E-02
  0.268354893       1.29956957E-02   6.10111430E-02
  0.266187161       1.29458588E-02   6.06787130E-02
  0.264021337       1.28978388E-02   6.03488162E-02
  0.261854082       1.28522562E-02   6.00202270E-02
  0.259686857       1.28085501E-02   5.96937090E-02
  0.257520020       1.27664488E-02   5.93678355E-02
  0.255352110       1.27265127E-02   5.90442307E-02
  0.253184348       1.26884738E-02   5.87210879E-02
  0.251016319       1.26524167E-02   5.83992228E-02
  0.248847544       1.26181431E-02   5.80788441E-02
  0.246677563       1.25858467E-02   5.77597544E-02
  0.244506076       1.25555182E-02   5.74412644E-02
  0.242333248       1.25267785E-02   5.71217872E-02
  0.240159675       1.25002498E-02   5.68041652E-02
  0.237984002       1.24753918E-02   5.64871244E-02
  0.235807940       1.24525540E-02   5.61703853E-02
  0.233627796       1.24312490E-02   5.58530502E-02
  0.231447324       1.24118235E-02   5.55356219E-02
  0.229263902       1.23943016E-02   5.52185178E-02
  0.227078065       1.23785501E-02   5.49010523E-02
  0.224890232       1.23640280E-02   5.45829348E-02
  0.222699061       1.23518286E-02   5.42637147E-02
  0.220504761       1.23405689E-02   5.39441295E-02
  0.218308061       1.23320092E-02   5.36232218E-02
  0.216107219       1.23239802E-02   5.33008538E-02
  0.213903800       1.23178698E-02   5.29768355E-02
  0.211696222       1.23131778E-02   5.26524968E-02
  0.209485054       1.23099862E-02   5.23254201E-02
  0.207269564       1.23084523E-02   5.19972369E-02
  0.205048874       1.23077715E-02   5.16657792E-02
  0.202826098       1.23084625E-02   5.13327755E-02
  0.200597212       1.23109706E-02   5.09967394E-02
  0.198363334       1.23139042E-02   5.06585352E-02
  0.196125612       1.23184994E-02   5.03171682E-02
  0.193881825       1.23237912E-02   4.99722660E-02
  0.191633925       1.23301940E-02   4.96248268E-02
  0.189379022       1.23370551E-02   4.92730141E-02
  0.187118515       1.23449871E-02   4.89177778E-02
  0.184852183       1.23540089E-02   4.85584214E-02
  0.182579979       1.23630399E-02   4.81950194E-02
  0.180300906       1.23727573E-02   4.78269272E-02
  0.178015292       1.23831276E-02   4.74537201E-02
  0.175723091       1.23937493E-02   4.70762253E-02
  0.173423544       1.24035459E-02   4.66935597E-02
  0.171117693       1.24145001E-02   4.63051982E-02
  0.168802783       1.24249971E-02   4.59110513E-02
  0.166480854       1.24351960E-02   4.55110818E-02
  0.164151371       1.24451006E-02   4.51053828E-02
  0.161812559       1.24545367E-02   4.46925908E-02
  0.159467086       1.24630891E-02   4.42734919E-02
  0.157111317       1.24707911E-02   4.38468195E-02
  0.154747382       1.24774277E-02   4.34134305E-02
  0.152374193       1.24827698E-02   4.29730788E-02
  0.149991542       1.24870706E-02   4.25237827E-02
  0.147599488       1.24893337E-02   4.20669205E-02
  0.145196736       1.24896634E-02   4.16014865E-02
  0.142785177       1.24880169E-02   4.11278494E-02
  0.140362784       1.24844033E-02   4.06449661E-02
  0.137930125       1.24778841E-02   4.01535518E-02
  0.135485291       1.24685029E-02   3.96521017E-02
  0.133030042       1.24560744E-02   3.91409174E-02
  0.130563587       1.24406526E-02   3.86197455E-02
  0.128085896       1.24212988E-02   3.80888507E-02
  0.125595048       1.23980464E-02   3.75467055E-02
  0.123093374       1.23702446E-02   3.69944274E-02
  0.120578222       1.23381391E-02   3.64306383E-02
  0.118050292       1.23009617E-02   3.58553156E-02
  0.115509354       1.22583341E-02   3.52680832E-02
  0.112955093       1.22102387E-02   3.46688069E-02
  0.110388197       1.21559873E-02   3.40582505E-02
  0.107806467       1.20951459E-02   3.34343426E-02
  0.105211094       1.20279631E-02   3.27978991E-02
  0.102600798       1.19527997E-02   3.21482159E-02
   9.99758095E-02   1.18699288E-02   3.14851180E-02
   9.73359197E-02   1.17793977E-02   3.08087971E-02
   9.46802497E-02   1.16794184E-02   3.01187094E-02
   9.20102596E-02   1.15704890E-02   2.94140931E-02
   8.93230066E-02   1.14516858E-02   2.86955237E-02
   8.66209045E-02   1.13230888E-02   2.79624332E-02
   8.39014426E-02   1.11836614E-02   2.72150058E-02
   8.11670348E-02   1.10325292E-02   2.64522918E-02
   7.84137547E-02   1.08691342E-02   2.56743897E-02
   7.56429806E-02   1.06934058E-02   2.48813350E-02
   7.28559420E-02   1.05047543E-02   2.40731146E-02
   7.00498968E-02   1.03017148E-02   2.32493393E-02
   6.72264919E-02   1.00844800E-02   2.24097054E-02
   6.43838495E-02   9.85194370E-03   2.15541050E-02
   6.15233593E-02   9.60346218E-03   2.06826627E-02
   5.86442798E-02   9.33834072E-03   1.97958462E-02
   5.57447299E-02   9.05529223E-03   1.88924186E-02
   5.28263561E-02   8.75469949E-03   1.79731399E-02
   4.98878732E-02   8.43500905E-03   1.70377810E-02
   4.69301045E-02   8.09508748E-03   1.60861798E-02
   4.39514555E-02   7.73500744E-03   1.51186772E-02
   4.09530476E-02   7.35284155E-03   1.41352117E-02
   3.79335470E-02   6.94857491E-03   1.31358923E-02
   3.48924808E-02   6.52069738E-03   1.21211633E-02
   3.18309665E-02   6.06889836E-03   1.10908430E-02
   2.87480112E-02   5.59200719E-03   1.00453859E-02
   2.56423280E-02   5.08873118E-03   8.98436178E-03
   2.25153845E-02   4.55808081E-03   7.90875684E-03
   1.93668623E-02   3.99979437E-03   6.81902748E-03
   1.61963254E-02   3.41192028E-03   5.71505865E-03
   1.30024925E-02   2.79450230E-03   4.59729554E-03
   9.78589710E-03   2.14566197E-03   3.46631114E-03
   6.54685358E-03   1.46422512E-03   2.32283422E-03
   3.28561012E-03   7.49646802E-04   1.16732111E-03
   0.00000000       0.00000000       0.00000000    
