   0.00000000    
   7.49999983E-03
   1.49999997E-02
   2.25000009E-02
   2.99999993E-02
   3.75000015E-02
   4.50000018E-02
   5.24999984E-02
   5.99999987E-02
   6.75000027E-02
   7.50000030E-02
   8.25000033E-02
   9.00000036E-02
   9.74999964E-02
  0.104999997    
  0.112499997    
  0.119999997    
  0.127499998    
  0.135000005    
  0.142499998    
  0.150000006    
  0.157499999    
  0.165000007    
  0.172499999    
  0.180000007    
  0.187500000    
  0.194999993    
  0.202500001    
  0.209999993    
  0.217500001    
  0.224999994    
  0.232500002    
  0.239999995    
  0.247500002    
  0.254999995    
  0.262499988    
  0.270000011    
  0.277500004    
  0.284999996    
  0.292499989    
  0.300000012    
  0.307500005    
  0.314999998    
  0.322499990    
  0.330000013    
  0.337500006    
  0.344999999    
  0.352499992    
  0.360000014    
  0.367500007    
  0.375000000    
  0.382499993    
  0.389999986    
  0.397500008    
  0.405000001    
  0.412499994    
  0.419999987    
  0.427500010    
  0.435000002    
  0.442499995    
  0.449999988    
  0.457500011    
  0.465000004    
  0.472499996    
  0.479999989    
  0.487500012    
  0.495000005    
  0.502499998    
  0.509999990    
  0.517499983    
  0.524999976    
  0.532500029    
  0.540000021    
  0.547500014    
  0.555000007    
  0.562500000    
  0.569999993    
  0.577499986    
  0.584999979    
  0.592499971    
  0.600000024    
  0.607500017    
  0.615000010    
  0.622500002    
  0.629999995    
  0.637499988    
  0.644999981    
  0.652499974    
  0.660000026    
  0.667500019    
  0.675000012    
  0.682500005    
  0.689999998    
  0.697499990    
  0.704999983    
  0.712499976    
  0.720000029    
  0.727500021    
  0.735000014    
  0.742500007    
  0.750000000    
  0.757499993    
  0.764999986    
  0.772499979    
  0.779999971    
  0.787500024    
  0.795000017    
  0.802500010    
  0.810000002    
  0.817499995    
  0.824999988    
  0.832499981    
  0.839999974    
  0.847500026    
  0.855000019    
  0.862500012    
  0.870000005    
  0.877499998    
  0.884999990    
  0.892499983    
  0.899999976    
  0.907500029    
  0.915000021    
  0.922500014    
  0.930000007    
  0.937500000    
  0.944999993    
  0.952499986    
  0.959999979    
  0.967499971    
  0.975000024    
  0.982500017    
  0.990000010    
  0.997500002    
   1.00500000    
   1.01250005    
   1.01999998    
   1.02750003    
   1.03499997    
   1.04250002    
   1.04999995    
   1.05750000    
   1.06500006    
   1.07249999    
   1.08000004    
   1.08749998    
   1.09500003    
   1.10249996    
   1.11000001    
   1.11749995    
   1.12500000    
   1.13250005    
   1.13999999    
   1.14750004    
   1.15499997    
   1.16250002    
   1.16999996    
   1.17750001    
   1.18499994    
   1.19250000    
   1.20000005    
   1.20749998    
   1.21500003    
   1.22249997    
   1.23000002    
   1.23749995    
   1.24500000    
   1.25250006    
   1.25999999    
   1.26750004    
   1.27499998    
   1.28250003    
   1.28999996    
   1.29750001    
   1.30499995    
   1.31250000    
   1.32000005    
   1.32749999    
   1.33500004    
   1.34249997    
   1.35000002    
   1.35749996    
   1.36500001    
   1.37249994    
   1.38000000    
   1.38750005    
   1.39499998    
   1.40250003    
   1.40999997    
   1.41750002    
   1.42499995    
   1.43250000    
   1.44000006    
   1.44749999    
   1.45500004    
   1.46249998    
   1.47000003    
   1.47749996    
   1.48500001    
   1.49249995    
   1.50000000    
   1.50750005    
   1.51499999    
   1.52250004    
   1.52999997    
   1.53750002    
   1.54499996    
   1.55250001    
   1.55999994    
   1.56750000    
   1.57500005    
   1.58249998    
   1.59000003    
   1.59749997    
   1.60500002    
   1.61249995    
   1.62000000    
   1.62750006    
   1.63499999    
   1.64250004    
   1.64999998    
   1.65750003    
   1.66499996    
   1.67250001    
   1.67999995    
   1.68750000    
   1.69500005    
   1.70249999    
   1.71000004    
   1.71749997    
   1.72500002    
   1.73249996    
   1.74000001    
   1.74749994    
   1.75500000    
   1.76250005    
   1.76999998    
   1.77750003    
   1.78499997    
   1.79250002    
   1.79999995    
   1.80750000    
   1.81500006    
   1.82249999    
   1.83000004    
   1.83749998    
   1.84500003    
   1.85249996    
   1.86000001    
   1.86749995    
   1.87500000    
   1.88250005    
   1.88999999    
   1.89750004    
   1.90499997    
   1.91250002    
   1.91999996    
   1.92750001    
   1.93499994    
   1.94250000    
   1.95000005    
   1.95749998    
   1.96500003    
   1.97249997    
   1.98000002    
   1.98749995    
   1.99500000    
   2.00250006    
   2.00999999    
   2.01749992    
   2.02500010    
   2.03250003    
   2.03999996    
   2.04749990    
   2.05500007    
   2.06250000    
   2.06999993    
   2.07750010    
   2.08500004    
   2.09249997    
   2.09999990    
   2.10750008    
   2.11500001    
   2.12249994    
   2.13000011    
   2.13750005    
   2.14499998    
   2.15249991    
   2.16000009    
   2.16750002    
   2.17499995    
   2.18249989    
   2.19000006    
   2.19749999    
   2.20499992    
   2.21250010    
   2.22000003    
   2.22749996    
   2.23499990    
   2.24250007    
   2.25000000    
   2.25749993    
   2.26500010    
   2.27250004    
   2.27999997    
   2.28749990    
   2.29500008    
   2.30250001    
   2.30999994    
   2.31750011    
   2.32500005    
   2.33249998    
   2.33999991    
   2.34750009    
   2.35500002    
   2.36249995    
   2.36999989    
   2.37750006    
   2.38499999    
   2.39249992    
   2.40000010    
   2.40750003    
   2.41499996    
   2.42249990    
   2.43000007    
   2.43750000    
   2.44499993    
   2.45250010    
   2.46000004    
   2.46749997    
   2.47499990    
   2.48250008    
   2.49000001    
   2.49749994    
   2.50500011    
   2.51250005    
   2.51999998    
   2.52749991    
   2.53500009    
   2.54250002    
   2.54999995    
   2.55749989    
   2.56500006    
   2.57249999    
   2.57999992    
   2.58750010    
   2.59500003    
   2.60249996    
   2.60999990    
   2.61750007    
   2.62500000    
   2.63249993    
   2.64000010    
   2.64750004    
   2.65499997    
   2.66249990    
   2.67000008    
   2.67750001    
   2.68499994    
   2.69250011    
   2.70000005    
   2.70749998    
   2.71499991    
   2.72250009    
   2.73000002    
   2.73749995    
   2.74499989    
   2.75250006    
   2.75999999    
   2.76749992    
   2.77500010    
   2.78250003    
   2.78999996    
   2.79749990    
   2.80500007    
   2.81250000    
   2.81999993    
   2.82750010    
   2.83500004    
   2.84249997    
   2.84999990    
   2.85750008    
   2.86500001    
   2.87249994    
   2.88000011    
   2.88750005    
   2.89499998    
   2.90249991    
   2.91000009    
   2.91750002    
   2.92499995    
   2.93249989    
   2.94000006    
   2.94749999    
   2.95499992    
   2.96250010    
   2.97000003    
   2.97749996    
   2.98499990    
   2.99250007    
   3.00000000    
