   0.00000000       0.00000000       0.00000000    
   4.46841540E-03   8.74393433E-03   1.75850820E-02
   9.03431419E-03   1.73052810E-02   3.50002423E-02
   1.36924637E-02   2.56856661E-02   5.22497147E-02
   1.84378345E-02   3.38867903E-02   6.93374053E-02
   2.32655890E-02   4.19104062E-02   8.62669498E-02
   2.81710550E-02   4.97583337E-02  0.103041589    
   3.31497267E-02   5.74324429E-02  0.119664371    
   3.81972566E-02   6.49346486E-02  0.136138186    
   4.33094390E-02   7.22669214E-02  0.152465656    
   4.84822057E-02   7.94312581E-02  0.168649405    
   5.37116379E-02   8.64297152E-02  0.184691772    
   5.89939393E-02   9.32643712E-02  0.200595051    
   6.43254444E-02   9.99373049E-02  0.216361329    
   6.97026029E-02  0.106450677      0.231992647    
   7.51219690E-02  0.112806588      0.247490853    
   8.05802345E-02  0.119007237      0.262857735    
   8.60741660E-02  0.125054777      0.278095007    
   9.16006565E-02  0.130951434      0.293204337    
   9.71567258E-02  0.136699408      0.308187068    
  0.102739446      0.142300904      0.323044747    
  0.108345985      0.147758126      0.337778658    
  0.113973625      0.153073326      0.352390110    
  0.119619727      0.158248693      0.366880268    
  0.125281766      0.163286492      0.381250471    
  0.130957261      0.168188885      0.395501643    
  0.136643812      0.172958136      0.409634948    
  0.142338976      0.177596301      0.423650980    
  0.148040712      0.182105735      0.437551081    
  0.153746828      0.186488613      0.451336175    
  0.159455255      0.190747127      0.465007246    
  0.165164009      0.194883466      0.478565007    
  0.170871139      0.198899761      0.492010415    
  0.176574811      0.202798173      0.505344272    
  0.182273194      0.206580848      0.518567204    
  0.187964574      0.210249856      0.531680107    
  0.193647310      0.213807374      0.544683695    
  0.199319765      0.217255428      0.557578683    
  0.204980418      0.220596090      0.570365787    
  0.210627764      0.223831400      0.583045602    
  0.216260403      0.226963401      0.595619023    
  0.221876979      0.229994088      0.608086586    
  0.227476165      0.232925475      0.620448768    
  0.233056709      0.235759452      0.632706523    
  0.238617390      0.238498077      0.644860387    
  0.244157106      0.241143167      0.656910956    
  0.249674663      0.243696660      0.668858886    
  0.255169123      0.246160448      0.680704832    
  0.260639459      0.248536319      0.692449331    
  0.266084671      0.250826180      0.704093099    
  0.271503866      0.253031760      0.715636730    
  0.276896209      0.255154878      0.727080882    
  0.282260865      0.257197291      0.738426030    
  0.287597090      0.259160727      0.749672949    
  0.292904049      0.261046886      0.760822356    
  0.298181146      0.262857407      0.771874607    
  0.303427696      0.264593989      0.782830536    
  0.308643043      0.266258329      0.793690741    
  0.313826680      0.267851859      0.804455817    
  0.318977952      0.269376278      0.815126300    
  0.324096441      0.270833164      0.825703084    
  0.329181641      0.272223920      0.836186588    
  0.334233075      0.273550183      0.846577525    
  0.339250445      0.274813324      0.856876433    
  0.344233215      0.276014864      0.867084205    
  0.349181175      0.277156204      0.877201200    
  0.354093820      0.278238803      0.887228370    
  0.358971059      0.279263943      0.897166133    
  0.363812536      0.280233026      0.907015204    
  0.368617982      0.281147420      0.916776419    
  0.373387218      0.282008350      0.926450193    
  0.378120035      0.282817155      0.936037242    
  0.382816285      0.283575088      0.945538342    
  0.387475729      0.284283429      0.954954028    
  0.392098367      0.284943312      0.964285016    
  0.396684080      0.285555929      0.973532140    
  0.401232660      0.286122501      0.982695818    
  0.405744255      0.286644131      0.991776943    
  0.410218626      0.287121952       1.00077605    
  0.414655864      0.287557095       1.00969386    
  0.419055879      0.287950546       1.01853108    
  0.423418701      0.288303405       1.02728832    
  0.427744389      0.288616776       1.03596640    
  0.432032883      0.288891584       1.04456580    
  0.436284423      0.289128840       1.05308735    
  0.440498888      0.289329588       1.06153166    
  0.444676399      0.289494634       1.06989956    
  0.448817134      0.289625049       1.07819140    
  0.452921122      0.289721698       1.08640826    
  0.456988513      0.289785445       1.09455049    
  0.461019427      0.289817214       1.10261893    
  0.465013921      0.289817810       1.11061430    
  0.468972266      0.289788097       1.11853707    
  0.472894520      0.289728850       1.12638819    
  0.476780921      0.289640963       1.13416803    
  0.480631590      0.289525151       1.14187741    
  0.484446704      0.289382160       1.14951694    
  0.488226473      0.289212793       1.15708733    
  0.491971105      0.289017767       1.16458929    
  0.495680839      0.288797826       1.17202342    
  0.499355823      0.288553625       1.17939043    
  0.502996206      0.288285881       1.18669081    
  0.506602347      0.287995219       1.19392538    
  0.510174394      0.287682295       1.20109487    
  0.513712525      0.287347794       1.20819950    
  0.517217159      0.286992311       1.21524024    
  0.520688355      0.286616564       1.22221780    
  0.524126470      0.286221027       1.22913265    
  0.527531683      0.285806268       1.23598540    
  0.530904233      0.285372883       1.24277687    
  0.534244359      0.284921408       1.24950719    
  0.537552416      0.284452498       1.25617754    
  0.540828466      0.283966571       1.26278830    
  0.544073105      0.283464223       1.26934004    
  0.547286272      0.282945871       1.27583349    
  0.550468385      0.282412082       1.28226912    
  0.553619623      0.281863302       1.28864765    
  0.556740284      0.281300008       1.29496944    
  0.559830666      0.280722708       1.30123520    
  0.562891006      0.280131757       1.30744553    
  0.565921664      0.279527664       1.31360114    
  0.568922698      0.278910816       1.31970239    
  0.571894586      0.278281629       1.32574999    
  0.574837506      0.277640551       1.33174431    
  0.577751756      0.276987970       1.33768606    
  0.580637515      0.276324213       1.34357584    
  0.583495140      0.275649756       1.34941399    
  0.586324990      0.274964839       1.35520124    
  0.589127064      0.274269909       1.36093795    
  0.591901898      0.273565412       1.36662483    
  0.594649673      0.272851527       1.37226236    
  0.597370565      0.272128642       1.37785101    
  0.600064993      0.271397114       1.38339126    
  0.602733016      0.270657241       1.38888371    
  0.605375171      0.269909263       1.39432895    
  0.607991457      0.269153565       1.39972723    
  0.610582232      0.268390477       1.40507925    
  0.613147855      0.267620206       1.41038537    
  0.615688503      0.266843051       1.41564620    
  0.618204355      0.266059339       1.42086220    
  0.620695829      0.265269250       1.42603385    
  0.623163044      0.264473140       1.43116140    
  0.625606298      0.263671190       1.43624556    
  0.628025889      0.262863666       1.44128680    
  0.630421996      0.262050778       1.44628537    
  0.632794857      0.261232823       1.45124197    
  0.635144770      0.260409981       1.45615673    
  0.637471974      0.259582520       1.46103036    
  0.639776587      0.258750677       1.46586323    
  0.642059028      0.257914513       1.47065580    
  0.644319475      0.257074416       1.47540843    
  0.646558106      0.256230474       1.48012149    
  0.648775220      0.255382985       1.48479545    
  0.650970995      0.254532069       1.48943090    
  0.653145671      0.253677905       1.49402785    
  0.655299544      0.252820671       1.49858701    
  0.657432675      0.251960576       1.50310874    
  0.659545541      0.251097739       1.50759339    
  0.661638021      0.250232458       1.51204121    
  0.663710654      0.249364778       1.51645279    
  0.665763497      0.248494908       1.52082849    
  0.667796791      0.247622997       1.52516866    
  0.669810772      0.246749118       1.52947354    
  0.671805501      0.245873556       1.53374350    
  0.673781395      0.244996309       1.53797901    
  0.675738513      0.244117603       1.54218054    
  0.677677155      0.243237570       1.54634821    
  0.679597497      0.242356434       1.55048263    
  0.681499720      0.241474137       1.55458391    
  0.683384001      0.240590960       1.55865240    
  0.685250521      0.239706919       1.56268847    
  0.687099576      0.238822177       1.56669259    
  0.688931346      0.237936884       1.57066500    
  0.690745831      0.237051129       1.57460570    
  0.692543328      0.236164942       1.57851553    
  0.694324136      0.235278606       1.58239460    
  0.696088254      0.234392077       1.58624315    
  0.697835982      0.233505517       1.59006155    
  0.699567556      0.232619032       1.59385014    
  0.701282918      0.231732637       1.59760904    
  0.702982426      0.230846539       1.60133862    
  0.704666078      0.229960769       1.60503936    
  0.706334233      0.229075417       1.60871136    
  0.707987010      0.228190571       1.61235487    
  0.709624588      0.227306321       1.61597049    
  0.711247027      0.226422772       1.61955810    
  0.712854624      0.225539997       1.62311816    
  0.714447439      0.224658087       1.62665081    
  0.716025591      0.223777056       1.63015664    
  0.717589378      0.222897053       1.63363552    
  0.719138861      0.222018078       1.63708794    
  0.720674157      0.221140265       1.64051402    
  0.722195506      0.220263630       1.64391422    
  0.723702967      0.219388217       1.64728856    
  0.725196719      0.218514159       1.65063751    
  0.726677001      0.217641547       1.65396118    
  0.728143811      0.216770336       1.65725982    
  0.729597449      0.215900660       1.66053367    
  0.731037796      0.215032503       1.66378295    
  0.732465208      0.214165986       1.66700792    
  0.733879864      0.213301167       1.67020893    
  0.735281706      0.212438077       1.67338598    
  0.736670852      0.211576760       1.67653930    
  0.738047659      0.210717291       1.67966926    
  0.739412069      0.209859684       1.68277609    
  0.740764260      0.209003970       1.68586004    
  0.742104352      0.208150253       1.68892109    
  0.743432522      0.207298547       1.69195950    
  0.744748831      0.206448898       1.69497573    
  0.746053457      0.205601335       1.69796979    
  0.747346342      0.204755887       1.70094180    
  0.748627841      0.203912601       1.70389199    
  0.749897957      0.203071579       1.70682096    
  0.751156807      0.202232793       1.70972824    
  0.752404511      0.201396286       1.71261454    
  0.753641188      0.200562090       1.71547985    
  0.754866958      0.199730262       1.71832430    
  0.756081879      0.198900819       1.72114825    
  0.757286131      0.198073789       1.72395170    
  0.758479714      0.197249144       1.72673488    
  0.759662867      0.196427017       1.72949803    
  0.760835528      0.195607379       1.73224127    
  0.761997998      0.194790274       1.73496485    
  0.763150275      0.193975702       1.73766887    
  0.764292359      0.193163738       1.74035358    
  0.765424550      0.192354366       1.74301910    
  0.766546845      0.191547588       1.74566555    
  0.767659307      0.190743521       1.74829316    
  0.768761992      0.189942017       1.75090194    
  0.769855142      0.189143240       1.75349236    
  0.770938814      0.188347176       1.75606441    
  0.772013009      0.187553868       1.75861788    
  0.773077786      0.186763257       1.76115334    
  0.774133384      0.185975447       1.76367104    
  0.775179744      0.185190395       1.76617098    
  0.776217163      0.184408128       1.76865315    
  0.777245462      0.183628663       1.77111793    
  0.778264940      0.182852060       1.77356517    
  0.779275537      0.182078272       1.77599525    
  0.780277431      0.181307361       1.77840841    
  0.781270564      0.180539310       1.78080451    
  0.782255173      0.179774135       1.78318381    
  0.783231318      0.179011837       1.78554642    
  0.784199059      0.178252473       1.78789270    
  0.785158396      0.177496001       1.79022253    
  0.786109447      0.176742494       1.79253578    
  0.787052333      0.175991923       1.79483306    
  0.787987053      0.175244272       1.79711449    
  0.788913727      0.174499586       1.79937994    
  0.789832532      0.173757836       1.80162954    
  0.790743411      0.173019066       1.80386353    
  0.791646421      0.172283307       1.80608213    
  0.792541564      0.171550497       1.80828512    
  0.793429136      0.170820668       1.81047285    
  0.794308960      0.170093834       1.81264544    
  0.795181394      0.169370040       1.81480289    
  0.796046257      0.168649286       1.81694543    
  0.796903670      0.167931572       1.81907284    
  0.797753751      0.167216793       1.82118595    
  0.798596501      0.166505113       1.82328403    
  0.799431980      0.165796503       1.82536781    
  0.800260425      0.165090889       1.82743704    
  0.801081657      0.164388359       1.82949173    
  0.801895797      0.163688868       1.83153236    
  0.802702963      0.162992418       1.83355880    
  0.803503275      0.162299022       1.83557117    
  0.804296613      0.161608681       1.83756959    
  0.805083215      0.160921440       1.83955419    
  0.805862904      0.160237342       1.84152496    
  0.806636095      0.159556225       1.84348190    
  0.807402492      0.158878267       1.84542537    
  0.808162391      0.158203363       1.84735537    
  0.808915675      0.157531574       1.84927177    
  0.809662521      0.156862855       1.85117483    
  0.810402989      0.156197280       1.85306478    
  0.811136961      0.155534759       1.85494125    
  0.811864614      0.154875383       1.85680473    
  0.812586010      0.154219121       1.85865521    
  0.813301146      0.153565943       1.86049259    
  0.814010203      0.152915910       1.86231720    
  0.814712942      0.152268976       1.86412871    
  0.815409660      0.151625216       1.86592770    
  0.816100359      0.150984541       1.86771405    
  0.816785038      0.150347024       1.86948764    
  0.817463756      0.149712682       1.87124860    
  0.818136632      0.149081469       1.87299705    
  0.818803608      0.148453459       1.87473309    
  0.819464684      0.147828579       1.87645662    
  0.820120037      0.147206843       1.87816775    
  0.820769668      0.146588281       1.87986672    
  0.821413517      0.145972908       1.88155341    
  0.822051704      0.145360753       1.88322794    
  0.822684288      0.144751817       1.88489020    
  0.823311329      0.144146040       1.88654041    
  0.823932827      0.143543467       1.88817871    
  0.824548721      0.142944142       1.88980484    
  0.825159192      0.142348036       1.89141905    
  0.825764239      0.141755104       1.89302135    
  0.826363862      0.141165480       1.89461172    
  0.826958179      0.140579119       1.89619029    
  0.827547014      0.139996067       1.89775693    
  0.828130543      0.139416263       1.89931178    
  0.828708887      0.138839751       1.90085483    
  0.829281867      0.138266519       1.90238607    
  0.829849660      0.137696609       1.90390575    
  0.830412209      0.137130007       1.90541363    
  0.830969691      0.136566728       1.90690982    
  0.831522048      0.136006817       1.90839458    
  0.832069218      0.135450333       1.90986741    
  0.832611322      0.134897158       1.91132879    
  0.833148420      0.134347424       1.91277850    
  0.833680272      0.133801132       1.91421676    
  0.834207177      0.133258224       1.91564322    
  0.834729195      0.132718772       1.91705823    
  0.835246146      0.132182881       1.91846168    
  0.835758150      0.131650433       1.91985345    
  0.836265206      0.131121531       1.92123353    
  0.836767316      0.130596146       1.92260230    
  0.837264657      0.130074292       1.92395926    
  0.837756932      0.129556030       1.92530489    
  0.838244319      0.129041418       1.92663860    
  0.838726878      0.128530398       1.92796099    
  0.839204669      0.128023088       1.92927146    
  0.839677513      0.127519399       1.93057036    
  0.840145528      0.127019480       1.93185759    
  0.840608716      0.126523286       1.93313324    
  0.841067076      0.126030877       1.93439698    
  0.841520667      0.125542238       1.93564904    
  0.841969371      0.125057489       1.93688917    
  0.842413306      0.124576591       1.93811738    
  0.842852473      0.124099582       1.93933392    
  0.843286753      0.123626545       1.94053853    
  0.843716264      0.123157464       1.94173121    
  0.844141066      0.122692376       1.94291210    
  0.844560981      0.122231312       1.94408071    
  0.844976068      0.121774383       1.94523740    
  0.845386446      0.121321626       1.94638193    
  0.845791936      0.120873004       1.94751430    
  0.846192598      0.120428607       1.94863427    
  0.846588433      0.119988471       1.94974196    
  0.846979439      0.119552620       1.95083737    
  0.847365558      0.119121172       1.95192015    
  0.847746909      0.118694127       1.95299041    
  0.848123312      0.118271552       1.95404816    
  0.848494887      0.117853522       1.95509315    
  0.848861456      0.117440045       1.95612538    
  0.849223197      0.117031217       1.95714474    
  0.849579930      0.116627052       1.95815110    
  0.849931657      0.116227649       1.95914423    
  0.850278556      0.115833066       1.96012425    
  0.850620210      0.115443304       1.96109116    
  0.850957096      0.115058474       1.96204460    
  0.851288736      0.114678673       1.96298468    
  0.851615369      0.114303961       1.96391094    
  0.851936817      0.113934301       1.96482337    
  0.852253139      0.113569908       1.96572208    
  0.852564216      0.113210805       1.96660686    
  0.852870107      0.112857029       1.96747732    
  0.853170753      0.112508699       1.96833360    
  0.853466094      0.112165898       1.96917546    
  0.853756130      0.111828685       1.97000277    
  0.854040802      0.111497156       1.97081542    
  0.854319930      0.111171335       1.97161305    
  0.854593635      0.110851347       1.97239566    
  0.854861856      0.110537335       1.97316313    
  0.855124593      0.110229298       1.97391510    
  0.855381548      0.109927453       1.97465158    
  0.855632782      0.109631762       1.97537220    
  0.855878532      0.109342411       1.97607696    
  0.856118262      0.109059483       1.97676539    
  0.856352210      0.108783066       1.97743738    
  0.856580257      0.108513281       1.97809303    
  0.856802344      0.108250193       1.97873175    
  0.857018352      0.107993945       1.97935343    
  0.857228160      0.107744664       1.97995782    
  0.857431829      0.107502401       1.98054469    
  0.857629299      0.107267365       1.98111391    
  0.857820332      0.107039653       1.98166502    
  0.858004928      0.106819376       1.98219776    
  0.858183026      0.106606595       1.98271203    
  0.858354568      0.106401525       1.98320758    
  0.858519375      0.106204256       1.98368382    
  0.858677387      0.106014989       1.98414087    
  0.858828604      0.105833791       1.98457801    
  0.858972669      0.105660863       1.98499525    
  0.859109819      0.105496272       1.98539197    
  0.859239697      0.105340227       1.98576808    
  0.859362245      0.105192870       1.98612320    
  0.859477341      0.105054364       1.98645663    
  0.859584928      0.104924813       1.98676860    
  0.859684825      0.104804493       1.98705828    
  0.859776974      0.104693472       1.98732567    
  0.859861135      0.104591973       1.98756981    
  0.859937310      0.104500130       1.98779094    
  0.860005260      0.104418173       1.98798811    
  0.860064864      0.104346253       1.98816121    
  0.860115945      0.104284614       1.98830962    
  0.860158324      0.104233317       1.98843300    
  0.860191941      0.104192682       1.98853076    
  0.860216558      0.104162931       1.98860264    
  0.860232115      0.104144171       1.98864782    
