   1.57079995      0.785399973      0.392699987    
   1.55199039      0.776042521      0.388002694    
   1.53349328      0.766826034      0.383373410    
   1.51530480      0.757748187      0.378812343    
   1.49740815      0.748805523      0.374318898    
   1.47978854      0.739995956      0.369892836    
   1.46243250      0.731317818      0.365532577    
   1.44533622      0.722766638      0.361237705    
   1.42849302      0.714342475      0.357006073    
   1.41189563      0.706041336      0.352837354    
   1.39554918      0.697863102      0.348729998    
   1.37944078      0.689804137      0.344683290    
   1.36356986      0.681862652      0.340696454    
   1.34792924      0.674037755      0.336768210    
   1.33251870      0.666325271      0.332897663    
   1.31733036      0.658724487      0.329083622    
   1.30236280      0.651233077      0.325324863    
   1.28761530      0.643850625      0.321621299    
   1.27307832      0.636574388      0.317971259    
   1.25874996      0.629401743      0.314374745    
   1.24462688      0.622331798      0.310829878    
   1.23070717      0.615361929      0.307336092    
   1.21698606      0.608492196      0.303892851    
   1.20345879      0.601719737      0.300498933    
   1.19012463      0.595043361      0.297153920    
   1.17697906      0.588460028      0.293856680    
   1.16398859      0.581954300      0.290598750    
   1.15121269      0.575555861      0.287394881    
   1.13861477      0.569246173      0.284236550    
   1.12619412      0.563025177      0.281123132    
   1.11394644      0.556891441      0.278053343    
   1.10187066      0.550842166      0.275027245    
   1.08996165      0.544877052      0.272043526    
   1.07821691      0.538994372      0.269102097    
   1.06663597      0.533193231      0.266201526    
   1.05521524      0.527471542      0.263341665    
   1.04394913      0.521828651      0.260521680    
   1.03283811      0.516262770      0.257740915    
   1.02188015      0.510773122      0.254998893    
   1.01107180      0.505357444      0.252294451    
   1.00041056      0.500016093      0.249627382    
  0.989892244      0.494747788      0.246997356    
  0.979517817      0.489550084      0.244403526    
  0.969282925      0.484422863      0.241845220    
  0.959185898      0.479364395      0.239322111    
  0.949223101      0.474373877      0.236832961    
  0.939395487      0.469450116      0.234378010    
  0.929699242      0.464592248      0.231956229    
  0.920130432      0.459799796      0.229567006    
  0.910690188      0.455070138      0.227210626    
  0.901373863      0.450404227      0.224885628    
  0.892180622      0.445799559      0.222591981    
  0.883108079      0.441255391      0.220329061    
  0.874156594      0.436771750      0.218096316    
  0.865321100      0.432346791      0.215893552    
  0.856601179      0.427979678      0.213720351    
  0.847995400      0.423669934      0.211575478    
  0.839500725      0.419416726      0.209459364    
  0.831115365      0.415219098      0.207370698    
  0.822840214      0.411074430      0.205310047    
  0.814672291      0.406984627      0.203276083    
  0.806607485      0.402947664      0.201269224    
  0.798646986      0.398963243      0.199288025    
  0.790788829      0.395029634      0.197332874    
  0.783031285      0.391146868      0.195403188    
  0.775370955      0.387313247      0.193498492    
  0.767808974      0.383528709      0.191618383    
  0.760342240      0.379793197      0.189762533    
  0.752970219      0.376104712      0.187930360    
  0.745692253      0.372463375      0.186121821    
  0.738503158      0.368867904      0.184336558    
  0.731405675      0.365318030      0.182573974    
  0.724395871      0.361812890      0.180833459    
  0.717474043      0.358351886      0.179115191    
  0.710639477      0.354933858      0.177419230    
  0.703888595      0.351559192      0.175743788    
  0.697221637      0.348226517      0.174089700    
  0.690636277      0.344935954      0.172456607    
  0.684133530      0.341685593      0.170843512    
  0.677710712      0.338475704      0.169250757    
  0.671365499      0.335305780      0.167677909    
  0.665097594      0.332174867      0.166124254    
  0.658907115      0.329082280      0.164589927    
  0.652792096      0.326027930      0.163074851    
  0.646750033      0.323011398      0.161577925    
  0.640781641      0.320031643      0.160099536    
  0.634885311      0.317088664      0.158639282    
  0.629060388      0.314181417      0.157196641    
  0.623304427      0.311309516      0.155771524    
  0.617619634      0.308472604      0.154363662    
  0.612001896      0.305669606      0.152973011    
  0.606450438      0.302900702      0.151599020    
  0.600966215      0.300165325      0.150241360    
  0.595546424      0.297463447      0.148900151    
  0.590190232      0.294793159      0.147574916    
  0.584898114      0.292154968      0.146265343    
  0.579668760      0.289547950      0.144971386    
  0.574499249      0.286972374      0.143692821    
  0.569392264      0.284427762      0.142429247    
  0.564344049      0.281912953      0.141180620    
  0.559355795      0.279428095      0.139946252    
  0.554425538      0.276972622      0.138726726    
  0.549550772      0.274546266      0.137521267    
  0.544734418      0.272147983      0.136329725    
  0.539972663      0.269778788      0.135151625    
  0.535266578      0.267436862      0.133987725    
  0.530614376      0.265121579      0.132836953    
  0.526016414      0.262834549      0.131699711    
  0.521469772      0.260573238      0.130575091    
  0.516976297      0.258338392      0.129463226    
  0.512533724      0.256129444      0.128364116    
  0.508141518      0.253945738      0.127277732    
  0.503798366      0.251787335      0.126203194    
  0.499505937      0.249654308      0.125140816    
  0.495261401      0.247544900      0.124090530    
  0.491065681      0.245459944      0.123051666    
  0.486916572      0.243398577      0.122024685    
  0.482813179      0.241361275      0.121008873    
  0.478755385      0.239346832      0.120004326    
  0.474744201      0.237354919      0.119011134    
  0.470777839      0.235385567      0.118028387    
  0.466855586      0.233438283      0.117056683    
  0.462975770      0.231513754      0.116095506    
  0.459138542      0.229610384      0.115144603    
  0.455344498      0.227727354      0.114204332    
  0.451593280      0.225866482      0.113273844    
  0.447881758      0.224025324      0.112353563    
  0.444211662      0.222205386      0.111443460    
  0.440580845      0.220405713      0.110542983    
  0.436989069      0.218625292      0.109651625    
  0.433437526      0.216865018      0.108769819    
  0.429924786      0.215123028      0.107897557    
  0.426450193      0.213401198      0.107034370    
  0.423012376      0.211697847      0.106180146    
  0.419612139      0.210013121      0.105335005    
  0.416246146      0.208345875      0.104498386    
  0.412919223      0.206697226      0.103670590    
  0.409626007      0.205066308      0.102851331    
  0.406368732      0.203452572      0.102040969    
  0.403145581      0.201856315      0.101238854    
  0.399957240      0.200277448      0.100444555    
  0.396802723      0.198715493       9.96581540E-02
  0.393681228      0.197170436       9.88793522E-02
  0.390591294      0.195641011       9.81092155E-02
  0.387533933      0.194127142       9.73464176E-02
  0.384509712      0.192630425       9.65919197E-02
  0.381517291      0.191149518       9.58439931E-02
  0.378554106      0.189682618       9.51039046E-02
  0.375622302      0.188231751       9.43710953E-02
  0.372721225      0.186795712       9.36457813E-02
  0.369849294      0.185375288       9.29268897E-02
  0.367008179      0.183968663       9.22154784E-02
  0.364196181      0.182576627       9.15108174E-02
  0.361411422      0.181199059       9.08133984E-02
  0.358655691      0.179836079       9.01219323E-02
  0.355929196      0.178485751       8.94377828E-02
  0.353228331      0.177149802       8.87598395E-02
  0.350555211      0.175826415       8.80885869E-02
  0.347908974      0.174516886       8.74235034E-02
  0.345290065      0.173220485       8.67649540E-02
  0.342697263      0.171936899       8.61125812E-02
  0.340128869      0.170665443       8.54661763E-02
  0.337587744      0.169407129       8.48259479E-02
  0.335070014      0.168161258       8.41913074E-02
  0.332577884      0.166927010       8.35630298E-02
  0.330111057      0.165705144       8.29408690E-02
  0.327667683      0.164495870       8.23236033E-02
  0.325248152      0.163297623       8.17113519E-02
  0.322853208      0.162111044       8.11061636E-02
  0.320481122      0.160935029       8.05056691E-02
  0.318130732      0.159771293       7.99103230E-02
  0.315803498      0.158618286       7.93207437E-02
  0.313498080      0.157475814       7.87363797E-02
  0.311215818      0.156344384       7.81572908E-02
  0.308955431      0.155223683       7.75836110E-02
  0.306715995      0.154112786       7.70149082E-02
  0.304498196      0.153012753       7.64508694E-02
  0.302300662      0.151922882       7.58919269E-02
  0.300122887      0.150842935       7.53378347E-02
  0.297967732      0.149772272       7.47884288E-02
  0.295831561      0.148712143       7.42442906E-02
  0.293714672      0.147661328       7.37045407E-02
  0.291619003      0.146619871       7.31695667E-02
  0.289541543      0.145587787       7.26388842E-02
  0.287483305      0.144564822       7.21133873E-02
  0.285444677      0.143551052       7.15922415E-02
  0.283423066      0.142546564       7.10746124E-02
  0.281422257      0.141551003       7.05626160E-02
  0.279436707      0.140563607       7.00537860E-02
  0.277471721      0.139584392       6.95503429E-02
  0.275523305      0.138614118       6.90504014E-02
  0.273591697      0.137651950       6.85544685E-02
  0.271678209      0.136699021       6.80632889E-02
  0.269782215      0.135753006       6.75759017E-02
  0.267901748      0.134815231       6.70929998E-02
  0.266039312      0.133885726       6.66139796E-02
  0.264192492      0.132964745       6.61382228E-02
  0.262360692      0.132050171       6.56672046E-02
  0.260546595      0.131142601       6.51996881E-02
  0.258748502      0.130244598       6.47358447E-02
  0.256964564      0.129352614       6.42757416E-02
  0.255198091      0.128468186       6.38206229E-02
  0.253445059      0.127590984       6.33678958E-02
  0.251707166      0.126721561       6.29187301E-02
  0.249984860      0.125858128       6.24742843E-02
  0.248275697      0.125001356       6.20331205E-02
  0.246582329      0.124152265       6.15948327E-02
  0.244903192      0.123309590       6.11608177E-02
  0.243237153      0.122473806       6.07296713E-02
  0.241586670      0.121644869       6.03021979E-02
  0.239948735      0.120821789       5.98784573E-02
  0.238324478      0.120005421       5.94578087E-02
  0.236715272      0.119195186       5.90413660E-02
  0.235117674      0.118391007       5.86274043E-02
  0.233533710      0.117592901       5.82174286E-02
  0.231962129      0.116801836       5.78096434E-02
  0.230404049      0.116015770       5.74058183E-02
  0.228858143      0.115235776       5.70051484E-02
  0.227325663      0.114461988       5.66083975E-02
  0.225803971      0.113693811       5.62132969E-02
  0.224294722      0.112931669       5.58214895E-02
  0.222798958      0.112174638       5.54341227E-02
  0.221313819      0.111423232       5.50494157E-02
  0.219840348      0.110677265       5.46673089E-02
  0.218378454      0.109937087       5.42885587E-02
  0.216928601      0.109202124       5.39127551E-02
  0.215489790      0.108472273       5.35400510E-02
  0.214061782      0.107747965       5.31696267E-02
  0.212645128      0.107028574       5.28026968E-02
  0.211239517      0.106314301       5.24384975E-02
  0.209845468      0.105605468       5.20774759E-02
  0.208460957      0.104901224       5.17194159E-02
  0.207087040      0.104201660       5.13643958E-02
  0.205723301      0.103507251       5.10114990E-02
  0.204370230      0.102818057       5.06615676E-02
  0.203027397      0.102133743       5.03143333E-02
  0.201694742      0.101453319       4.99704406E-02
  0.200370029      0.100777566       4.96281423E-02
  0.199056402      0.100107387       4.92895134E-02
  0.197752491       9.94406566E-02   4.89532575E-02
  0.196456909       9.87788737E-02   4.86193411E-02
  0.195173293       9.81220007E-02   4.82886918E-02
  0.193897545       9.74695683E-02   4.79601547E-02
  0.192629918       9.68202353E-02   4.76339832E-02
  0.191372007       9.61761028E-02   4.73108813E-02
  0.190122485       9.55364555E-02   4.69895862E-02
  0.188882887       9.49008092E-02   4.66717705E-02
  0.187650710       9.42690745E-02   4.63560559E-02
  0.186426938       9.36413556E-02   4.60423641E-02
  0.185211599       9.30182114E-02   4.57312204E-02
  0.184005409       9.23984423E-02   4.54227105E-02
  0.182807103       9.17827860E-02   4.51168790E-02
  0.181615368       9.11712572E-02   4.48122844E-02
  0.180434242       9.05634314E-02   4.45110723E-02
  0.179258212       8.99590552E-02   4.42118086E-02
  0.178091258       8.93593132E-02   4.39148918E-02
  0.176930726       8.87620524E-02   4.36206199E-02
  0.175778031       8.81701186E-02   4.33274768E-02
  0.174633384       8.75810012E-02   4.30378318E-02
  0.173493966       8.69958252E-02   4.27478366E-02
  0.172364578       8.64135772E-02   4.24622931E-02
  0.171240017       8.58342648E-02   4.21784073E-02
  0.170122564       8.52590725E-02   4.18966860E-02
  0.169011891       8.46877992E-02   4.16160859E-02
  0.167908683       8.41196626E-02   4.13384289E-02
  0.166811362       8.35537612E-02   4.10633236E-02
  0.165719301       8.29921663E-02   4.07889895E-02
  0.164633527       8.24337900E-02   4.05157693E-02
  0.163555279       8.18780512E-02   4.02459241E-02
  0.162481353       8.13259333E-02   3.99769917E-02
  0.161413714       8.07765648E-02   3.97105813E-02
  0.160353631       8.02306160E-02   3.94466445E-02
  0.159296885       7.96875358E-02   3.91828939E-02
  0.158246309       7.91479722E-02   3.89211811E-02
  0.157200813       7.86098093E-02   3.86618264E-02
  0.156160980       7.80748427E-02   3.84036787E-02
  0.155125141       7.75423795E-02   3.81472781E-02
  0.154096484       7.70140216E-02   3.78924236E-02
  0.153070867       7.64871389E-02   3.76394615E-02
  0.152050078       7.59632960E-02   3.73876840E-02
  0.151034400       7.54419789E-02   3.71374935E-02
  0.150022402       7.49232173E-02   3.68881114E-02
  0.149014771       7.44067729E-02   3.66407521E-02
  0.148011580       7.38932937E-02   3.63940932E-02
  0.147012934       7.33816996E-02   3.61491106E-02
  0.146017045       7.28728026E-02   3.59051600E-02
  0.145025492       7.23647848E-02   3.56628895E-02
  0.144037873       7.18603060E-02   3.54217812E-02
  0.143053129       7.13571906E-02   3.51818055E-02
  0.142073497       7.08567649E-02   3.49430218E-02
  0.141095549       7.03580007E-02   3.47052515E-02
  0.140120536       6.98607266E-02   3.44685391E-02
  0.139148027       6.93655238E-02   3.42321172E-02
  0.138179675       6.88728690E-02   3.39972638E-02
  0.137212783       6.83812499E-02   3.37632895E-02
  0.136248574       6.78919852E-02   3.35295387E-02
  0.135287017       6.74034953E-02   3.32973488E-02
  0.134327635       6.69168904E-02   3.30651775E-02
  0.133370817       6.64313510E-02   3.28347608E-02
  0.132415116       6.59476072E-02   3.26046385E-02
  0.131461635       6.54653162E-02   3.23748887E-02
  0.130509228       6.49835244E-02   3.21460329E-02
  0.129557505       6.45028502E-02   3.19175236E-02
  0.128608361       6.40241802E-02   3.16892341E-02
  0.127660155       6.35455400E-02   3.14615704E-02
  0.126712918       6.30683899E-02   3.12351696E-02
  0.125766218       6.25920743E-02   3.10078021E-02
  0.124820292       6.21164218E-02   3.07810996E-02
  0.123874426       6.16410002E-02   3.05546913E-02
  0.122929029       6.11665398E-02   3.03280186E-02
  0.121984161       6.06922694E-02   3.01021710E-02
  0.121039800       6.02186136E-02   2.98762787E-02
  0.120093442       5.97449727E-02   2.96503231E-02
  0.119147390       5.92716224E-02   2.94243302E-02
  0.118200637       5.87985329E-02   2.91975979E-02
  0.117252775       5.83254024E-02   2.89710164E-02
  0.116304964       5.78518696E-02   2.87447479E-02
  0.115355417       5.73782958E-02   2.85177156E-02
  0.114403635       5.69038317E-02   2.82903500E-02
  0.113450550       5.64295575E-02   2.80620418E-02
  0.112496711       5.59546277E-02   2.78346427E-02
  0.111540347       5.54791205E-02   2.76059769E-02
  0.110582054       5.50026745E-02   2.73768473E-02
  0.109620176       5.45250215E-02   2.71467976E-02
  0.108656108       5.40468246E-02   2.69156806E-02
  0.107690275       5.35669699E-02   2.66846530E-02
  0.106719926       5.30860275E-02   2.64522284E-02
  0.105747528       5.26038818E-02   2.62194797E-02
  0.104770862       5.21199182E-02   2.59855017E-02
  0.103790604       5.16349822E-02   2.57501397E-02
  0.102806047       5.11474349E-02   2.55137011E-02
  0.101817384       5.06582968E-02   2.52763610E-02
  0.100824565       5.01671657E-02   2.50376649E-02
   9.98270065E-02   4.96737957E-02   2.47977693E-02
   9.88236964E-02   4.91778292E-02   2.45561600E-02
   9.78156626E-02   4.86793220E-02   2.43136194E-02
   9.68023241E-02   4.81788516E-02   2.40688846E-02
   9.57825780E-02   4.76748273E-02   2.38230247E-02
   9.47571844E-02   4.71684933E-02   2.35749986E-02
   9.37251300E-02   4.66586836E-02   2.33253445E-02
   9.26867574E-02   4.61453125E-02   2.30740737E-02
   9.16419327E-02   4.56290357E-02   2.28209794E-02
   9.05896574E-02   4.51092348E-02   2.25655902E-02
   8.95290747E-02   4.45854813E-02   2.23077480E-02
   8.84613767E-02   4.40579355E-02   2.20483169E-02
   8.73851329E-02   4.35263179E-02   2.17861477E-02
   8.63005593E-02   4.29904722E-02   2.15218440E-02
   8.52074102E-02   4.24500480E-02   2.12552473E-02
   8.41045156E-02   4.19053435E-02   2.09854916E-02
   8.29928741E-02   4.13556956E-02   2.07136273E-02
   8.18717554E-02   4.08012010E-02   2.04392504E-02
   8.07398558E-02   4.02414054E-02   2.01617237E-02
   7.95978978E-02   3.96762975E-02   1.98816285E-02
   7.84444064E-02   3.91054675E-02   1.95981488E-02
   7.72803128E-02   3.85290459E-02   1.93120372E-02
   7.61042237E-02   3.79469059E-02   1.90223660E-02
   7.49159008E-02   3.73582356E-02   1.87295116E-02
   7.37155899E-02   3.67632098E-02   1.84332561E-02
   7.25024492E-02   3.61618251E-02   1.81337036E-02
   7.12755546E-02   3.55536304E-02   1.78300831E-02
   7.00358152E-02   3.49386185E-02   1.75232589E-02
   6.87814280E-02   3.43161747E-02   1.72124226E-02
   6.75128773E-02   3.36863920E-02   1.68978292E-02
   6.62292764E-02   3.30489948E-02   1.65789295E-02
   6.49295673E-02   3.24036106E-02   1.62557140E-02
   6.36143237E-02   3.17497663E-02   1.59289818E-02
   6.22829646E-02   3.10877860E-02   1.55977523E-02
   6.09342270E-02   3.04173231E-02   1.52614312E-02
   5.95676377E-02   2.97377817E-02   1.49206407E-02
   5.81833124E-02   2.90489737E-02   1.45753827E-02
   5.67807220E-02   2.83506103E-02   1.42251747E-02
   5.53591065E-02   2.76429951E-02   1.38697075E-02
   5.39183691E-02   2.69251894E-02   1.35095650E-02
   5.24568893E-02   2.61970442E-02   1.31441196E-02
   5.09740524E-02   2.54581235E-02   1.27730332E-02
   4.94699813E-02   2.47086268E-02   1.23961754E-02
   4.79441099E-02   2.39477046E-02   1.20139308E-02
   4.63957116E-02   2.31752619E-02   1.16260862E-02
   4.48233299E-02   2.23911833E-02   1.12316841E-02
   4.32270803E-02   2.15946641E-02   1.08314063E-02
   4.16063704E-02   2.07856521E-02   1.04249110E-02
   3.99598554E-02   1.99638903E-02   1.00115817E-02
   3.82870883E-02   1.91287585E-02   9.59185138E-03
   3.65879945E-02   1.82804447E-02   9.16524697E-03
   3.48606482E-02   1.74176302E-02   8.73184390E-03
   3.31051834E-02   1.65407769E-02   8.29116814E-03
   3.13195735E-02   1.56487077E-02   7.84295984E-03
   2.95039602E-02   1.47416191E-02   7.38718500E-03
   2.76574902E-02   1.38189625E-02   6.92388183E-03
   2.57788878E-02   1.28799984E-02   6.45251758E-03
   2.38672160E-02   1.19246515E-02   5.97301358E-03
   2.19219644E-02   1.09524233E-02   5.48513886E-03
   1.99419409E-02   9.96266678E-03   4.98851482E-03
   1.79256927E-02   8.95470846E-03   4.48337011E-03
   1.58729721E-02   7.92836212E-03   3.96912266E-03
   1.37824304E-02   6.88338652E-03   3.44550936E-03
   1.16526866E-02   5.81862824E-03   2.91217933E-03
   9.48329270E-03   4.73389076E-03   2.36935331E-03
   7.27260485E-03   3.62863392E-03   1.81634258E-03
   5.01967221E-03   2.50184746E-03   1.25343795E-03
   1.54864672E-03   7.63023505E-04   7.76893809E-04
