   0.00000000       0.00000000       0.00000000       1.00000000    
   8.78255349E-03   4.39141691E-03   2.19565793E-03  0.999949396    
   1.74593143E-02   8.73016194E-03   4.36486956E-03  0.999799967    
   2.60312259E-02   1.30166169E-02   6.50781579E-03  0.999555230    
   3.44992168E-02   1.72511768E-02   8.62468965E-03  0.999218643    
   4.28641960E-02   2.14342475E-02   1.07156970E-02  0.998793542    
   5.11270314E-02   2.55662538E-02   1.27810491E-02  0.998283088    
   5.92885986E-02   2.96476223E-02   1.48209669E-02  0.997690499    
   6.73497915E-02   3.36787961E-02   1.68356746E-02  0.997018754    
   7.53114969E-02   3.76602262E-02   1.88254006E-02  0.996270835    
   8.31746683E-02   4.15923744E-02   2.07903776E-02  0.995449603    
   9.09402445E-02   4.54757139E-02   2.27308441E-02  0.994557798    
   9.86091867E-02   4.93107140E-02   2.46470422E-02  0.993598163    
  0.106182456       5.30978628E-02   2.65392177E-02  0.992573261    
  0.113661028       5.68376444E-02   2.84076165E-02  0.991485655    
  0.121045895       6.05305471E-02   3.02524902E-02  0.990337729    
  0.128338039       6.41770661E-02   3.20740864E-02  0.989131927    
  0.135538489       6.77777007E-02   3.38726602E-02  0.987870514    
  0.142648235       7.13329539E-02   3.56484652E-02  0.986555755    
  0.149668291       7.48433322E-02   3.74017619E-02  0.985189795    
  0.156599656       7.83093348E-02   3.91328037E-02  0.983774781    
  0.163443357       8.17314684E-02   4.08418477E-02  0.982312679    
  0.170200408       8.51102471E-02   4.25291471E-02  0.980805457    
  0.176871821       8.84461701E-02   4.41949666E-02  0.979255021    
  0.183458626       9.17397514E-02   4.58395593E-02  0.977663279    
  0.189961821       9.49914902E-02   4.74631824E-02  0.976031959    
  0.196382433       9.82018933E-02   4.90660928E-02  0.974362791    
  0.202721298      0.101371378       5.06485030E-02  0.972657502    
  0.208979592      0.104500532       5.22107109E-02  0.970917702    
  0.215158314      0.107589863       5.37529737E-02  0.969144940    
  0.221258476      0.110639863       5.52755371E-02  0.967340708    
  0.227281064      0.113651030       5.67786582E-02  0.965506554    
  0.233227059      0.116623856       5.82625829E-02  0.963643849    
  0.239097446      0.119558834       5.97275645E-02  0.961753964    
  0.244893193      0.122456446       6.11738488E-02  0.959838271    
  0.250615269      0.125317171       6.26016781E-02  0.957898021    
  0.256264657      0.128141508       6.40112981E-02  0.955934465    
  0.261842281      0.130929917       6.54029474E-02  0.953948855    
  0.267349094      0.133682877       6.67768717E-02  0.951942325    
  0.272786051      0.136400849       6.81333020E-02  0.949916005    
  0.278154075      0.139084294       6.94724694E-02  0.947870970    
  0.283454090      0.141733691       7.07946196E-02  0.945808351    
  0.288686991      0.144349486       7.20999762E-02  0.943729103    
  0.293853700      0.146932125       7.33887702E-02  0.941634238    
  0.298955113      0.149482071       7.46612325E-02  0.939524710    
  0.303992093      0.151999757       7.59175792E-02  0.937401414    
  0.308965534      0.154485613       7.71580338E-02  0.935265303    
  0.313876301      0.156940088       7.83828199E-02  0.933117151    
  0.318725258      0.159363598       7.95921534E-02  0.930957854    
  0.323513240      0.161756575       8.07862505E-02  0.928788245    
  0.328241080      0.164119437       8.19653198E-02  0.926609039    
  0.332909644      0.166452602       8.31295773E-02  0.924421012    
  0.337519705      0.168756485       8.42792243E-02  0.922224879    
  0.342072099      0.171031475       8.54144692E-02  0.920021355    
  0.346567631      0.173277989       8.65355134E-02  0.917811096    
  0.351007074      0.175496414       8.76425579E-02  0.915594757    
  0.355391234      0.177687138       8.87357965E-02  0.913372993    
  0.359720856      0.179850563       8.98154303E-02  0.911146402    
  0.363996714      0.181987062       9.08816457E-02  0.908915579    
  0.368219554      0.184097007       9.19346362E-02  0.906681061    
  0.372390121      0.186180770       9.29745883E-02  0.904443443    
  0.376509160      0.188238710       9.40016881E-02  0.902203202    
  0.380577356      0.190271199       9.50161219E-02  0.899960876    
  0.384595454      0.192278594       9.60180685E-02  0.897716939    
  0.388564169      0.194261253       9.70076993E-02  0.895471871    
  0.392484158      0.196219519       9.79852006E-02  0.893226087    
  0.396356136      0.198153734       9.89507362E-02  0.890980065    
  0.400180757      0.200064242       9.99044850E-02  0.888734221    
  0.403958708      0.201951370      0.100846611      0.886488974    
  0.407690644      0.203815445      0.101777278      0.884244740    
  0.411377192      0.205656812      0.102696657      0.882001817    
  0.415019006      0.207475767      0.103604905      0.879760623    
  0.418616712      0.209272638      0.104502179      0.877521515    
  0.422170907      0.211047739      0.105388641      0.875284791    
  0.425682247      0.212801367      0.106264442      0.873050809    
  0.429151326      0.214533836      0.107129738      0.870819867    
  0.432578713      0.216245443      0.107984677      0.868592262    
  0.435965002      0.217936486      0.108829409      0.866368294    
  0.439310789      0.219607249      0.109664075      0.864148200    
  0.442616642      0.221258014      0.110488825      0.861932278    
  0.445883125      0.222889066      0.111303799      0.859720767    
  0.449110776      0.224500686      0.112109132      0.857513905    
  0.452300161      0.226093158      0.112904966      0.855311930    
  0.455451787      0.227666736      0.113691434      0.853115082    
  0.458566219      0.229221687      0.114468671      0.850923598    
  0.461643934      0.230758280      0.115236811      0.848737657    
  0.464685470      0.232276767      0.115995988      0.846557438    
  0.467691362      0.233777419      0.116746321      0.844383121    
  0.470662057      0.235260472      0.117487937      0.842214942    
  0.473598093      0.236726180      0.118220963      0.840053022    
  0.476499945      0.238174781      0.118945517      0.837897539    
  0.479368061      0.239606515      0.119661719      0.835748672    
  0.482202947      0.241021618      0.120369688      0.833606541    
  0.485005051      0.242420331      0.121069543      0.831471264    
  0.487774819      0.243802890      0.121761404      0.829343021    
  0.490512699      0.245169505      0.122445375      0.827221930    
  0.493219137      0.246520400      0.123121567      0.825108111    
  0.495894581      0.247855797      0.123790093      0.823001683    
  0.498539448      0.249175921      0.124451064      0.820902765    
  0.501154184      0.250480980      0.125104576      0.818811476    
  0.503739178      0.251771182      0.125750750      0.816727936    
  0.506294847      0.253046721      0.126389667      0.814652205    
  0.508821607      0.254307806      0.127021447      0.812584341    
  0.511319876      0.255554646      0.127646178      0.810524464    
  0.513790011      0.256787449      0.128263965      0.808472633    
  0.516232371      0.258006394      0.128874913      0.806428969    
  0.518647373      0.259211689      0.129479095      0.804393530    
  0.521035433      0.260403514      0.130076617      0.802366376    
  0.523396850      0.261582047      0.130667582      0.800347567    
  0.525732040      0.262747467      0.131252065      0.798337102    
  0.528041303      0.263899952      0.131830156      0.796335101    
  0.530325055      0.265039712      0.132401958      0.794341624    
  0.532583594      0.266166896      0.132967547      0.792356670    
  0.534817278      0.267281681      0.133527011      0.790380359    
  0.537026465      0.268384248      0.134080425      0.788412631    
  0.539211452      0.269474745      0.134627879      0.786453605    
  0.541372597      0.270553350      0.135169446      0.784503281    
  0.543510199      0.271620214      0.135705218      0.782561660    
  0.545624554      0.272675514      0.136235267      0.780628860    
  0.547716022      0.273719370      0.136759669      0.778704822    
  0.549784899      0.274751991      0.137278512      0.776789606    
  0.551831484      0.275773495      0.137791857      0.774883211    
  0.553856075      0.276784033      0.138299778      0.772985637    
  0.555858970      0.277783751      0.138802364      0.771096945    
  0.557840407      0.278772801      0.139299676      0.769217134    
  0.559800744      0.279751331      0.139791787      0.767346203    
  0.561740220      0.280719489      0.140278757      0.765484154    
  0.563659132      0.281677395      0.140760660      0.763630986    
  0.565557718      0.282625198      0.141237572      0.761786699    
  0.567436278      0.283563048      0.141709551      0.759951353    
  0.569295049      0.284491062      0.142176658      0.758124888    
  0.571134329      0.285409361      0.142638952      0.756307304    
  0.572954357      0.286318094      0.143096507      0.754498601    
  0.574755371      0.287217379      0.143549383      0.752698779    
  0.576537669      0.288107336      0.143997639      0.750907838    
  0.578301430      0.288988084      0.144441336      0.749125779    
  0.580046892      0.289859772      0.144880533      0.747352600    
  0.581774354      0.290722489      0.145315289      0.745588243    
  0.583483994      0.291576356      0.145745665      0.743832767    
  0.585176110      0.292421520      0.146171719      0.742086112    
  0.586850882      0.293258071      0.146593496      0.740348220    
  0.588508487      0.294086128      0.147011057      0.738619149    
  0.590149224      0.294905782      0.147424445      0.736898839    
  0.591773272      0.295717180      0.147833735      0.735187292    
  0.593380868      0.296520382      0.148238957      0.733484447    
  0.594972193      0.297315538      0.148640171      0.731790364    
  0.596547425      0.298102736      0.149037436      0.730104923    
  0.598106802      0.298882067      0.149430782      0.728428185    
  0.599650562      0.299653649      0.149820268      0.726760089    
  0.601178885      0.300417572      0.150205940      0.725100577    
  0.602691948      0.301173925      0.150587857      0.723449707    
  0.604189932      0.301922828      0.150966048      0.721807361    
  0.605673015      0.302664369      0.151340559      0.720173597    
  0.607141435      0.303398639      0.151711449      0.718548357    
  0.608595312      0.304125726      0.152078748      0.716931581    
  0.610034883      0.304845721      0.152442515      0.715323269    
  0.611460328      0.305558711      0.152802780      0.713723361    
  0.612871766      0.306264788      0.153159589      0.712131858    
  0.614269376      0.306964040      0.153512985      0.710548759    
  0.615653396      0.307656556      0.153862998      0.708974004    
  0.617023945      0.308342427      0.154209673      0.707407534    
  0.618381202      0.309021711      0.154553056      0.705849349    
  0.619725287      0.309694499      0.154893175      0.704299390    
  0.621056378      0.310360879      0.155230090      0.702757657    
  0.622374654      0.311020911      0.155563816      0.701224089    
  0.623680294      0.311674684      0.155894399      0.699698687    
  0.624973416      0.312322289      0.156221882      0.698181391    
  0.626254201      0.312963814      0.156546280      0.696672201    
  0.627522767      0.313599288      0.156867653      0.695171058    
  0.628779233      0.314228833      0.157186016      0.693677902    
  0.630023777      0.314852476      0.157501414      0.692192733    
  0.631256580      0.315470308      0.157813877      0.690715551    
  0.632477701      0.316082418      0.158123434      0.689246237    
  0.633687317      0.316688836      0.158430129      0.687784851    
  0.634885609      0.317289650      0.158733994      0.686331272    
  0.636072636      0.317884952      0.159035042      0.684885502    
  0.637248576      0.318474770      0.159333318      0.683447540    
  0.638413548      0.319059193      0.159628853      0.682017267    
  0.639567673      0.319638282      0.159921676      0.680594742    
  0.640711069      0.320212066      0.160211816      0.679179847    
  0.641843855      0.320780635      0.160499305      0.677772641    
  0.642966211      0.321344048      0.160784155      0.676373005    
  0.644078195      0.321902364      0.161066413      0.674980938    
  0.645179987      0.322455645      0.161346093      0.673596382    
  0.646271646      0.323003948      0.161623240      0.672219336    
  0.647353292      0.323547333      0.161897868      0.670849741    
  0.648425043      0.324085861      0.162170008      0.669487596    
  0.649487078      0.324619591      0.162439689      0.668132842    
  0.650539398      0.325148553      0.162706926      0.666785419    
  0.651582181      0.325672805      0.162971750      0.665445328    
  0.652615547      0.326192439      0.163234189      0.664112508    
  0.653639555      0.326707453      0.163494259      0.662786961    
  0.654654324      0.327217937      0.163752005      0.661468625    
  0.655659974      0.327723920      0.164007425      0.660157442    
  0.656656623      0.328225464      0.164260566      0.658853412    
  0.657644331      0.328722626      0.164511427      0.657556534    
  0.658623219      0.329215437      0.164760053      0.656266689    
  0.659593403      0.329703957      0.165006459      0.654983938    
  0.660554945      0.330188215      0.165250659      0.653708160    
  0.661507964      0.330668271      0.165492684      0.652439356    
  0.662452519      0.331144184      0.165732548      0.651177526    
  0.663388729      0.331615984      0.165970281      0.649922550    
  0.664316654      0.332083702      0.166205898      0.648674488    
  0.665236413      0.332547396      0.166439429      0.647433281    
  0.666148126      0.333007127      0.166670889      0.646198869    
  0.667051852      0.333462924      0.166900292      0.644971192    
  0.667947650      0.333914816      0.167127654      0.643750250    
  0.668835640      0.334362835      0.167353004      0.642536044    
  0.669715881      0.334807038      0.167576373      0.641328514    
  0.670588493      0.335247487      0.167797759      0.640127599    
  0.671453476      0.335684180      0.168017194      0.638933301    
  0.672311008      0.336117178      0.168234691      0.637745559    
  0.673161089      0.336546540      0.168450266      0.636564374    
  0.674003839      0.336972266      0.168663949      0.635389686    
  0.674839377      0.337394416      0.168875739      0.634221494    
  0.675667703      0.337813020      0.169085667      0.633059740    
  0.676488936      0.338228106      0.169293746      0.631904423    
  0.677303135      0.338639706      0.169499993      0.630755484    
  0.678110361      0.339047879      0.169704437      0.629612863    
  0.678910732      0.339452624      0.169907078      0.628476560    
  0.679704249      0.339854002      0.170107946      0.627346575    
  0.680491030      0.340252042      0.170307040      0.626222849    
  0.681271136      0.340646774      0.170504391      0.625105321    
  0.682044625      0.341038227      0.170700014      0.623993993    
  0.682811618      0.341426432      0.170893922      0.622888863    
  0.683572114      0.341811448      0.171086133      0.621789873    
  0.684326231      0.342193276      0.171276659      0.620696962    
  0.685073972      0.342571944      0.171465516      0.619610131    
  0.685815454      0.342947483      0.171652719      0.618529320    
  0.686550736      0.343319952      0.171838298      0.617454529    
  0.687279880      0.343689352      0.172022253      0.616385758    
  0.688002884      0.344055712      0.172204599      0.615322948    
  0.688719869      0.344419062      0.172385350      0.614266038    
  0.689430892      0.344779432      0.172564521      0.613215029    
  0.690136015      0.345136851      0.172742128      0.612169921    
  0.690835297      0.345491350      0.172918186      0.611130655    
  0.691528797      0.345842957      0.173092708      0.610097170    
  0.692216516      0.346191704      0.173265710      0.609069467    
  0.692898571      0.346537590      0.173437208      0.608047545    
  0.693575025      0.346880674      0.173607200      0.607031345    
  0.694245875      0.347220957      0.173775718      0.606020868    
  0.694911242      0.347558469      0.173942760      0.605016053    
  0.695571125      0.347893238      0.174108356      0.604016900    
  0.696225584      0.348225296      0.174272507      0.603023350    
  0.696874738      0.348554641      0.174435228      0.602035403    
  0.697518528      0.348881334      0.174596533      0.601053059    
  0.698157072      0.349205375      0.174756438      0.600076258    
  0.698790431      0.349526793      0.174914956      0.599104941    
  0.699418604      0.349845588      0.175072089      0.598139167    
  0.700041711      0.350161821      0.175227866      0.597178817    
  0.700659752      0.350475490      0.175382286      0.596223950    
  0.701272786      0.350786597      0.175535366      0.595274508    
  0.701880813      0.351095200      0.175687119      0.594330430    
  0.702483952      0.351401299      0.175837547      0.593391716    
  0.703082204      0.351704925      0.175986677      0.592458367    
  0.703675628      0.352006108      0.176134512      0.591530323    
  0.704264224      0.352304846      0.176281065      0.590607643    
  0.704848051      0.352601171      0.176426351      0.589690208    
  0.705427229      0.352895081      0.176570386      0.588778019    
  0.706001699      0.353186637      0.176713169      0.587871075    
  0.706571579      0.353475839      0.176854715      0.586969376    
  0.707136869      0.353762686      0.176995039      0.586072862    
  0.707697570      0.354047209      0.177134141      0.585181534    
  0.708253801      0.354329437      0.177272052      0.584295332    
  0.708805561      0.354609370      0.177408770      0.583414257    
  0.709352911      0.354887038      0.177544311      0.582538307    
  0.709895849      0.355162442      0.177678674      0.581667423    
  0.710434437      0.355435610      0.177811876      0.580801666    
  0.710968673      0.355706573      0.177943930      0.579940975    
  0.711498678      0.355975330      0.178074852      0.579085290    
  0.712024391      0.356241912      0.178204641      0.578234613    
  0.712545931      0.356506318      0.178333312      0.577388942    
  0.713063240      0.356768578      0.178460881      0.576548278    
  0.713576436      0.357028693      0.178587347      0.575712562    
  0.714085519      0.357286692      0.178712726      0.574881792    
  0.714590490      0.357542574      0.178837031      0.574055970    
  0.715091407      0.357796371      0.178960264      0.573235095    
  0.715588331      0.358048081      0.179082438      0.572419107    
  0.716081262      0.358297735      0.179203570      0.571608007    
  0.716570199      0.358545333      0.179323658      0.570801795    
  0.717055202      0.358790904      0.179442719      0.570000410    
  0.717536330      0.359034449      0.179560751      0.569203913    
  0.718013585      0.359275967      0.179677770      0.568412244    
  0.718486965      0.359515488      0.179793790      0.567625403    
  0.718956530      0.359753042      0.179908812      0.566843390    
  0.719422281      0.359988630      0.180022851      0.566066146    
  0.719884217      0.360222250      0.180135906      0.565293729    
  0.720342457      0.360453933      0.180247992      0.564526081    
  0.720796943      0.360683680      0.180359125      0.563763201    
  0.721247733      0.360911489      0.180469304      0.563005090    
  0.721694827      0.361137390      0.180578530      0.562251747    
  0.722138286      0.361361384      0.180686817      0.561503172    
  0.722578108      0.361583501      0.180794179      0.560759366    
  0.723014295      0.361803740      0.180900618      0.560020268    
  0.723446906      0.362022102      0.181006148      0.559285879    
  0.723875940      0.362238616      0.181110770      0.558556259    
  0.724301398      0.362453282      0.181214496      0.557831347    
  0.724723339      0.362666100      0.181317329      0.557111144    
  0.725141764      0.362877101      0.181419268      0.556395650    
  0.725556672      0.363086283      0.181520328      0.555684865    
  0.725968063      0.363293648      0.181620508      0.554978848    
  0.726375997      0.363499224      0.181719825      0.554277539    
  0.726780474      0.363702983      0.181818292      0.553580940    
  0.727181494      0.363904953      0.181915894      0.552889049    
  0.727579117      0.364105165      0.182012647      0.552201867    
  0.727973342      0.364303589      0.182108566      0.551519394    
  0.728364170      0.364500254      0.182203650      0.550841630    
  0.728751600      0.364695162      0.182297900      0.550168633    
  0.729135633      0.364888340      0.182391316      0.549500346    
  0.729516327      0.365079761      0.182483912      0.548836768    
  0.729893684      0.365269452      0.182575688      0.548177958    
  0.730267704      0.365457416      0.182666644      0.547523916    
  0.730638385      0.365643650      0.182756796      0.546874583    
  0.731005728      0.365828186      0.182846144      0.546230018    
  0.731369734      0.366010994      0.182934687      0.545590281    
  0.731730461      0.366192102      0.183022439      0.544955313    
  0.732087851      0.366371512      0.183109388      0.544325113    
  0.732441962      0.366549224      0.183195546      0.543699741    
  0.732792795      0.366725236      0.183280915      0.543079197    
  0.733140349      0.366899550      0.183365509      0.542463481    
  0.733484626      0.367072195      0.183449313      0.541852653    
  0.733825624      0.367243141      0.183532342      0.541246712    
  0.734163344      0.367412418      0.183614597      0.540645659    
  0.734497786      0.367579997      0.183696061      0.540049493    
  0.734828949      0.367745906      0.183776751      0.539458275    
  0.735156834      0.367910147      0.183856666      0.538872004    
  0.735481441      0.368072718      0.183935821      0.538290739    
  0.735802770      0.368233591      0.184014201      0.537714481    
  0.736120820      0.368392795      0.184091806      0.537143230    
  0.736435592      0.368550330      0.184168637      0.536577046    
  0.736747086      0.368706197      0.184244692      0.536015928    
  0.737055302      0.368860394      0.184319988      0.535459936    
  0.737360239      0.369012922      0.184394509      0.534909070    
  0.737661898      0.369163752      0.184468254      0.534363389    
  0.737960279      0.369312912      0.184541225      0.533822894    
  0.738255322      0.369460404      0.184613422      0.533287644    
  0.738547087      0.369606197      0.184684828      0.532757699    
  0.738835514      0.369750291      0.184755459      0.532233059    
  0.739120603      0.369892716      0.184825316      0.531713784    
  0.739402354      0.370033443      0.184894383      0.531199872    
  0.739680767      0.370172471      0.184962660      0.530691385    
  0.739955783      0.370309800      0.185030147      0.530188382    
  0.740227461      0.370445430      0.185096845      0.529690921    
  0.740495741      0.370579332      0.185162738      0.529199004    
  0.740760624      0.370711535      0.185227826      0.528712749    
  0.741022050      0.370842010      0.185292110      0.528232157    
  0.741280079      0.370970756      0.185355574      0.527757287    
  0.741534650      0.371097744      0.185418233      0.527288198    
  0.741785705      0.371222973      0.185480058      0.526824951    
  0.742033303      0.371346474      0.185541064      0.526367605    
  0.742277384      0.371468186      0.185601234      0.525916159    
  0.742517948      0.371588141      0.185660571      0.525470734    
  0.742754936      0.371706307      0.185719058      0.525031388    
  0.742988348      0.371822685      0.185776681      0.524598181    
  0.743218124      0.371937245      0.185833454      0.524171174    
  0.743444264      0.372049987      0.185889348      0.523750424    
  0.743666768      0.372160882      0.185944363      0.523336053    
  0.743885577      0.372269928      0.185998499      0.522928119    
  0.744100690      0.372377127      0.186051741      0.522526681    
  0.744312048      0.372482449      0.186104074      0.522131801    
  0.744519651      0.372585893      0.186155498      0.521743596    
  0.744723439      0.372687429      0.186205998      0.521362126    
  0.744923353      0.372787029      0.186255574      0.520987451    
  0.745119393      0.372884691      0.186304197      0.520619690    
  0.745311499      0.372980416      0.186351880      0.520258904    
  0.745499671      0.373074174      0.186398596      0.519905210    
  0.745683849      0.373165935      0.186444327      0.519558728    
  0.745863974      0.373255670      0.186489075      0.519219518    
  0.746040046      0.373343378      0.186532825      0.518887699    
  0.746211946      0.373429030      0.186575562      0.518563390    
  0.746379673      0.373512596      0.186617270      0.518246651    
  0.746543229      0.373594075      0.186657950      0.517937660    
  0.746702492      0.373673439      0.186697572      0.517636478    
  0.746857464      0.373750627      0.186736137      0.517343223    
  0.747008026      0.373825639      0.186773613      0.517058015    
  0.747154176      0.373898447      0.186810002      0.516780972    
  0.747295856      0.373969048      0.186845273      0.516512215    
  0.747432947      0.374037385      0.186879426      0.516251922    
  0.747565448      0.374103427      0.186912432      0.516000211    
  0.747693300      0.374167144      0.186944276      0.515757143    
  0.747816443      0.374228507      0.186974958      0.515522957    
  0.747934759      0.374287486      0.187004447      0.515297711    
  0.748048246      0.374344051      0.187032714      0.515081644    
  0.748156786      0.374398172      0.187059760      0.514874816    
  0.748260319      0.374449790      0.187085554      0.514677465    
  0.748358727      0.374498874      0.187110081      0.514489710    
  0.748452008      0.374545395      0.187133312      0.514311671    
  0.748540044      0.374589294      0.187155247      0.514143586    
  0.748622715      0.374630541      0.187175840      0.513985574    
  0.748700023      0.374669105      0.187195092      0.513837874    
  0.748771787      0.374704927      0.187212959      0.513700604    
  0.748837948      0.374737948      0.187229440      0.513574004    
  0.748898447      0.374768138      0.187244490      0.513458252    
  0.748953164      0.374795437      0.187258095      0.513353527    
  0.749001980      0.374819815      0.187270239      0.513260067    
  0.749044836      0.374841213      0.187280878      0.513178051    
  0.749081552      0.374859542      0.187289998      0.513107717    
  0.749112070      0.374874771      0.187297568      0.513049245    
  0.749136269      0.374886841      0.187303558      0.513002872    
  0.749154031      0.374895692      0.187307939      0.512968898    
  0.749165237      0.374901265      0.187310696      0.512947500    
