   0.00000000       0.00000000       0.00000000    
   4.47139144E-03   8.73829518E-03   1.76242590E-02
   9.04266723E-03   1.72921494E-02   3.51719931E-02
   1.37081826E-02   2.56633237E-02   5.24951629E-02
   1.84614602E-02   3.38543095E-02   6.96080551E-02
   2.32968777E-02   4.18673381E-02   8.65411609E-02
   2.82095298E-02   4.97044586E-02  0.103311554    
   3.31948847E-02   5.73675595E-02  0.119927496    
   3.82485874E-02   6.48586228E-02  0.136393547    
   4.33664322E-02   7.21796080E-02  0.152712539    
   4.85443771E-02   7.93325827E-02  0.168887123    
   5.37784733E-02   8.63195434E-02  0.184919566    
   5.90649396E-02   9.31426287E-02  0.200812116    
   6.44001290E-02   9.98039469E-02  0.216566950    
   6.97804317E-02  0.106305674      0.232186109    
   7.52024651E-02  0.112649947      0.247671530    
   8.06629583E-02  0.118838936      0.263025075    
   8.61585736E-02  0.124874890      0.278248429    
   9.16862860E-02  0.130760014      0.293343157    
   9.72431079E-02  0.136496499      0.308310956    
  0.102826111      0.142086536      0.323153049    
  0.108432494      0.147532418      0.337871045    
  0.114059500      0.152836382      0.352465898    
  0.119704552      0.158000574      0.366939157    
  0.125365064      0.163027331      0.381291777    
  0.131038666      0.167918906      0.395525187    
  0.136722863      0.172677353      0.409640133    
  0.142415449      0.177305087      0.423637807    
  0.148114100      0.181804195      0.437519044    
  0.153816834      0.186177030      0.451284975    
  0.159521446      0.190425545      0.464936346    
  0.165226057      0.194552213      0.478474170    
  0.170928657      0.198558927      0.491899192    
  0.176627353      0.202448070      0.505212128    
  0.182320490      0.206221595      0.518414080    
  0.188006267      0.209881827      0.531505585    
  0.193683028      0.213430747      0.544487238    
  0.199349239      0.216870397      0.557360291    
  0.205003306      0.220202968      0.570124984    
  0.210643739      0.223430440      0.582782090    
  0.216269225      0.226554841      0.595332444    
  0.221878260      0.229578331      0.607776761    
  0.227469638      0.232502595      0.620115578    
  0.233042136      0.235329956      0.632349372    
  0.238594472      0.238062009      0.644479096    
  0.244125620      0.240701064      0.656505466    
  0.249634340      0.243248716      0.668428779    
  0.255119711      0.245706812      0.680249989    
  0.260580689      0.248077452      0.691969514    
  0.266016454      0.250362366      0.703588307    
  0.271425962      0.252563417      0.715106606    
  0.276808381      0.254682213      0.726525366    
  0.282162845      0.256720513      0.737844706    
  0.287488699      0.258680314      0.749065697    
  0.292785227      0.260563076      0.760189176    
  0.298051596      0.262370646      0.771215141    
  0.303287297      0.264104307      0.782144845    
  0.308491647      0.265766203      0.792978466    
  0.313664168      0.267357707      0.803716838    
  0.318804234      0.268880337      0.814360976    
  0.323911279      0.270335585      0.824910820    
  0.328984976      0.271725148      0.835367322    
  0.334024817      0.273050517      0.845731139    
  0.339030415      0.274313271      0.856003106    
  0.344001323      0.275514364      0.866183281    
  0.348937303      0.276655912      0.876273155    
  0.353837937      0.277738869      0.886272728    
  0.358703077      0.278764606      0.896183431    
  0.363532394      0.279734701      0.906004906    
  0.368325591      0.280650347      0.915738523    
  0.373082429      0.281512797      0.925384581    
  0.377802789      0.282323539      0.934943497    
  0.382486701      0.283083647      0.944416821    
  0.387133896      0.283794522      0.953805149    
  0.391743898      0.284456968      0.963108301    
  0.396316886      0.285072416      0.972327352    
  0.400853097      0.285642505      0.981463432    
  0.405352026      0.286167622      0.990516186    
  0.409813762      0.286649227      0.999487221    
  0.414238453      0.287088633       1.00837719    
  0.418625683      0.287486285       1.01718616    
  0.422975868      0.287843823       1.02591538    
  0.427288949      0.288162172       1.03456521    
  0.431564897      0.288441956       1.04313707    
  0.435803682      0.288684726       1.05163038    
  0.440005422      0.288891047       1.06004632    
  0.444170445      0.289062142       1.06838620    
  0.448298365      0.289198428       1.07664955    
  0.452389866      0.289301664       1.08483839    
  0.456444800      0.289372087       1.09295273    
  0.460463017      0.289410621       1.10099292    
  0.464444995      0.289418250       1.10895991    
  0.468390852      0.289395928       1.11685467    
  0.472300619      0.289344192       1.12467742    
  0.476174504      0.289263934       1.13242888    
  0.480012864      0.289156139       1.14011037    
  0.483815670      0.289021403       1.14772189    
  0.487583250      0.288860440       1.15526426    
  0.491315573      0.288673908       1.16273832    
  0.495013148      0.288462847       1.17014432    
  0.498675883      0.288227767       1.17748308    
  0.502304196      0.287969172       1.18475533    
  0.505898416      0.287687987       1.19196188    
  0.509458423      0.287384659       1.19910300    
  0.512984395      0.287059665       1.20617914    
  0.516477227      0.286714464       1.21319163    
  0.519936502      0.286348581       1.22014117    
  0.523362875      0.285963356       1.22702825    
  0.526756406      0.285559148       1.23385262    
  0.530117154      0.285136431       1.24061573    
  0.533445776      0.284695834       1.24731839    
  0.536742270      0.284237921       1.25396061    
  0.540006757      0.283762962       1.26054323    
  0.543239951      0.283271819       1.26706648    
  0.546441674      0.282765061       1.27353168    
  0.549612820      0.282242984       1.27993965    
  0.552752852      0.281706065       1.28629017    
  0.555862129      0.281154484       1.29258382    
  0.558941483      0.280589283       1.29882145    
  0.561990857      0.280010462       1.30500340    
  0.565010369      0.279418647       1.31113124    
  0.568000972      0.278814405       1.31720471    
  0.570961714      0.278197706       1.32322347    
  0.573893905      0.277569413       1.32918978    
  0.576797724      0.276929736       1.33510399    
  0.579672873      0.276279032       1.34096551    
  0.582520008      0.275617659       1.34677577    
  0.585339308      0.274946094       1.35253465    
  0.588130891      0.274264276       1.35824287    
  0.590895653      0.273573458       1.36390209    
  0.593632996      0.272873193       1.36951101    
  0.596343815      0.272164136       1.37507176    
  0.599027991      0.271446168       1.38058400    
  0.601686120      0.270720303       1.38604820    
  0.604318261      0.269986361       1.39146519    
  0.606924832      0.269244879       1.39683545    
  0.609505773      0.268495858       1.40215933    
  0.612061560      0.267740041       1.40743732    
  0.614592671      0.266977429       1.41267014    
  0.617098689      0.266207844       1.41785789    
  0.619580746      0.265432507       1.42300129    
  0.622038662      0.264651179       1.42810082    
  0.624472380      0.263864130       1.43315601    
  0.626882493      0.263071120       1.43816888    
  0.629269421      0.262273401       1.44313943    
  0.631633103      0.261470377       1.44806767    
  0.633974075      0.260662735       1.45295429    
  0.636292040      0.259850353       1.45779955    
  0.638588011      0.259033918       1.46260440    
  0.640861154      0.258213103       1.46736825    
  0.643112659      0.257388234       1.47209251    
  0.645342529      0.256559879       1.47677696    
  0.647551060      0.255727977       1.48142290    
  0.649738014      0.254892588       1.48602962    
  0.651904285      0.254054189       1.49059808    
  0.654049635      0.253212661       1.49512947    
  0.656174421      0.252368450       1.49962234    
  0.658278704      0.251521349       1.50407815    
  0.660363078      0.250672340       1.50849736    
  0.662427306      0.249820426       1.51288080    
  0.664472044      0.248966724       1.51722789    
  0.666497469      0.248110920       1.52154005    
  0.668503046      0.247253016       1.52581573    
  0.670489967      0.246393755       1.53005767    
  0.672457874      0.245532751       1.53426433    
  0.674407125      0.244670317       1.53843725    
  0.676338196      0.243806556       1.54257667    
  0.678250670      0.242942050       1.54668200    
  0.680145383      0.242076263       1.55075479    
  0.682021976      0.241209373       1.55479491    
  0.683880866      0.240341842       1.55880189    
  0.685722649      0.239473730       1.56277788    
  0.687547028      0.238605335       1.56672132    
  0.689354002      0.237736270       1.57063305    
  0.691144347      0.236866668       1.57451439    
  0.692917705      0.235996976       1.57836401    
  0.694674850      0.235127464       1.58218420    
  0.696415603      0.234257758       1.58597410    
  0.698140085      0.233388200       1.58973336    
  0.699848294      0.232518882       1.59346306    
  0.701541185      0.231649503       1.59716451    
  0.703217804      0.230780631       1.60083640    
  0.704879045      0.229912415       1.60447884    
  0.706525207      0.229044646       1.60809374    
  0.708155811      0.228177428       1.61168015    
  0.709771812      0.227311030       1.61523879    
  0.711372793      0.226445526       1.61876988    
  0.712959170      0.225580588       1.62227392    
  0.714530826      0.224716797       1.62575018    
  0.716088295      0.223853990       1.62920034    
  0.717631459      0.222992375       1.63262379    
  0.719160557      0.222131744       1.63602078    
  0.720675766      0.221272469       1.63939238    
  0.722176909      0.220414460       1.64273739    
  0.723664641      0.219557777       1.64605713    
  0.725138843      0.218702555       1.64935184    
  0.726599514      0.217848614       1.65262139    
  0.728047013      0.216996446       1.65586591    
  0.729481578      0.216145799       1.65908611    
  0.730903208      0.215296790       1.66228211    
  0.732312083      0.214449555       1.66545367    
  0.733708024      0.213603944       1.66860139    
  0.735091627      0.212760180       1.67172563    
  0.736462533      0.211918131       1.67482615    
  0.737821579      0.211078301       1.67790425    
  0.739167809      0.210239887       1.68095803    
  0.740502596      0.209403947       1.68399000    
  0.741825104      0.208569840       1.68699896    
  0.743136048      0.207737759       1.68998587    
  0.744435430      0.206907853       1.69295061    
  0.745722890      0.206080288       1.69589305    
  0.746998966      0.205254510       1.69881403    
  0.748264194      0.204431534       1.70171344    
  0.749517560      0.203610271       1.70459104    
  0.750759959      0.202791333       1.70744801    
  0.751991868      0.201975182       1.71028376    
  0.753212333      0.201160938       1.71309900    
  0.754422069      0.200349167       1.71589327    
  0.755621493      0.199539930       1.71866739    
  0.756809950      0.198733419       1.72142029    
  0.757988453      0.197929144       1.72415459    
  0.759155989      0.197127253       1.72686779    
  0.760313570      0.196327940       1.72956204    
  0.761461198      0.195531368       1.73223639    
  0.762598574      0.194737270       1.73489141    
  0.763725936      0.193945929       1.73752701    
  0.764843464      0.193157002       1.74014342    
  0.765951216      0.192370817       1.74274158    
  0.767049313      0.191587433       1.74532044    
  0.768137932      0.190806553       1.74788105    
  0.769217074      0.190028548       1.75042343    
  0.770286620      0.189253315       1.75294673    
  0.771346986      0.188480675       1.75545299    
  0.772398174      0.187710971       1.75794065    
  0.773440123      0.186943918       1.76041067    
  0.774472713      0.186179608       1.76286268    
  0.775496781      0.185418174       1.76529789    
  0.776511788      0.184659675       1.76771510    
  0.777518034      0.183903933       1.77011502    
  0.778515637      0.183151141       1.77249849    
  0.779504418      0.182401210       1.77486491    
  0.780484915      0.181654319       1.77721393    
  0.781456888      0.180910140       1.77954686    
  0.782420337      0.180168942       1.78186309    
  0.783375323      0.179430768       1.78416228    
  0.784322202      0.178695306       1.78644574    
  0.785260856      0.177962840       1.78871274    
  0.786191463      0.177233487       1.79096425    
  0.787114203      0.176507071       1.79319954    
  0.788028359      0.175783470       1.79541850    
  0.788935363      0.175063238       1.79762208    
  0.789834321      0.174345613       1.79981077    
  0.790725470      0.173631310       1.80198300    
  0.791608930      0.172919646       1.80414093    
  0.792484879      0.172211334       1.80628312    
  0.793353260      0.171505943       1.80841005    
  0.794213891      0.170803323       1.81052208    
  0.795067310      0.170104071       1.81261933    
  0.795913279      0.169407636       1.81470215    
  0.796752095      0.168714374       1.81676936    
  0.797583580      0.168024316       1.81882238    
  0.798407853      0.167337030       1.82086134    
  0.799225271      0.166653007       1.82288563    
  0.800035417      0.165971994       1.82489562    
  0.800838411      0.165294081       1.82689154    
  0.801634729      0.164618954       1.82887363    
  0.802424371      0.163947195       1.83084142    
  0.803206861      0.163278684       1.83279538    
  0.803982615      0.162612960       1.83473551    
  0.804751635      0.161950424       1.83666170    
  0.805514336      0.161291033       1.83857501    
  0.806270182      0.160634711       1.84047377    
  0.807019353      0.159981400       1.84235966    
  0.807762265      0.159331381       1.84423208    
  0.808498621      0.158684343       1.84609103    
  0.809228659      0.158040538       1.84793687    
  0.809952080      0.157399803       1.84976935    
  0.810669363      0.156762049       1.85158873    
  0.811380506      0.156127617       1.85339534    
  0.812085688      0.155496255       1.85518932    
  0.812784314      0.154867962       1.85696995    
  0.813477159      0.154243097       1.85873830    
  0.814163506      0.153621033       1.86049283    
  0.814844191      0.153002262       1.86223578    
  0.815518677      0.152386695       1.86396563    
  0.816187680      0.151774272       1.86568344    
  0.816850364      0.151165023       1.86738813    
  0.817507267      0.150558934       1.86908066    
  0.818158507      0.149956033       1.87076056    
  0.818803906      0.149356350       1.87242854    
  0.819443524      0.148759618       1.87408423    
  0.820077717      0.148166433       1.87572753    
  0.820706010      0.147576258       1.87735856    
  0.821328700      0.146989301       1.87897766    
  0.821945965      0.146405727       1.88058460    
  0.822557509      0.145825073       1.88217938    
  0.823163688      0.145247951       1.88376212    
  0.823764384      0.144674018       1.88533342    
  0.824359715      0.144103304       1.88689268    
  0.824949563      0.143535793       1.88843989    
  0.825534046      0.142971665       1.88997495    
  0.826112926      0.142410710       1.89149821    
  0.826686800      0.141853124       1.89301026    
  0.827255547      0.141298681       1.89451015    
  0.827818930      0.140747890       1.89599872    
  0.828376830      0.140200034       1.89747500    
  0.828929842      0.139655739       1.89894021    
  0.829477429      0.139114663       1.90039313    
  0.830020010      0.138577282       1.90183461    
  0.830557406      0.138042957       1.90326440    
  0.831089854      0.137512207       1.90468252    
  0.831617177      0.136984676       1.90608966    
  0.832139373      0.136460736       1.90748453    
  0.832656443      0.135940194       1.90886760    
  0.833168626      0.135423169       1.91023946    
  0.833675802      0.134909585       1.91159976    
  0.834177971      0.134399518       1.91294825    
  0.834675312      0.133893088       1.91428566    
  0.835167587      0.133390158       1.91561103    
  0.835654974      0.132890731       1.91692483    
  0.836137414      0.132395118       1.91822672    
  0.836614966      0.131902695       1.91951764    
  0.837087691      0.131414175       1.92079675    
  0.837555349      0.130929351       1.92206371    
  0.838018060      0.130448148       1.92331910    
  0.838476241      0.129970670       1.92456329    
  0.838929176      0.129497185       1.92579484    
  0.839377880      0.129027247       1.92701530    
  0.839820981      0.128561154       1.92822373    
  0.840259731      0.128098771       1.92942083    
  0.840693533      0.127640396       1.93060577    
  0.841122508      0.127186045       1.93177879    
  0.841546297      0.126735508       1.93293941    
  0.841965735      0.126288950       1.93408859    
  0.842380106      0.125846580       1.93522525    
  0.842789650      0.125408158       1.93635011    
  0.843194246      0.124973841       1.93746305    
  0.843594253      0.124543734       1.93856347    
  0.843989253      0.124117754       1.93965185    
  0.844379246      0.123696066       1.94072747    
  0.844764590      0.123278610       1.94179118    
  0.845144928      0.122865431       1.94284236    
  0.845520318      0.122456722       1.94388080    
  0.845890820      0.122052476       1.94490659    
  0.846256495      0.121652573       1.94591975    
  0.846616864      0.121257104       1.94692028    
  0.846972644      0.120866545       1.94790757    
  0.847323239      0.120480388       1.94888210    
  0.847668886      0.120099030       1.94984353    
  0.848009467      0.119722456       1.95079160    
  0.848344982      0.119350612       1.95172679    
  0.848675430      0.118983701       1.95264828    
  0.849000692      0.118621707       1.95355654    
  0.849320710      0.118264675       1.95445073    
  0.849635601      0.117912702       1.95533144    
  0.849945664      0.117566116       1.95619833    
  0.850250065      0.117224678       1.95705092    
  0.850549340      0.116888352       1.95788991    
  0.850843370      0.116557650       1.95871437    
  0.851131797      0.116232269       1.95952427    
  0.851414979      0.115912393       1.96031964    
  0.851692617      0.115598083       1.96110010    
  0.851964772      0.115289539       1.96186602    
  0.852231383      0.114986740       1.96261656    
  0.852492630      0.114689924       1.96335220    
  0.852747977      0.114398934       1.96407211    
  0.852997839      0.114114106       1.96477652    
  0.853241682      0.113835253       1.96546555    
  0.853479803      0.113562740       1.96613812    
  0.853712320      0.113296591       1.96679485    
  0.853938639      0.113036782       1.96743512    
  0.854158998      0.112783641       1.96805882    
  0.854373336      0.112537071       1.96866548    
  0.854581416      0.112297170       1.96925521    
  0.854783356      0.112064257       1.96982777    
  0.854979277      0.111838400       1.97038257    
  0.855168641      0.111619480       1.97091985    
  0.855351567      0.111407824       1.97143888    
  0.855527818      0.111203484       1.97193980    
  0.855697572      0.111006558       1.97242236    
  0.855860591      0.110817283       1.97288597    
  0.856016934      0.110635720       1.97333026    
  0.856166303      0.110462040       1.97375524    
  0.856308818      0.110296376       1.97416067    
  0.856443942      0.110138722       1.97454572    
  0.856572032      0.109989457       1.97491050    
  0.856692910      0.109848656       1.97525454    
  0.856806278      0.109716281       1.97557771    
  0.856912196      0.109592669       1.97587943    
  0.857010365      0.109477930       1.97615933    
  0.857100785      0.109372333       1.97641730    
  0.857183158      0.109275848       1.97665262    
  0.857257783      0.109188847       1.97686517    
  0.857324123      0.109111227       1.97705424    
  0.857381940      0.109043442       1.97721958    
  0.857431412      0.108985521       1.97736084    
  0.857472181      0.108937792       1.97747707    
  0.857504368      0.108900256       1.97756875    
  0.857527435      0.108873270       1.97763467    
  0.857541442      0.108856842       1.97767448    
  0.857546151      0.108851269       1.97768819    
