   5.34907675    
  0.262902886    
  0.110463336    
  0.123364948    
   9.43854451E-02
   6.05341867E-02
  0.222189248    
  0.103112549    
  0.114312254    
  0.128155619    
   6.43132925E-02
  0.219563454    
  0.130976140    
  0.149305016    
  0.126613945    
   5.15856482E-02
  0.162938237    
  0.127088144    
  0.144310758    
   7.53490925E-02
   6.86889365E-02
   7.11673573E-02
   7.64166638E-02
   8.24850723E-02
   2.64114384E-02
   5.48065268E-02
  0.102355979    
   9.93453488E-02
  0.109721735    
  0.122445948    
  0.170646876    
  0.122884087    
  0.138951600    
  0.141451105    
   4.31879610E-02
  0.156501740    
  0.128848553    
   7.12262094E-02
   1.87691264E-02
   1.85462702E-02
   2.63642389E-02
   2.56785806E-02
   2.60495655E-02
   2.67312657E-02
   2.73807235E-02
   1.65652353E-02
   1.62930880E-02
   1.60297751E-02
   1.57749169E-02
   1.55309839E-02
   1.52930012E-02
   1.50630372E-02
   1.48416786E-02
   3.14811878E-02
   3.12452670E-02
   1.43138664E-02
   1.45202270E-02
   1.47251850E-02
   1.49435680E-02
   1.51447235E-02
   1.53758312E-02
   1.30546959E-02
   1.28853777E-02
   1.27189644E-02
   1.25581790E-02
   1.24014569E-02
   1.22484975E-02
   1.20977890E-02
   1.19522773E-02
   1.18102711E-02
   1.16715366E-02
   1.15360338E-02
   1.14036473E-02
   1.12743424E-02
   1.11479452E-02
   1.10243587E-02
   1.09034898E-02
   1.07852165E-02
   1.06695201E-02
   1.05562871E-02
   1.04454374E-02
   1.03368023E-02
   1.02305030E-02
   1.01263123E-02
   1.00242263E-02
   9.92418267E-03
   9.82599892E-03
   9.72980168E-03
   9.63520538E-03
   9.54281352E-03
   9.45180282E-03
   9.36268549E-03
   9.27534979E-03
   9.18971561E-03
   9.10565164E-03
   9.02311504E-03
   8.94190371E-03
   8.86227563E-03
   8.78405571E-03
   8.70718062E-03
   8.63169413E-03
   8.55745561E-03
   8.48451350E-03
   8.41280445E-03
   8.34230054E-03
   8.27299617E-03
   8.20483547E-03
   8.13779235E-03
   8.07183795E-03
   8.00690521E-03
   7.94302579E-03
   7.88018480E-03
   7.81832263E-03
   7.75706535E-03
   7.69712590E-03
   7.63810752E-03
   7.57996598E-03
   7.52272736E-03
   7.46634835E-03
   7.41080986E-03
   7.35606998E-03
   7.30213430E-03
   7.24896276E-03
   7.19660521E-03
   7.14489073E-03
   7.09400186E-03
   7.04385526E-03
   6.99430797E-03
   6.94555836E-03
   6.89748442E-03
   6.85007311E-03
   6.80326903E-03
   6.75712107E-03
   6.71161572E-03
   6.66672084E-03
   6.62240293E-03
   6.57869177E-03
   7.58543517E-03
   8.78883898E-03
   1.11400541E-02
   1.10165002E-02
   1.14511494E-02
   1.23819439E-02
   1.24815619E-02
   1.32855056E-02
   1.67205557E-02
   1.72720701E-02
   2.30675731E-02
   2.38697883E-02
   3.69684286E-02
  0.107830510    
   9.53730196E-02
  0.103311047    
   8.27247426E-02
   4.84124832E-02
   2.85360627E-02
   6.84306622E-02
   8.56835023E-02
   5.75248264E-02
   6.09255098E-02
   6.47119135E-02
   6.90380111E-02
   2.98891570E-02
   4.17440049E-02
   8.59474093E-02
   9.05704200E-02
   7.54722506E-02
   4.52231243E-02
   4.60869633E-02
   4.89573739E-02
   4.66226190E-02
   4.44988869E-02
   2.47152820E-02
   2.53337398E-02
   2.59750914E-02
   2.64663231E-02
   5.83485365E-02
   5.24808094E-02
   5.52935712E-02
   5.83136678E-02
   3.71254608E-02
   1.18723977E-02
   3.36637460E-02
   7.89261460E-02
   7.11350217E-02
   3.23660858E-02
   3.33931483E-02
   3.44162136E-02
   3.50250974E-02
   9.78385359E-02
   9.77864489E-02
  0.107831791    
   8.13673660E-02
   7.33596310E-02
  0.100185491    
  0.100574315    
  0.111137584    
   7.49156550E-02
   6.95083737E-02
   7.33855814E-02
   7.89647773E-02
   8.54530185E-02
   9.30763111E-02
   9.40116271E-02
   2.17438228E-02
   1.38012031E-02
   5.20270355E-02
  0.122884966    
  0.189108804    
   6.29017130E-02
   5.58003178E-03
   5.55026252E-03
   5.51954238E-03
   5.48916077E-03
   5.46826003E-03
   5.49389049E-03
   5.52060828E-03
   5.54996496E-03
   5.53314621E-03
   5.50590176E-03
   5.26389619E-03
   4.67086863E-03
