  -1.67659128     -0.833866358     -0.418543816    
  -1.64880753     -0.821309626     -0.412503868    
  -1.62110853     -0.808927774     -0.406429499    
  -1.59495676     -0.796874344     -0.400421351    
  -1.57009757     -0.785032928     -0.394402623    
  -1.54661608     -0.773270905     -0.388553411    
  -1.52344179     -0.761996388     -0.382701546    
  -1.50079727     -0.750637054     -0.377082825    
  -1.47907472     -0.739706874     -0.371464103    
  -1.45654678     -0.728729010     -0.365999013    
  -1.43539643     -0.718090296     -0.360597491    
  -1.41415071     -0.707647562     -0.355254292    
  -1.39371026     -0.697210073     -0.350035548    
  -1.37312150     -0.687217712     -0.344891012    
  -1.35333800     -0.677246511     -0.339844495    
  -1.33373475     -0.667524338     -0.334933072    
  -1.31401491     -0.657796860     -0.329997808    
  -1.29528046     -0.648313105     -0.325245321    
  -1.27667320     -0.639099538     -0.320455760    
  -1.25840509     -0.629923105     -0.315856934    
  -1.24026406     -0.621032715     -0.311311096    
  -1.22252572     -0.612084091     -0.306797028    
  -1.20529604     -0.603432119     -0.302410126    
  -1.18805563     -0.594833136     -0.298044413    
  -1.17124987     -0.586562693     -0.293787330    
  -1.15470886     -0.578286886     -0.289593816    
  -1.13827384     -0.570064127     -0.285463870    
  -1.12245345     -0.562180400     -0.281410754    
  -1.10662246     -0.554275513     -0.277394712    
  -1.09124708     -0.546471298     -0.273521751    
  -1.07588243     -0.538963735     -0.269614339    
  -1.06101561     -0.531456232     -0.265849948    
  -1.04641390     -0.524118185     -0.262064397    
  -1.03180146     -0.516838491     -0.258432508    
  -1.01746452     -0.509765387     -0.254800588    
  -1.00373161     -0.502734721     -0.251248151    
 -0.989924550     -0.495878845     -0.247756645    
 -0.976255178     -0.489065379     -0.244291618    
 -0.962935567     -0.482495636     -0.240948468    
 -0.949774861     -0.475872874     -0.237623855    
 -0.937106848     -0.469340205     -0.234317780    
 -0.924242854     -0.463067174     -0.231089860    
 -0.911823928     -0.456772923     -0.227929488    
 -0.899500310     -0.450650841     -0.224778384    
 -0.887589991     -0.444592357     -0.221767694    
 -0.875526011     -0.438642502     -0.218710631    
 -0.863769293     -0.432788014     -0.215750277    
 -0.852478862     -0.426922917     -0.212866724    
 -0.840971231     -0.421365112     -0.209920943    
 -0.829945683     -0.415656298     -0.207132757    
 -0.818962514     -0.410199165     -0.204336643    
 -0.808254898     -0.404829443     -0.201596156    
 -0.797409475     -0.399417341     -0.198909968    
 -0.787093878     -0.394188046     -0.196243659    
 -0.776804805     -0.389040828     -0.193590581    
 -0.766611099     -0.383925438     -0.191085875    
 -0.756698191     -0.378897458     -0.188502997    
 -0.747002482     -0.373898625     -0.186079085    
 -0.737169027     -0.369233549     -0.183562443    
 -0.727558136     -0.364322126     -0.181203425    
 -0.718424082     -0.359625280     -0.178766251    
 -0.709120452     -0.354923129     -0.176493332    
 -0.700002253     -0.350411743     -0.174170077    
 -0.690995336     -0.345863223     -0.171898469    
 -0.682380438     -0.341492236     -0.169670582    
 -0.673590779     -0.337134480     -0.167482436    
 -0.665113688     -0.332739621     -0.165315464    
 -0.656700134     -0.328567296     -0.163210765    
 -0.648233652     -0.324352592     -0.161106050    
 -0.640397608     -0.320275635     -0.159027845    
 -0.632185400     -0.316206604     -0.156999961    
 -0.624397039     -0.312227666     -0.155040950    
 -0.616576910     -0.308277875     -0.153071344    
 -0.608756781     -0.304471135     -0.151054069    
 -0.601328731     -0.300590187     -0.149244726    
 -0.593821228     -0.296868205     -0.147344008    
 -0.586594462     -0.293087959     -0.145459175    
 -0.579214096     -0.289522290     -0.143688262    
 -0.572066844     -0.285916865     -0.141874954    
 -0.565163314     -0.282351166     -0.140093431    
 -0.558296859     -0.278870255     -0.138388738    
 -0.551388025     -0.275463521     -0.136673450    
 -0.544632792     -0.272062093     -0.134940937    
 -0.538169026     -0.268679202     -0.133335590    
 -0.531593978     -0.265415519     -0.131682560    
 -0.525183141     -0.262127995     -0.130061314    
 -0.518782914     -0.258946419     -0.128494367    
 -0.512705922     -0.255801946     -0.126932725    
 -0.506310999     -0.252670705     -0.125398904    
 -0.500334620     -0.249661341     -0.123861104    
 -0.494469523     -0.246620178     -0.122373633    
 -0.488440186     -0.243645251     -0.120925903    
 -0.482702255     -0.240633219     -0.119455658    
 -0.477054387     -0.237835780     -0.118030444    
 -0.471348226     -0.234966815     -0.116638340    
 -0.465705663     -0.232201159     -0.115247570    
 -0.460449845     -0.229403704     -0.113872685    
 -0.454817891     -0.226627454     -0.112541519    
 -0.449625641     -0.223983660     -0.111198425    
 -0.444269180     -0.221310720     -0.109944075    
 -0.439055771     -0.218698710     -0.108610258    
 -0.434192032     -0.216086701     -0.107359886    
 -0.428925633     -0.213615105     -0.106110841    
 -0.424098969     -0.211003095     -0.104934640    
 -0.419113368     -0.208560631     -0.103649825    
 -0.414339691     -0.206229419     -0.102493495    
 -0.409460068     -0.203670397     -0.101274915    
 -0.404940724     -0.201397479     -0.100155674    
 -0.400172353     -0.199039772      -9.90205333E-02
 -0.395647675     -0.196724474      -9.78893712E-02
 -0.391138911     -0.194480687      -9.67423096E-02
 -0.386820912     -0.192239553      -9.56945941E-02
 -0.382253855     -0.189949408      -9.46144238E-02
 -0.378020614     -0.187868536      -9.35263112E-02
 -0.373646945     -0.185676411      -9.25216377E-02
 -0.369487882     -0.183591574      -9.14520696E-02
 -0.365418851     -0.181433886      -9.04606432E-02
 -0.361389577     -0.179394081      -8.94645825E-02
 -0.357214600     -0.177395344      -8.84360746E-02
 -0.353225082     -0.175378054      -8.75201523E-02
 -0.349272609     -0.173432291      -8.65307152E-02
 -0.345502973     -0.171387196      -8.55882987E-02
 -0.341725349     -0.169482499      -8.46849531E-02
 -0.337892115     -0.167716876      -8.37233365E-02
 -0.334021777     -0.165698260      -8.28610510E-02
 -0.330532908     -0.163975030      -8.19550604E-02
 -0.326813579     -0.162076950      -8.10424462E-02
 -0.323314130     -0.160251722      -8.01761970E-02
 -0.319867671     -0.158564255      -7.93728530E-02
 -0.316267550     -0.156732395      -7.85251483E-02
 -0.312813133     -0.155148238      -7.76694864E-02
 -0.309393138     -0.153324336      -7.68595263E-02
 -0.306153297     -0.151688516      -7.60674477E-02
 -0.302733302     -0.150007665      -7.52488747E-02
 -0.299795479     -0.148477823      -7.44978562E-02
 -0.296216547     -0.146810219      -7.37071037E-02
 -0.293268085     -0.145224735      -7.29560852E-02
 -0.290038854     -0.143701494      -7.21560568E-02
 -0.287021518     -0.142149135      -7.14143142E-02
 -0.283908844     -0.140592784      -7.07229003E-02
 -0.280896813     -0.139094725      -7.00109527E-02
 -0.277932495     -0.137571499      -6.93599358E-02
 -0.275140345     -0.136174098      -6.85612336E-02
 -0.272258133     -0.134823054      -6.79327399E-02
 -0.269299090     -0.133282602      -6.71598613E-02
 -0.266419530     -0.131836206      -6.66002408E-02
 -0.263860494     -0.130633518      -6.58922717E-02
 -0.261065692     -0.129181802      -6.52538389E-02
 -0.258300036     -0.127885073      -6.45637512E-02
 -0.255743653     -0.126461193      -6.40147254E-02
 -0.252980649     -0.125250548      -6.33339062E-02
 -0.250355393     -0.123948522      -6.27484620E-02
 -0.247960627     -0.122672983      -6.20762520E-02
 -0.245398939     -0.121335186      -6.15755729E-02
 -0.242728651     -0.120247737      -6.09033629E-02
 -0.240492821     -0.118932456      -6.03622869E-02
 -0.238005325     -0.117842354      -5.97569682E-02
 -0.235629082     -0.116597280      -5.92158884E-02
 -0.233183965     -0.115429029      -5.86297773E-02
 -0.230823621     -0.114272699      -5.80761172E-02
 -0.228717595     -0.113214388      -5.75515963E-02
 -0.226216853     -0.112038188      -5.69899864E-02
 -0.224177048     -0.110913649      -5.65065295E-02
 -0.221901476     -0.109892420      -5.59409447E-02
 -0.219620600     -0.108802319      -5.53766899E-02
 -0.217538416     -0.107651286      -5.49349524E-02
 -0.215437680     -0.106688343      -5.45342751E-02
 -0.213228330     -0.105624728      -5.38627319E-02
 -0.211167336     -0.104721390      -5.34514599E-02
 -0.209273234     -0.103602141      -5.30064106E-02
 -0.207183093     -0.102644496      -5.24838753E-02
 -0.205273092     -0.101717316      -5.20209484E-02
 -0.203193560     -0.100734502      -5.15553690E-02
 -0.201230586      -9.97596309E-02  -5.10685965E-02
 -0.199384153      -9.89092737E-02  -5.06189130E-02
 -0.197439730      -9.79317576E-02  -5.02129383E-02
 -0.195619792      -9.70270932E-02  -4.97566313E-02
 -0.193924367      -9.61290449E-02  -4.93195318E-02
 -0.191852778      -9.53303427E-02  -4.89168689E-02
 -0.190160006      -9.43713710E-02  -4.84314226E-02
 -0.188491076      -9.35448557E-02  -4.80506159E-02
 -0.186549291      -9.27130356E-02  -4.76141758E-02
 -0.184943944      -9.18759257E-02  -4.72499281E-02
 -0.183256462      -9.10666287E-02  -4.67797108E-02
 -0.181449786      -9.02507007E-02  -4.63677794E-02
 -0.180027217      -8.94215405E-02  -4.61035296E-02
 -0.178058937      -8.86162147E-02  -4.55498695E-02
 -0.176811218      -8.78863856E-02  -4.53147627E-02
 -0.174911812      -8.71777534E-02  -4.48014997E-02
 -0.173436269      -8.63618329E-02  -4.44955304E-02
 -0.171966016      -8.56704190E-02  -4.41564471E-02
 -0.170352727      -8.48041624E-02  -4.37140465E-02
 -0.168755323      -8.42120945E-02  -4.33908552E-02
 -0.167425469      -8.34782943E-02  -4.29848842E-02
 -0.165783033      -8.27550888E-02  -4.26226184E-02
 -0.164376363      -8.19603577E-02  -4.23636697E-02
 -0.163091555      -8.13894793E-02  -4.19192836E-02
 -0.161499441      -8.08252245E-02  -4.16119881E-02
 -0.160026550      -7.99073130E-02  -4.12808508E-02
 -0.158845052      -7.94000104E-02  -4.09801789E-02
 -0.157213211      -7.87205175E-02  -4.04874496E-02
 -0.156044960      -7.80940056E-02  -4.02907543E-02
 -0.154717758      -7.73694813E-02  -3.99993509E-02
 -0.153280631      -7.68442973E-02  -3.95572856E-02
 -0.152162716      -7.62760639E-02  -3.92519757E-02
 -0.150737494      -7.55680948E-02  -3.90268043E-02
 -0.149440765      -7.50058219E-02  -3.86195034E-02
 -0.148332119      -7.43971914E-02  -3.83777767E-02
 -0.146893665      -7.37667084E-02  -3.80559117E-02
 -0.145790309      -7.32640401E-02  -3.77068929E-02
 -0.144612789      -7.26567358E-02  -3.74595337E-02
 -0.143206120      -7.21116886E-02  -3.70479301E-02
 -0.142215356      -7.15686232E-02  -3.68621610E-02
 -0.140975580      -7.10533708E-02  -3.64687704E-02
 -0.139901370      -7.03877881E-02  -3.63094956E-02
 -0.138670862      -6.99619427E-02  -3.59386206E-02
 -0.137621820      -6.94268271E-02  -3.56806666E-02
 -0.136375427      -6.88619092E-02  -3.52872759E-02
 -0.135441616      -6.83751404E-02  -3.51644233E-02
 -0.134364769      -6.78201541E-02  -3.48981880E-02
 -0.133110419      -6.73757643E-02  -3.44726779E-02
 -0.132185876      -6.68711141E-02  -3.42319421E-02
 -0.131144792      -6.63956031E-02  -3.40163708E-02
 -0.130126208      -6.58710822E-02  -3.37090753E-02
 -0.129041404      -6.54041767E-02  -3.34537700E-02
 -0.128051966      -6.49597943E-02  -3.31590585E-02
 -0.127103597      -6.44551367E-02  -3.29809040E-02
 -0.126085013      -6.40206859E-02  -3.26550677E-02
 -0.125122070      -6.35736510E-02  -3.24209519E-02
 -0.124053158      -6.30756244E-02  -3.21338587E-02
 -0.123226643      -6.26669973E-02  -3.18759009E-02
 -0.122275621      -6.22597001E-02  -3.15861553E-02
 -0.121380225      -6.18027300E-02  -3.14139649E-02
 -0.120422572      -6.13371544E-02  -3.11417710E-02
 -0.119521886      -6.08841591E-02  -3.09212338E-02
 -0.118565559      -6.05470613E-02  -3.05847991E-02
 -0.117919177      -6.01563193E-02  -3.04844640E-02
 -0.116917819      -5.96185513E-02  -3.01364399E-02
 -0.116013154      -5.93384095E-02  -2.99205389E-02
 -0.115352206      -5.88979982E-02  -2.97334455E-02
 -0.114215747      -5.84595725E-02  -2.94221770E-02
 -0.113513738      -5.80337308E-02  -2.92350855E-02
 -0.112826295      -5.77972978E-02  -2.90433560E-02
 -0.111932226      -5.73244356E-02  -2.87410282E-02
 -0.111223593      -5.69171384E-02  -2.86151972E-02
 -0.110293761      -5.65601736E-02  -2.82820724E-02
 -0.109651357      -5.62111549E-02  -2.80920006E-02
 -0.108902983      -5.58687598E-02  -2.79214643E-02
 -0.108167857      -5.54382801E-02  -2.76949666E-02
 -0.107340015      -5.51515147E-02  -2.74684690E-02
 -0.106598273      -5.47866039E-02  -2.71959435E-02
 -0.106108189      -5.44150658E-02  -2.71297172E-02
 -0.105051197      -5.40746599E-02  -2.68025529E-02
 -0.104679003      -5.37991524E-02  -2.66336724E-02
 -0.103820696      -5.33368848E-02  -2.64383033E-02
 -0.103271008      -5.31772785E-02  -2.61641219E-02
 -0.102592841      -5.26540801E-02  -2.61237230E-02
 -0.101806059      -5.24269193E-02  -2.57250331E-02
 -0.101447105      -5.20600230E-02  -2.58521903E-02
 -0.100453697      -5.17951101E-02  -2.54038312E-02
 -0.100068249      -5.15560322E-02  -2.52707135E-02
  -9.94258448E-02  -5.11878058E-02  -2.50531565E-02
  -9.88417193E-02  -5.08301780E-02  -2.49859355E-02
  -9.81529579E-02  -5.05275205E-02  -2.47236751E-02
  -9.76151899E-02  -5.03692366E-02  -2.44657192E-02
  -9.71595421E-02  -4.99692224E-02  -2.43935324E-02
  -9.66350213E-02  -4.96692136E-02  -2.43445244E-02
  -9.59038734E-02  -4.94559593E-02  -2.39951741E-02
  -9.55462456E-02  -4.91155535E-02  -2.39408687E-02
  -9.50270221E-02  -4.88857441E-02  -2.37252973E-02
  -9.42707062E-02  -4.85678501E-02  -2.34587323E-02
  -9.40283164E-02  -4.83334064E-02  -2.34729722E-02
  -9.34561118E-02  -4.79757786E-02  -2.33021043E-02
  -9.30243060E-02  -4.78876978E-02  -2.30699778E-02
  -9.24759433E-02  -4.75830510E-02  -2.29732860E-02
  -9.21951383E-02  -4.73995991E-02  -2.28126850E-02
  -9.14759114E-02  -4.69817072E-02  -2.26842035E-02
  -9.12348405E-02  -4.68810387E-02  -2.25010850E-02
  -9.08176079E-02  -4.66008969E-02  -2.24070419E-02
  -9.03354734E-02  -4.63783741E-02  -2.22464409E-02
  -9.00202319E-02  -4.61439304E-02  -2.22017374E-02
  -8.96308124E-02  -4.59545180E-02  -2.19944455E-02
  -8.92466977E-02  -4.56664301E-02  -2.19523907E-02
  -8.88042971E-02  -4.55220528E-02  -2.17891410E-02
  -8.85870755E-02  -4.52392623E-02  -2.17109919E-02
  -8.82016271E-02  -4.52167466E-02  -2.15523764E-02
  -8.78228098E-02  -4.48584557E-02  -2.14483999E-02
  -8.76188278E-02  -4.47644144E-02  -2.13497207E-02
  -8.70996043E-02  -4.45074514E-02  -2.12394521E-02
  -8.69750977E-02  -4.43557911E-02  -2.11540200E-02
  -8.66982639E-02  -4.42299582E-02  -2.10414324E-02
  -8.65154788E-02  -4.40610796E-02  -2.10401081E-02
  -8.60929489E-02  -4.38014679E-02  -2.08917595E-02
  -8.59856606E-02  -4.37398739E-02  -2.07960606E-02
  -8.57485682E-02  -4.34974842E-02  -2.08066572E-02
  -8.55021998E-02  -4.34517860E-02  -2.06334721E-02
  -8.53207409E-02  -4.32670116E-02  -2.06675790E-02
  -8.50624517E-02  -4.31862138E-02  -2.04861164E-02
  -8.49869549E-02  -4.30239588E-02  -2.04589628E-02
  -8.47723782E-02  -4.28762697E-02  -2.04371084E-02
  -8.46624374E-02  -4.28385213E-02  -2.03483626E-02
  -8.46399218E-02  -4.27630208E-02  -2.03145873E-02
  -8.43816325E-02  -4.25444692E-02  -2.02983618E-02
  -8.43015015E-02  -4.25699688E-02  -2.02630963E-02
  -8.42048079E-02  -4.24259230E-02  -2.01051440E-02
  -8.41657296E-02  -4.23510857E-02  -2.02208757E-02
  -8.40816200E-02  -4.22808863E-02  -2.01581251E-02
  -8.40842724E-02  -4.22765799E-02  -2.01175604E-02
  -8.40412229E-02  -4.21752520E-02  -2.01634243E-02
  -8.40047970E-02  -4.21683006E-02  -2.00748444E-02
  -8.39061216E-02  -4.21020724E-02  -2.00778246E-02
  -8.41279849E-02  -4.21057157E-02  -2.00869311E-02
  -8.40849355E-02  -4.20802161E-02  -2.00748444E-02
  -8.41352642E-02  -4.20530625E-02  -2.01549791E-02
  -8.42597783E-02  -4.20484282E-02  -2.01486871E-02
  -8.42259973E-02  -4.20944542E-02  -2.00995132E-02
  -8.43683854E-02  -4.20785621E-02  -2.01789867E-02
  -8.45809802E-02  -4.21798900E-02  -2.01894175E-02
  -8.47134292E-02  -4.21474390E-02  -2.03144215E-02
  -8.47452208E-02  -4.22080345E-02  -2.01919004E-02
  -8.49869549E-02  -4.22547273E-02  -2.03200504E-02
  -8.51247013E-02  -4.23302241E-02  -2.03548204E-02
  -8.54644477E-02  -4.24537398E-02  -2.04286650E-02
  -8.56790245E-02  -4.24802303E-02  -2.05501914E-02
  -8.57763812E-02  -4.26375195E-02  -2.05114484E-02
  -8.62300396E-02  -4.27352041E-02  -2.06576455E-02
  -8.63697827E-02  -4.28269319E-02  -2.06712224E-02
  -8.67638290E-02  -4.30100486E-02  -2.07766891E-02
  -8.70698020E-02  -4.30633612E-02  -2.09043417E-02
  -8.74552429E-02  -4.33150269E-02  -2.10048426E-02
  -8.78201574E-02  -4.34498005E-02  -2.10758708E-02
  -8.81844088E-02  -4.36239764E-02  -2.12018695E-02
  -8.85830969E-02  -4.38170284E-02  -2.12954152E-02
  -8.91142413E-02  -4.40455154E-02  -2.14671101E-02
  -8.95281658E-02  -4.42882366E-02  -2.15227399E-02
  -8.99765193E-02  -4.44293022E-02  -2.17409600E-02
  -9.05632973E-02  -4.47713658E-02  -2.18204334E-02
  -9.10467580E-02  -4.49564718E-02  -2.20225919E-02
  -9.16447937E-02  -4.52614501E-02  -2.21679602E-02
  -9.22063962E-02  -4.55912612E-02  -2.23093554E-02
  -9.27666798E-02  -4.58406061E-02  -2.24643275E-02
  -9.34084281E-02  -4.61452529E-02  -2.26615202E-02
  -9.41726863E-02  -4.65005636E-02  -2.28996072E-02
  -9.47793350E-02  -4.68326956E-02  -2.30181552E-02
  -9.55429375E-02  -4.71936315E-02  -2.32721362E-02
  -9.62833539E-02  -4.75615263E-02  -2.34628711E-02
  -9.70211327E-02  -4.79764417E-02  -2.36473158E-02
  -9.79065895E-02  -4.83443327E-02  -2.39478219E-02
  -9.86768156E-02  -4.87870649E-02  -2.41307747E-02
  -9.94920731E-02  -4.92095947E-02  -2.43400540E-02
 -0.100468926      -4.96821254E-02  -2.46339366E-02
 -0.101333193      -5.01467139E-02  -2.48443745E-02
 -0.102379590      -5.06573245E-02  -2.51621008E-02
 -0.103298157      -5.11553548E-02  -2.53781676E-02
 -0.104359120      -5.16484194E-02  -2.57021859E-02
 -0.105453201      -5.22318818E-02  -2.59801745E-02
 -0.106507540      -5.27984574E-02  -2.62878016E-02
 -0.107626781      -5.33550978E-02  -2.65636370E-02
 -0.108872518      -5.39627336E-02  -2.69436166E-02
 -0.109980501      -5.45571260E-02  -2.72126663E-02
 -0.111293130      -5.52200601E-02  -2.75757574E-02
 -0.112540193      -5.58687598E-02  -2.79006027E-02
 -0.113857456      -5.65406345E-02  -2.82799210E-02
 -0.115300551      -5.72409891E-02  -2.86806785E-02
 -0.116675101      -5.79996258E-02  -2.89782882E-02
 -0.118087068      -5.87188527E-02  -2.93653868E-02
 -0.119622551      -5.94624206E-02  -2.98287310E-02
 -0.121212997      -6.02675825E-02  -3.02274190E-02
 -0.122782916      -6.10843301E-02  -3.06175817E-02
 -0.124392241      -6.19424731E-02  -3.10496315E-02
 -0.126087010      -6.27482906E-02  -3.15295309E-02
 -0.127760231      -6.36532903E-02  -3.19349281E-02
 -0.129592419      -6.45632520E-02  -3.24010849E-02
 -0.131494462      -6.55275285E-02  -3.28987837E-02
 -0.133373335      -6.64530545E-02  -3.34186703E-02
 -0.135303870      -6.74666613E-02  -3.38975750E-02
 -0.137279436      -6.84915334E-02  -3.43758203E-02
 -0.139414608      -6.95115998E-02  -3.49715352E-02
 -0.141530231      -7.06169307E-02  -3.54902595E-02
 -0.143682301      -7.17254132E-02  -3.60300988E-02
 -0.145966813      -7.28459805E-02  -3.66470069E-02
 -0.148306295      -7.40430430E-02  -3.72070409E-02
 -0.150610343      -7.51887783E-02  -3.78208868E-02
 -0.153131291      -7.64903128E-02  -3.84176783E-02
 -0.155594110      -7.77163431E-02  -3.90597135E-02
 -0.158278152      -7.90736750E-02  -3.97282355E-02
 -0.160934031      -8.04016218E-02  -4.04033400E-02
 -0.163657129      -8.17722753E-02  -4.10632119E-02
 -0.166497961      -8.32219124E-02  -4.17788811E-02
 -0.169431657      -8.46712142E-02  -4.24998924E-02
 -0.172400475      -8.61624852E-02  -4.32360098E-02
 -0.175465479      -8.77092257E-02  -4.40197252E-02
 -0.178684875      -8.93238932E-02  -4.47674133E-02
 -0.181907743      -9.09581780E-02  -4.55733985E-02
 -0.185245603      -9.25939977E-02  -4.63983268E-02
 -0.188727587      -9.43502188E-02  -4.72687371E-02
 -0.192225397      -9.61199999E-02  -4.80989516E-02
 -0.195882931      -9.79265869E-02  -4.90124226E-02
 -0.199618965      -9.98373926E-02  -4.98768874E-02
 -0.203469425     -0.101765774      -5.08313775E-02
