   0.00000000    
   1.12500004E-02
   2.25000009E-02
   3.37500013E-02
   4.50000018E-02
   5.62499985E-02
   6.75000027E-02
   7.87499994E-02
   9.00000036E-02
  0.101250000    
  0.112499997    
  0.123750001    
  0.135000005    
  0.146249995    
  0.157499999    
  0.168750003    
  0.180000007    
  0.191249996    
  0.202500001    
  0.213750005    
  0.224999994    
  0.236249998    
  0.247500002    
  0.258749992    
  0.270000011    
  0.281250000    
  0.292499989    
  0.303750008    
  0.314999998    
  0.326249987    
  0.337500006    
  0.348749995    
  0.360000014    
  0.371250004    
  0.382499993    
  0.393750012    
  0.405000001    
  0.416249990    
  0.427500010    
  0.438749999    
  0.449999988    
  0.461250007    
  0.472499996    
  0.483749986    
  0.495000005    
  0.506250024    
  0.517499983    
  0.528750002    
  0.540000021    
  0.551249981    
  0.562500000    
  0.573750019    
  0.584999979    
  0.596249998    
  0.607500017    
  0.618749976    
  0.629999995    
  0.641250014    
  0.652499974    
  0.663749993    
  0.675000012    
  0.686249971    
  0.697499990    
  0.708750010    
  0.720000029    
  0.731249988    
  0.742500007    
  0.753750026    
  0.764999986    
  0.776250005    
  0.787500024    
  0.798749983    
  0.810000002    
  0.821250021    
  0.832499981    
  0.843750000    
  0.855000019    
  0.866249979    
  0.877499998    
  0.888750017    
  0.899999976    
  0.911249995    
  0.922500014    
  0.933749974    
  0.944999993    
  0.956250012    
  0.967499971    
  0.978749990    
  0.990000010    
   1.00125003    
   1.01250005    
   1.02374995    
   1.03499997    
   1.04624999    
   1.05750000    
   1.06875002    
   1.08000004    
   1.09124994    
   1.10249996    
   1.11374998    
   1.12500000    
   1.13625002    
   1.14750004    
   1.15875006    
   1.16999996    
   1.18124998    
   1.19250000    
   1.20375001    
   1.21500003    
   1.22625005    
   1.23749995    
   1.24874997    
   1.25999999    
   1.27125001    
   1.28250003    
   1.29375005    
   1.30499995    
   1.31624997    
   1.32749999    
   1.33875000    
   1.35000002    
   1.36125004    
   1.37249994    
   1.38374996    
   1.39499998    
   1.40625000    
   1.41750002    
   1.42875004    
   1.44000006    
   1.45124996    
   1.46249998    
   1.47375000    
   1.48500001    
   1.49625003    
   1.50750005    
   1.51874995    
   1.52999997    
   1.54124999    
   1.55250001    
   1.56375003    
   1.57500005    
   1.58624995    
   1.59749997    
   1.60874999    
   1.62000000    
   1.63125002    
   1.64250004    
   1.65374994    
   1.66499996    
   1.67624998    
   1.68750000    
   1.69875002    
   1.71000004    
   1.72125006    
   1.73249996    
   1.74374998    
   1.75500000    
   1.76625001    
   1.77750003    
   1.78875005    
   1.79999995    
   1.81124997    
   1.82249999    
   1.83375001    
   1.84500003    
   1.85625005    
   1.86749995    
   1.87874997    
   1.88999999    
   1.90125000    
   1.91250002    
   1.92375004    
   1.93499994    
   1.94624996    
   1.95749998    
   1.96875000    
   1.98000002    
   1.99125004    
   2.00250006    
   2.01375008    
   2.02500010    
   2.03625011    
   2.04749990    
   2.05874991    
   2.06999993    
   2.08124995    
   2.09249997    
   2.10374999    
   2.11500001    
   2.12625003    
   2.13750005    
   2.14875007    
   2.16000009    
   2.17125010    
   2.18249989    
   2.19374990    
   2.20499992    
   2.21624994    
   2.22749996    
   2.23874998    
   2.25000000    
   2.26125002    
   2.27250004    
   2.28375006    
   2.29500008    
   2.30625010    
   2.31750011    
   2.32874990    
   2.33999991    
   2.35124993    
   2.36249995    
   2.37374997    
   2.38499999    
   2.39625001    
   2.40750003    
   2.41875005    
   2.43000007    
   2.44125009    
   2.45250010    
   2.46374989    
   2.47499990    
   2.48624992    
   2.49749994    
   2.50874996    
   2.51999998    
   2.53125000    
   2.54250002    
   2.55375004    
   2.56500006    
   2.57625008    
   2.58750010    
   2.59875011    
   2.60999990    
   2.62124991    
   2.63249993    
   2.64374995    
   2.65499997    
   2.66624999    
   2.67750001    
   2.68875003    
   2.70000005    
   2.71125007    
   2.72250009    
   2.73375010    
   2.74499989    
   2.75624990    
   2.76749992    
   2.77874994    
   2.78999996    
   2.80124998    
   2.81250000    
   2.82375002    
   2.83500004    
   2.84625006    
   2.85750008    
   2.86875010    
   2.88000011    
   2.89124990    
   2.90249991    
   2.91374993    
   2.92499995    
   2.93624997    
   2.94749999    
   2.95875001    
   2.97000003    
   2.98125005    
   2.99250007    
   3.00375009    
   3.01500010    
   3.02624989    
   3.03749990    
   3.04874992    
   3.05999994    
   3.07124996    
   3.08249998    
   3.09375000    
   3.10500002    
   3.11625004    
   3.12750006    
   3.13875008    
   3.15000010    
   3.16125011    
   3.17249990    
   3.18374991    
   3.19499993    
   3.20624995    
   3.21749997    
   3.22874999    
   3.24000001    
   3.25125003    
   3.26250005    
   3.27375007    
   3.28500009    
   3.29625010    
   3.30749989    
   3.31874990    
   3.32999992    
   3.34124994    
   3.35249996    
   3.36374998    
   3.37500000    
   3.38625002    
   3.39750004    
   3.40875006    
   3.42000008    
   3.43125010    
   3.44250011    
   3.45374990    
   3.46499991    
   3.47624993    
   3.48749995    
   3.49874997    
   3.50999999    
   3.52125001    
   3.53250003    
   3.54375005    
   3.55500007    
   3.56625009    
   3.57750010    
   3.58874989    
   3.59999990    
   3.61124992    
   3.62249994    
   3.63374996    
   3.64499998    
   3.65625000    
   3.66750002    
   3.67875004    
   3.69000006    
   3.70125008    
   3.71250010    
   3.72375011    
   3.73499990    
   3.74624991    
   3.75749993    
   3.76874995    
   3.77999997    
   3.79124999    
   3.80250001    
   3.81375003    
   3.82500005    
   3.83625007    
   3.84750009    
   3.85875010    
   3.86999989    
   3.88124990    
   3.89249992    
   3.90374994    
   3.91499996    
   3.92624998    
   3.93750000    
   3.94875002    
   3.96000004    
   3.97125006    
   3.98250008    
   3.99375010    
   4.00500011    
   4.01625013    
   4.02750015    
   4.03875017    
   4.05000019    
   4.06125021    
   4.07250023    
   4.08374977    
   4.09499979    
   4.10624981    
   4.11749983    
   4.12874985    
   4.13999987    
   4.15124989    
   4.16249990    
   4.17374992    
   4.18499994    
   4.19624996    
   4.20749998    
   4.21875000    
   4.23000002    
   4.24125004    
   4.25250006    
   4.26375008    
   4.27500010    
   4.28625011    
   4.29750013    
   4.30875015    
   4.32000017    
   4.33125019    
   4.34250021    
   4.35375023    
   4.36499977    
   4.37624979    
   4.38749981    
   4.39874983    
   4.40999985    
   4.42124987    
   4.43249989    
   4.44374990    
   4.45499992    
   4.46624994    
   4.47749996    
   4.48874998    
   4.50000000    
