   0.00000000       0.00000000       0.00000000       1.00000000    
   8.80212244E-03   4.38864389E-03   2.19708029E-03  0.999951482    
   1.75450910E-02   8.72400776E-03   4.36839415E-03  0.999802828    
   2.61537470E-02   1.30063891E-02   6.51433971E-03  0.999557078    
   3.46342325E-02   1.72364432E-02   8.63469206E-03  0.999218702    
   4.30009253E-02   2.14148052E-02   1.07292896E-02  0.998791397    
   5.12615964E-02   2.55420152E-02   1.27981808E-02  0.998278856    
   5.94197176E-02   2.96185184E-02   1.48415389E-02  0.997684300    
   6.74770474E-02   3.36447842E-02   1.68595780E-02  0.997010767    
   7.54345581E-02   3.76212671E-02   1.88525226E-02  0.996261179    
   8.32932442E-02   4.15484346E-02   2.08206177E-02  0.995438457    
   9.10540000E-02   4.54267487E-02   2.27640942E-02  0.994545281    
   9.87177789E-02   4.92566861E-02   2.46832073E-02  0.993584454    
  0.106285572       5.30387312E-02   2.65782066E-02  0.992558658    
  0.113758400       5.67733981E-02   2.84493193E-02  0.991470158    
  0.121137261       6.04611635E-02   3.02968174E-02  0.990321577    
  0.128423199       6.41025230E-02   3.21209729E-02  0.989115298    
  0.135617211       6.76979870E-02   3.39219794E-02  0.987853706    
  0.142720282       7.12480545E-02   3.57001349E-02  0.986539006    
  0.149733573       7.47532472E-02   3.74557003E-02  0.985173106    
  0.156657934       7.82140344E-02   3.91889289E-02  0.983758450    
  0.163494498       8.16309378E-02   4.09000739E-02  0.982297122    
  0.170244187       8.50045085E-02   4.25893962E-02  0.980790675    
  0.176908150       8.83351788E-02   4.42571640E-02  0.979241252    
  0.183487326       9.16235223E-02   4.59036231E-02  0.977650702    
  0.189982802       9.48700309E-02   4.75290567E-02  0.976021051    
  0.196395516       9.80751589E-02   4.91336919E-02  0.974353552    
  0.202726588      0.101239502       5.07177971E-02  0.972650170    
  0.208976880      0.104363486       5.22816218E-02  0.970912516    
  0.215147540      0.107447699       5.38254455E-02  0.969142139    
  0.221239507      0.110492520       5.53494990E-02  0.967340469    
  0.227253824      0.113498583       5.68540618E-02  0.965509117    
  0.233191401      0.116466224       5.83393611E-02  0.963649571    
  0.239053264      0.119396083       5.98056242E-02  0.961762965    
  0.244840518      0.122288592       6.12531565E-02  0.959850490    
  0.250553966      0.125144228       6.26821443E-02  0.957914114    
  0.256194532      0.127963483       6.40928820E-02  0.955954492    
  0.261763453      0.130746827       6.54855967E-02  0.953972936    
  0.267261386      0.133494720       6.68605193E-02  0.951970875    
  0.272689402      0.136207640       6.82178959E-02  0.949949205    
  0.278048456      0.138886094       6.95579723E-02  0.947908878    
  0.283339381      0.141530529       7.08809346E-02  0.945851326    
  0.288563281      0.144141316       7.21870810E-02  0.943777204    
  0.293720782      0.146719068       7.34765977E-02  0.941687703    
  0.298813015      0.149264053       7.47497231E-02  0.939583659    
  0.303840786      0.151776880       7.60066956E-02  0.937466264    
  0.308804929      0.154257834       7.72476941E-02  0.935336292    
  0.313706458      0.156707436       7.84730241E-02  0.933194220    
  0.318546087      0.159126133       7.96828046E-02  0.931041360    
  0.323324770      0.161514342       8.08773339E-02  0.928878307    
  0.328043252      0.163872480       8.20567757E-02  0.926705956    
  0.332702488      0.166200936       8.32213461E-02  0.924524903    
  0.337303102      0.168500066       8.43712762E-02  0.922335863    
  0.341846049      0.170770422       8.55067447E-02  0.920139670    
  0.346332222      0.173012301       8.66279677E-02  0.917936921    
  0.350762188      0.175226182       8.77351239E-02  0.915728271    
  0.355136961      0.177412286       8.88284817E-02  0.913514256    
  0.359457076      0.179571182       8.99081528E-02  0.911295772    
  0.363723487      0.181703225       9.09743905E-02  0.909072995    
  0.367936969      0.183808699       9.20273438E-02  0.906846941    
  0.372098118      0.185887977       9.30672139E-02  0.904617727    
  0.376207739      0.187941551       9.40942168E-02  0.902385950    
  0.380266488      0.189969689       9.51084942E-02  0.900152445    
  0.384275168      0.191972807       9.61102396E-02  0.897917569    
  0.388234377      0.193951100       9.70996693E-02  0.895681441    
  0.392145008      0.195905149       9.80768651E-02  0.893445015    
  0.396007508      0.197835118       9.90420803E-02  0.891208529    
  0.399822980      0.199741438       9.99954790E-02  0.888972044    
  0.403591514      0.201624438      0.100937232      0.886736453    
  0.407314181      0.203484401      0.101867460      0.884501994    
  0.410991371      0.205321610      0.102786385      0.882269144    
  0.414623737      0.207136542      0.103694141      0.880037963    
  0.418212146      0.208929449      0.104590923      0.877808928    
  0.421757221      0.210700616      0.105476849      0.875582755    
  0.425259352      0.212450251      0.106352039      0.873359025    
  0.428719252      0.214178741      0.107216701      0.871138453    
  0.432137460      0.215886503      0.108070992      0.868921876    
  0.435514510      0.217573717      0.108915053      0.866708517    
  0.438851148      0.219240636      0.109749019      0.864499271    
  0.442147940      0.220887735      0.110573024      0.862294376    
  0.445405275      0.222514883      0.111387245      0.860094130    
  0.448623896      0.224122852      0.112191759      0.857898295    
  0.451804161      0.225711644      0.112986803      0.855707884    
  0.454946995      0.227281526      0.113772415      0.853522420    
  0.458052397      0.228832826      0.114548765      0.851342618    
  0.461121112      0.230365813      0.115315989      0.849168241    
  0.464153796      0.231880799      0.116074242      0.846999824    
  0.467150658      0.233377770      0.116823643      0.844837368    
  0.470112562      0.234857440      0.117564246      0.842681110    
  0.473039836      0.236319676      0.118296318      0.840531349    
  0.475932837      0.237764806      0.119019829      0.838387966    
  0.478792161      0.239193097      0.119734995      0.836251318    
  0.481618345      0.240604818      0.120441861      0.834121585    
  0.484411657      0.242000118      0.121140659      0.831998825    
  0.487172693      0.243379295      0.121831417      0.829883039    
  0.489902020      0.244742572      0.122514248      0.827774823    
  0.492599845      0.246090263      0.123189300      0.825673521    
  0.495266706      0.247422382      0.123856679      0.823580027    
  0.497903198      0.248739213      0.124516428      0.821493983    
  0.500509322      0.250041127      0.125168785      0.819415629    
  0.503085792      0.251328081      0.125813693      0.817345381    
  0.505632997      0.252600461      0.126451388      0.815282762    
  0.508151352      0.253858477      0.127081931      0.813228130    
  0.510641158      0.255102158      0.127705380      0.811181605    
  0.513102770      0.256331772      0.128321916      0.809143007    
  0.515536666      0.257547736      0.128931567      0.807112932    
  0.517943501      0.258749872      0.129534438      0.805091083    
  0.520323336      0.259938657      0.130130649      0.803077638    
  0.522676408      0.261114210      0.130720288      0.801072478    
  0.525003254      0.262276560      0.131303400      0.799075961    
  0.527304411      0.263426155      0.131880119      0.797087669    
  0.529579937      0.264562994      0.132450551      0.795108020    
  0.531830370      0.265687168      0.133014739      0.793137074    
  0.534055769      0.266799062      0.133572862      0.791174650    
  0.536256790      0.267898709      0.134124830      0.789221168    
  0.538433850      0.268986434      0.134670928      0.787276387    
  0.540586948      0.270062208      0.135211051      0.785340369    
  0.542716503      0.271126151      0.135745347      0.783412933    
  0.544822812      0.272178680      0.136273950      0.781494439    
  0.546906233      0.273219675      0.136796981      0.779585063    
  0.548967302      0.274249494      0.137314275      0.777684212    
  0.551006019      0.275268346      0.137826249      0.775792480    
  0.553022504      0.276276082      0.138332635      0.773909211    
  0.555017471      0.277273089      0.138833776      0.772035360    
  0.556991220      0.278259516      0.139329612      0.770170212    
  0.558943689      0.279235333      0.139820203      0.768314183    
  0.560875416      0.280200839      0.140305683      0.766466916    
  0.562786460      0.281156093      0.140786082      0.764628708    
  0.564677179      0.282101154      0.141261548      0.762799323    
  0.566548109      0.283036530      0.141731992      0.760978997    
  0.568399012      0.283961833      0.142197579      0.759167731    
  0.570230663      0.284877628      0.142658323      0.757365227    
  0.572043061      0.285783648      0.143114388      0.755571783    
  0.573836386      0.286680400      0.143565744      0.753787220    
  0.575610995      0.287567854      0.144012466      0.752011418    
  0.577367127      0.288446158      0.144454658      0.750244617    
  0.579105079      0.289315283      0.144892335      0.748486698    
  0.580824971      0.290175438      0.145325541      0.746738076    
  0.582527101      0.291026980      0.145754352      0.744997740    
  0.584211707      0.291869462      0.146178901      0.743266523    
  0.585878968      0.292703569      0.146599174      0.741544425    
  0.587529063      0.293529302      0.147015184      0.739830732    
  0.589162052      0.294346541      0.147427037      0.738126099    
  0.590778708      0.295155406      0.147834837      0.736429989    
  0.592378855      0.295956254      0.148238510      0.734742999    
  0.593962729      0.296749026      0.148638189      0.733064473    
  0.595530629      0.297533870      0.149033979      0.731394947    
  0.597082615      0.298310757      0.149425760      0.729733944    
  0.598619044      0.299080133      0.149813741      0.728081703    
  0.600139976      0.299841523      0.150197849      0.726438344    
  0.601645708      0.300595582      0.150578231      0.724803030    
  0.603136241      0.301342189      0.150954887      0.723176599    
  0.604612172      0.302081406      0.151327893      0.721559048    
  0.606073201      0.302813351      0.151697248      0.719949722    
  0.607519746      0.303538233      0.152063072      0.718348920    
  0.608952284      0.304255962      0.152425319      0.716756642    
  0.610370338      0.304966658      0.152784094      0.715173006    
  0.611774445      0.305670500      0.153139412      0.713597298    
  0.613164783      0.306367606      0.153491288      0.712030649    
  0.614541769      0.307057768      0.153839827      0.710472107    
  0.615905106      0.307741463      0.154184997      0.708921909    
  0.617255330      0.308418602      0.154526934      0.707379997    
  0.618592083      0.309089154      0.154865563      0.705845952    
  0.619916260      0.309753329      0.155201003      0.704320908    
  0.621227264      0.310411245      0.155533254      0.702803373    
  0.622525871      0.311062783      0.155862391      0.701294482    
  0.623812020      0.311708301      0.156188473      0.699793458    
  0.625085533      0.312347710      0.156511351      0.698300779    
  0.626347125      0.312981099      0.156831324      0.696816146    
  0.627596676      0.313608438      0.157148242      0.695339382    
  0.628834069      0.314229906      0.157462224      0.693870723    
  0.630060017      0.314845741      0.157773271      0.692409992    
  0.631274045      0.315455854      0.158081383      0.690957308    
  0.632476568      0.316060156      0.158386618      0.689512432    
  0.633668005      0.316658854      0.158689156      0.688075542    
  0.634847820      0.317252070      0.158988789      0.686646163    
  0.636016905      0.317839980      0.159285650      0.685224831    
  0.637175083      0.318422347      0.159579784      0.683811307    
  0.638322115      0.318999439      0.159871280      0.682405472    
  0.639458477      0.319571167      0.160159975      0.681007385    
  0.640584588      0.320137799      0.160446182      0.679616690    
  0.641700089      0.320699155      0.160729632      0.678233743    
  0.642804980      0.321255475      0.161010548      0.676858544    
  0.643899977      0.321806788      0.161288902      0.675490797    
  0.644984722      0.322353125      0.161564663      0.674130380    
  0.646059453      0.322894633      0.161838010      0.672777534    
  0.647124410      0.323431194      0.162108809      0.671432376    
  0.648179710      0.323963016      0.162377179      0.670094192    
  0.649225056      0.324490070      0.162643135      0.668763578    
  0.650261164      0.325012416      0.162906691      0.667440474    
  0.651287794      0.325530142      0.163167804      0.666124642    
  0.652304947      0.326043308      0.163426667      0.664815903    
  0.653313160      0.326551944      0.163683072      0.663514435    
  0.654311955      0.327056020      0.163937226      0.662220240    
  0.655301809      0.327555746      0.164189115      0.660933137    
  0.656282842      0.328051090      0.164438695      0.659653127    
  0.657255113      0.328541934      0.164686069      0.658380330    
  0.658218443      0.329028666      0.164931238      0.657114565    
  0.659173310      0.329511106      0.165174201      0.655855834    
  0.660119653      0.329989403      0.165414989      0.654603958    
  0.661057472      0.330463558      0.165653691      0.653359234    
  0.661986947      0.330933571      0.165890172      0.652121127    
  0.662908316      0.331399471      0.166124627      0.650890350    
  0.663821340      0.331861377      0.166356921      0.649665952    
  0.664726555      0.332319438      0.166587174      0.648448706    
  0.665623426      0.332773268      0.166815445      0.647238076    
  0.666512609      0.333223522      0.167041600      0.646034181    
  0.667393863      0.333669782      0.167265788      0.644837022    
  0.668267548      0.334112287      0.167488039      0.643646598    
  0.669133544      0.334551066      0.167708278      0.642462730    
  0.669991910      0.334986031      0.167926505      0.641285717    
  0.670842886      0.335417241      0.168142930      0.640115142    
  0.671686351      0.335845083      0.168357342      0.638951182    
  0.672522485      0.336268991      0.168569893      0.637793601    
  0.673351526      0.336689353      0.168780595      0.636642635    
  0.674173176      0.337106436      0.168989420      0.635498106    
  0.674988031      0.337519735      0.169196367      0.634360015    
  0.675795555      0.337929696      0.169401512      0.633228004    
  0.676596403      0.338336229      0.169604883      0.632102728    
  0.677389860      0.338739365      0.169806376      0.630983770    
  0.678177059      0.339139193      0.170006201      0.629871070    
  0.678957164      0.339535564      0.170204163      0.628764331    
  0.679730892      0.339928627      0.170400441      0.627664149    
  0.680497825      0.340318561      0.170595035      0.626570165    
  0.681258321      0.340705156      0.170787901      0.625482380    
  0.682012260      0.341088563      0.170978993      0.624400675    
  0.682759702      0.341468781      0.171168521      0.623325050    
  0.683501124      0.341845840      0.171356291      0.622255564    
  0.684235990      0.342219830      0.171542436      0.621192157    
  0.684964776      0.342590779      0.171726972      0.620134532    
  0.685687423      0.342958689      0.171909869      0.619082987    
  0.686403811      0.343323469      0.172091186      0.618037701    
  0.687114537      0.343685299      0.172270864      0.616998076    
  0.687819064      0.344044149      0.172449008      0.615964532    
  0.688517690      0.344400078      0.172625571      0.614936650    
  0.689210415      0.344752938      0.172800586      0.613914728    
  0.689897537      0.345103055      0.172974065      0.612898529    
  0.690578818      0.345450222      0.173146069      0.611888468    
  0.691254318      0.345794648      0.173316538      0.610883772    
  0.691924393      0.346136242      0.173485488      0.609884977    
  0.692588925      0.346475005      0.173652917      0.608891904    
  0.693247676      0.346811116      0.173818961      0.607904553    
  0.693901300      0.347144365      0.173983559      0.606922984    
  0.694549382      0.347474962      0.174146652      0.605946779    
  0.695191920      0.347802818      0.174308315      0.604976356    
  0.695829332      0.348128021      0.174468637      0.604011416    
  0.696461380      0.348450571      0.174627542      0.603052020    
  0.697088420      0.348770499      0.174784973      0.602098286    
  0.697710216      0.349087924      0.174941123      0.601149976    
  0.698326707      0.349402547      0.175095841      0.600207090    
  0.698938191      0.349714875      0.175249204      0.599269807    
  0.699545026      0.350024521      0.175401255      0.598337889    
  0.700146437      0.350331724      0.175551981      0.597411454    
  0.700743318      0.350636363      0.175701365      0.596490204    
  0.701335073      0.350938588      0.175849468      0.595574558    
  0.701921999      0.351238370      0.175996244      0.594664037    
  0.702504218      0.351535589      0.176141798      0.593758881    
  0.703081667      0.351830453      0.176285997      0.592859209    
  0.703654528      0.352122962      0.176428944      0.591964424    
  0.704222441      0.352413058      0.176570714      0.591075182    
  0.704785824      0.352700859      0.176711172      0.590191185    
  0.705344856      0.352986217      0.176850408      0.589312255    
  0.705899119      0.353269398      0.176988468      0.588438570    
  0.706448913      0.353550166      0.177125260      0.587570012    
  0.706994295      0.353828639      0.177260846      0.586706638    
  0.707535386      0.354104817      0.177395329      0.585848272    
  0.708071887      0.354378909      0.177528664      0.584995091    
  0.708604097      0.354650646      0.177660659      0.584147096    
  0.709131956      0.354920179      0.177791610      0.583303928    
  0.709655464      0.355187505      0.177921429      0.582465947    
  0.710174978      0.355452716      0.178050086      0.581632972    
  0.710689962      0.355715692      0.178177670      0.580805063    
  0.711201012      0.355976462      0.178304031      0.579981983    
  0.711707830      0.356235147      0.178429380      0.579164147    
  0.712210476      0.356491685      0.178553611      0.578351080    
  0.712709069      0.356746167      0.178676769      0.577543080    
  0.713203609      0.356998444      0.178798780      0.576739967    
  0.713694096      0.357248664      0.178919807      0.575941682    
  0.714180648      0.357496858      0.179039747      0.575148463    
  0.714663327      0.357743084      0.179158658      0.574360013    
  0.715141952      0.357987136      0.179276541      0.573576450    
  0.715616763      0.358229309      0.179393277      0.572797775    
  0.716087401      0.358469307      0.179509103      0.572023809    
  0.716554523      0.358707368      0.179623902      0.571254849    
  0.717017651      0.358943433      0.179737642      0.570490599    
  0.717477143      0.359177619      0.179850474      0.569731295    
  0.717932701      0.359409720      0.179962263      0.568976760    
  0.718384564      0.359639883      0.180073053      0.568226993    
  0.718832552      0.359868169      0.180182949      0.567481995    
  0.719277084      0.360094458      0.180291802      0.566741824    
  0.719717860      0.360318810      0.180399761      0.566006303    
  0.720154881      0.360541403      0.180506751      0.565275609    
  0.720588326      0.360761970      0.180612788      0.564549685    
  0.721018195      0.360980660      0.180717856      0.563828409    
  0.721444368      0.361197561      0.180822060      0.563112020    
  0.721866965      0.361412495      0.180925354      0.562400162    
  0.722286046      0.361625582      0.181027725      0.561693370    
  0.722701669      0.361836910      0.181129113      0.560990989    
  0.723113775      0.362046361      0.181229681      0.560293496    
  0.723522305      0.362253994      0.181329355      0.559600592    
  0.723927259      0.362459809      0.181428105      0.558912456    
  0.724328756      0.362663716      0.181526020      0.558229089    
  0.724726975      0.362865925      0.181623012      0.557550371    
  0.725121677      0.363066345      0.181719273      0.556876361    
  0.725512981      0.363265008      0.181814522      0.556207180    
  0.725900769      0.363461763      0.181908995      0.555542529    
  0.726285398      0.363656819      0.182002589      0.554882824    
  0.726666331      0.363850117      0.182095394      0.554227650    
  0.727044046      0.364041656      0.182187274      0.553577483    
  0.727418363      0.364231378      0.182278380      0.552931786    
  0.727789283      0.364419460      0.182368666      0.552290976    
  0.728157103      0.364605755      0.182458118      0.551654756    
  0.728521287      0.364790350      0.182546765      0.551023364    
  0.728882194      0.364973128      0.182634547      0.550396740    
  0.729239821      0.365154266      0.182721585      0.549774945    
  0.729594231      0.365333617      0.182807773      0.549157917    
  0.729945242      0.365511298      0.182893172      0.548545659    
  0.730293095      0.365687311      0.182977706      0.547938228    
  0.730637550      0.365861535      0.183061495      0.547335684    
  0.730978668      0.366034120      0.183144525      0.546737850    
  0.731316447      0.366205007      0.183226719      0.546145022    
  0.731651187      0.366374105      0.183308184      0.545556903    
  0.731982529      0.366541654      0.183388770      0.544973552    
  0.732310534      0.366707385      0.183468625      0.544395387    
  0.732635319      0.366871417      0.183547691      0.543822050    
  0.732956886      0.367033839      0.183625981      0.543253601    
  0.733274877      0.367194533      0.183703437      0.542690217    
  0.733589947      0.367353618      0.183780238      0.542131841    
  0.733901560      0.367510885      0.183856115      0.541578352    
  0.734210134      0.367666513      0.183931321      0.541029990    
  0.734515309      0.367820442      0.184005722      0.540486753    
  0.734817088      0.367972791      0.184079334      0.539948463    
  0.735115588      0.368123233      0.184152126      0.539415419    
  0.735410929      0.368272126      0.184224188      0.538887501    
  0.735702753      0.368419349      0.184295490      0.538364828    
  0.735991418      0.368564814      0.184365973      0.537847400    
  0.736276805      0.368708611      0.184435636      0.537335098    
  0.736558795      0.368850708      0.184504583      0.536828220    
  0.736837506      0.368991077      0.184572726      0.536326706    
  0.737112701      0.369129747      0.184640035      0.535830438    
  0.737384737      0.369266719      0.184706643      0.535339773    
  0.737653375      0.369401932      0.184772402      0.534854412    
  0.737918615      0.369535446      0.184837326      0.534374595    
  0.738180399      0.369667232      0.184901476      0.533900380    
  0.738438845      0.369797289      0.184964851      0.533431709    
  0.738693893      0.369925499      0.185027346      0.532968581    
  0.738945365      0.370052099      0.185089096      0.532511413    
  0.739193439      0.370176882      0.185149997      0.532059789    
  0.739437997      0.370299906      0.185210079      0.531614065    
  0.739679039      0.370421141      0.185269326      0.531174242    
  0.739916682      0.370540589      0.185327724      0.530740261    
  0.740150690      0.370658249      0.185385302      0.530312359    
  0.740381241      0.370774060      0.185441986      0.529890418    
  0.740607977      0.370888054      0.185497865      0.529474556    
  0.740831316      0.371000171      0.185552865      0.529065013    
  0.741050839      0.371110678      0.185607016      0.528661609    
  0.741266787      0.371219128      0.185660243      0.528264701    
  0.741479099      0.371325731      0.185712606      0.527873993    
  0.741687596      0.371430546      0.185764059      0.527489841    
  0.741892338      0.371533364      0.185814604      0.527112246    
  0.742093265      0.371634305      0.185864240      0.526741207    
  0.742290318      0.371733278      0.185912997      0.526376903    
  0.742483675      0.371830344      0.185960755      0.526019394    
  0.742672980      0.371925414      0.186007604      0.525668800    
  0.742858469      0.372018576      0.186053470      0.525325179    
  0.743039846      0.372109681      0.186098397      0.524988532    
  0.743217289      0.372198790      0.186142340      0.524659157    
  0.743390799      0.372285753      0.186185271      0.524336994    
  0.743560016      0.372370780      0.186227217      0.524022102    
  0.743725240      0.372453749      0.186268151      0.523714721    
  0.743886173      0.372534513      0.186308071      0.523414910    
  0.744042933      0.372613192      0.186346889      0.523122728    
  0.744195282      0.372689724      0.186384708      0.522838295    
  0.744343400      0.372763991      0.186421484      0.522561848    
  0.744487107      0.372836113      0.186457098      0.522293389    
  0.744626284      0.372906089      0.186491698      0.522033095    
  0.744760990      0.372973770      0.186525166      0.521780908    
  0.744891107      0.373039097      0.186557502      0.521537244    
  0.745016634      0.373102099      0.186588645      0.521301985    
  0.745137513      0.373162746      0.186618671      0.521075428    
  0.745253623      0.373221040      0.186647490      0.520857632    
  0.745364845      0.373276889      0.186675146      0.520648837    
  0.745471179      0.373330295      0.186701581      0.520449102    
  0.745572627      0.373381257      0.186726779      0.520258605    
  0.745668948      0.373429567      0.186750710      0.520077467    
  0.745760143      0.373475403      0.186773390      0.519905865    
  0.745846093      0.373518646      0.186794758      0.519743979    
  0.745926857      0.373559207      0.186814830      0.519591928    
  0.746002197      0.373597115      0.186833575      0.519449890    
  0.746072114      0.373632252      0.186850950      0.519318044    
  0.746136546      0.373664647      0.186866924      0.519196689    
  0.746195316      0.373694092      0.186881512      0.519085944    
  0.746248364      0.373720825      0.186894670      0.518985927    
  0.746295571      0.373744577      0.186906427      0.518896818    
  0.746336818      0.373765290      0.186916664      0.518818974    
  0.746372044      0.373783022      0.186925411      0.518752456    
  0.746401012      0.373797625      0.186932608      0.518697560    
  0.746423900      0.373809159      0.186938301      0.518654466    
  0.746440351      0.373817444      0.186942369      0.518623412    
  0.746450245      0.373822451      0.186944872      0.518604577    
  0.746453702      0.373824120      0.186945707      0.518598258    
