   1.57079995      0.785399973      0.392699987    
   1.55193830      0.776018977      0.387991369    
   1.53338921      0.766779244      0.383350700    
   1.51515174      0.757678807      0.378778368    
   1.49720848      0.748713970      0.374273628    
   1.47954488      0.739882350      0.369836599    
   1.46214545      0.731183052      0.365465373    
   1.44500673      0.722610593      0.361159980    
   1.42812276      0.714165926      0.356917799    
   1.41148317      0.705844223      0.352738827    
   1.39509702      0.697646022      0.348621339    
   1.37894881      0.689567506      0.344564617    
   1.36303961      0.681606472      0.340568006    
   1.34736037      0.673762858      0.336630106    
   1.33191276      0.666031659      0.332750082    
   1.31668770      0.658412635      0.328926831    
   1.30168319      0.650902987      0.325158834    
   1.28690052      0.643502772      0.321446359    
   1.27232862      0.636209249      0.317787349    
   1.25796604      0.629019380      0.314182222    
   1.24380898      0.621932745      0.310628831    
   1.22985601      0.614946127      0.307126582    
   1.21610260      0.608060181      0.303675115    
   1.20254302      0.601271570      0.300273001    
   1.18917739      0.594579697      0.296920002    
   1.17600083      0.587980866      0.293614894    
   1.16301036      0.581475139      0.290356964    
   1.15020478      0.575061917      0.287145495    
   1.13757718      0.568737388      0.283979625    
   1.12512767      0.562501788      0.280858934    
   1.11285114      0.556353986      0.277781814    
   1.10074747      0.550290644      0.274748653    
   1.08881104      0.544311762      0.271757841    
   1.07703888      0.538415432      0.268809617    
   1.06543112      0.532600999      0.265902251    
   1.05398464      0.526866138      0.263035744    
   1.04269266      0.521210372      0.260209203    
   1.03155601      0.515631735      0.257421941    
   1.02057314      0.510129750      0.254673660    
   1.00974011      0.504701674      0.251962990    
  0.999055147      0.499348104      0.249289721    
  0.988512695      0.494068027      0.246653646    
  0.978114963      0.488858521      0.244053885    
  0.967856944      0.483719826      0.241489679    
  0.957737565      0.478650004      0.238960922    
  0.947752178      0.473648340      0.236466035    
  0.937902510      0.468713611      0.234005541    
  0.928185105      0.463844746      0.231578350    
  0.918594718      0.459041864      0.229183599    
  0.909133792      0.454301506      0.226821989    
  0.899796903      0.449625373      0.224491745    
  0.890583575      0.445010632      0.222192958    
  0.881490707      0.440456301      0.219925001    
  0.872519851      0.435962856      0.217687264    
  0.863665044      0.431528240      0.215479523    
  0.854925990      0.427151531      0.213301629    
  0.846301615      0.422832370      0.211151913    
  0.837788761      0.418569773      0.209031254    
  0.829384983      0.414363414      0.206937864    
  0.821091831      0.410209537      0.204872787    
  0.812906802      0.406110913      0.202834249    
  0.804824531      0.402065128      0.200823128    
  0.796846926      0.398072243      0.198837578    
  0.788971901      0.394130111      0.196878165    
  0.781198204      0.390239149      0.194944307    
  0.773521423      0.386397362      0.193035513    
  0.765943527      0.382604599      0.191151336    
  0.758460999      0.378861278      0.189291537    
  0.751073122      0.375164896      0.187455416    
  0.743780494      0.371515930      0.185642973    
  0.736576021      0.367912829      0.183853909    
  0.729463935      0.364355505      0.182087660    
  0.722439468      0.360842943      0.180343449    
  0.715502977      0.357374817      0.178621396    
  0.708654463      0.353949517      0.176922038    
  0.701889515      0.350567877      0.175243035    
  0.695209026      0.347228110      0.173585415    
  0.688609838      0.343930870      0.171948999    
  0.682093680      0.340673745      0.170332506    
  0.675657928      0.337457180      0.168736413    
  0.669299841      0.334280729      0.167160362    
  0.663019001      0.331143439      0.165603489    
  0.656815886      0.328044474      0.164065912    
  0.650688767      0.324983776      0.162547827    
  0.644634366      0.321961135      0.161047801    
  0.638653934      0.318975210      0.159566373    
  0.632745624      0.316026270      0.158103183    
  0.626909316      0.313113123      0.156657621    
  0.621141374      0.310235351      0.155229628    
  0.615445375      0.307392806      0.153818890    
  0.609816611      0.304584116      0.152425453    
  0.604253829      0.301809639      0.151048750    
  0.598758876      0.299068630      0.149688333    
  0.593328476      0.296361506      0.148344457    
  0.587961614      0.293685853      0.147016615    
  0.582658947      0.291042477      0.145704433    
  0.577419758      0.288430214      0.144407898    
  0.572239697      0.285849422      0.143126830    
  0.567122996      0.283299863      0.141860738    
  0.562064707      0.280780047      0.140609756    
  0.557066679      0.278290302      0.139372885    
  0.552127302      0.275829941      0.138151020    
  0.547242641      0.273398966      0.136943221    
  0.542417228      0.270995796      0.135749474    
  0.537646115      0.268622011      0.134568959    
  0.532931089      0.266275704      0.133402899    
  0.528269768      0.263955623      0.132249847    
  0.523663342      0.261664331      0.131110504    
  0.519107759      0.259398609      0.129983753    
  0.514605820      0.257159412      0.128869772    
  0.510154784      0.254946262      0.127768517    
  0.505754471      0.252758354      0.126680166    
  0.501402736      0.250595659      0.125603601    
  0.497102380      0.248458728      0.124539189    
  0.492849648      0.246345207      0.123487018    
  0.488646120      0.244256347      0.122446150    
  0.484489381      0.242190942      0.121417314    
  0.480378419      0.240149811      0.120399632    
  0.476312786      0.238131627      0.119393155    
  0.472294122      0.236135930      0.118398249    
  0.468320340      0.234162927      0.117413647    
  0.464391023      0.232211813      0.116440177    
  0.460504115      0.230283707      0.115477309    
  0.456659704      0.228377029      0.114524603    
  0.452858418      0.226490214      0.113582715    
  0.449100673      0.224626109      0.112650529    
  0.445382178      0.222781390      0.111728534    
  0.441705525      0.220958024      0.110816807    
  0.438068241      0.219155192      0.109914824    
  0.434469730      0.217371345      0.109021880    
  0.430911720      0.215608105      0.108138472    
  0.427392572      0.213862687      0.107264690    
  0.423911899      0.212137789      0.106400020    
  0.420467675      0.210431293      0.105544262    
  0.417061925      0.208743706      0.104697712    
  0.413689226      0.207073331      0.103859611    
  0.410356790      0.205421716      0.103030406    
  0.407057524      0.203787938      0.102209650    
  0.403794587      0.202171296      0.101397894    
  0.400565594      0.200572118      0.100594483    
  0.397371620      0.198990449       9.97988507E-02
  0.394211531      0.197425634       9.90112275E-02
  0.391084790      0.195877954       9.82309282E-02
  0.387989461      0.194345996       9.74596143E-02
  0.384926558      0.192829236       9.66953710E-02
  0.381896943      0.191329807       9.59398225E-02
  0.378899723      0.189846650       9.51905698E-02
  0.375931293      0.188377023       9.44492817E-02
  0.372994304      0.186923727       9.37151760E-02
  0.370088428      0.185485020       9.29888338E-02
  0.367211312      0.184062332       9.22686681E-02
  0.364365280      0.182653263       9.15561616E-02
  0.361548781      0.181258842       9.08502415E-02
  0.358759224      0.179878771       9.01518837E-02
  0.355998486      0.178513750       8.94591585E-02
  0.353267789      0.177160963       8.87739956E-02
  0.350562245      0.175822973       8.80949199E-02
  0.347884685      0.174497247       8.74226540E-02
  0.345233858      0.173185527       8.67564753E-02
  0.342610538      0.171886951       8.60968903E-02
  0.340013772      0.170601383       8.54435340E-02
  0.337440699      0.169327721       8.47960785E-02
  0.334895760      0.168067291       8.41549411E-02
  0.332373768      0.166819513       8.35192427E-02
  0.329877377      0.165583223       8.28899071E-02
  0.327406645      0.164359197       8.22669193E-02
  0.324959338      0.163148120       8.16489011E-02
  0.322535664      0.161947876       8.10353905E-02
  0.320136845      0.160759598       8.04294348E-02
  0.317761213      0.159581482       7.98281059E-02
  0.315406889      0.158415958       7.92317837E-02
  0.313076079      0.157261208       7.86413401E-02
  0.310766757      0.156116888       7.80561045E-02
  0.308480829      0.154983625       7.74761066E-02
  0.306216985      0.153861329       7.69015849E-02
  0.303973913      0.152748600       7.63321221E-02
  0.301752716      0.151646867       7.57672265E-02
  0.299551994      0.150555313       7.52074644E-02
  0.297370344      0.149473861       7.46526197E-02
  0.295212001      0.148401394       7.41023049E-02
  0.293072701      0.147339717       7.35574514E-02
  0.290952176      0.146287337       7.30168819E-02
  0.288853496      0.145244315       7.24812225E-02
  0.286772877      0.144210711       7.19496608E-02
  0.284711242      0.143186212       7.14233890E-02
  0.282669932      0.142170891       7.09017515E-02
  0.280644625      0.141164899       7.03830868E-02
  0.278641462      0.140167966       6.98706508E-02
  0.276652336      0.139179245       6.93608597E-02
  0.274684578      0.138198495       6.88568428E-02
  0.272733420      0.137226924       6.83562681E-02
  0.270798802      0.136263132       6.78595081E-02
  0.268882334      0.135309085       6.73677251E-02
  0.266983837      0.134361699       6.68795779E-02
  0.265100300      0.133422568       6.63959980E-02
  0.263235241      0.132491574       6.59164935E-02
  0.261386007      0.131569520       6.54399022E-02
  0.259551227      0.130653888       6.49683103E-02
  0.257734358      0.129744604       6.45001754E-02
  0.255934060      0.128845647       6.40357658E-02
  0.254147053      0.127952397       6.35747388E-02
  0.252378404      0.127066791       6.31192550E-02
  0.250622898      0.126188233       6.26659840E-02
  0.248882324      0.125317827       6.22159913E-02
  0.247157916      0.124453329       6.17709719E-02
  0.245446086      0.123595223       6.13293871E-02
  0.243750289      0.122745082       6.08903356E-02
  0.242069080      0.121901266       6.04558662E-02
  0.240400344      0.121064298       6.00241162E-02
  0.238747790      0.120234422       5.95959872E-02
  0.237107649      0.119410202       5.91717847E-02
  0.235480756      0.118592814       5.87503649E-02
  0.233869687      0.117781557       5.83335757E-02
  0.232269764      0.116976410       5.79188764E-02
  0.230683789      0.116177060       5.75086027E-02
  0.229109898      0.115385197       5.71001209E-02
  0.227549851      0.114598125       5.66958115E-02
  0.226001605      0.113817073       5.62944040E-02
  0.224467382      0.113042377       5.58974221E-02
  0.222943664      0.112273157       5.55018224E-02
  0.221432060      0.111510180       5.51092178E-02
  0.219934568      0.110752203       5.47214001E-02
  0.218447477      0.109999903       5.43362908E-02
  0.216972098      0.109252952       5.39536066E-02
  0.215508178      0.108511902       5.35743795E-02
  0.214056462      0.107776105       5.31980246E-02
  0.212615877      0.107045308       5.28249852E-02
  0.211185962      0.106320187       5.24539500E-02
  0.209767506      0.105599955       5.20865805E-02
  0.208359882      0.104884751       5.17218448E-02
  0.206964284      0.104175150       5.13603389E-02
  0.205577984      0.103470147       5.10017350E-02
  0.204202384      0.102769725       5.06463908E-02
  0.202836856      0.102074444       5.02929837E-02
  0.201482102      0.101384401       4.99426387E-02
  0.200137481      0.100699455       4.95947748E-02
  0.198803619      0.100018300       4.92506959E-02
  0.197477028       9.93415415E-02   4.89077456E-02
  0.196161702       9.86708328E-02   4.85687107E-02
  0.194856554       9.80032757E-02   4.82321046E-02
  0.193558842       9.73406732E-02   4.78976034E-02
  0.192273915       9.66830030E-02   4.75666039E-02
  0.190996885       9.60301235E-02   4.72377092E-02
  0.189727589       9.53799039E-02   4.69109714E-02
  0.188468352       9.47350040E-02   4.65876348E-02
  0.187217087       9.40946862E-02   4.62657139E-02
  0.185976282       9.34583843E-02   4.59475406E-02
  0.184742704       9.28260088E-02   4.56315055E-02
  0.183517545       9.21974853E-02   4.53173891E-02
  0.182300657       9.15738046E-02   4.50058207E-02
  0.181093082       9.09533501E-02   4.46968004E-02
  0.179893851       9.03370008E-02   4.43908460E-02
  0.178700134       8.97248313E-02   4.40856367E-02
  0.177518308       8.91164914E-02   4.37841080E-02
  0.176340669       8.85112509E-02   4.34844792E-02
  0.175172687       8.79112110E-02   4.31870483E-02
  0.174010888       8.73129666E-02   4.28927019E-02
  0.172856718       8.67206082E-02   4.25988100E-02
  0.171711400       8.61308053E-02   4.23094034E-02
  0.170570120       8.55451301E-02   4.20185663E-02
  0.169440016       8.49624351E-02   4.17327732E-02
  0.168314248       8.43824297E-02   4.14484777E-02
  0.167195708       8.38065669E-02   4.11666296E-02
  0.166083738       8.32347274E-02   4.08855379E-02
  0.164979517       8.26662928E-02   4.06073965E-02
  0.163881347       8.20996389E-02   4.03321572E-02
  0.162788302       8.15374851E-02   4.00577299E-02
  0.161701158       8.09787065E-02   3.97838540E-02
  0.160622239       8.04223269E-02   3.95139083E-02
  0.159547344       7.98697770E-02   3.92445736E-02
  0.158478290       7.93198124E-02   3.89776640E-02
  0.157417744       7.87734240E-02   3.87137532E-02
  0.156359926       7.82296732E-02   3.84496823E-02
  0.155308545       7.76899457E-02   3.81875336E-02
  0.154262021       7.71512091E-02   3.79279964E-02
  0.153221667       7.66158998E-02   3.76695469E-02
  0.152184471       7.60826543E-02   3.74129042E-02
  0.151155367       7.55541101E-02   3.71577069E-02
  0.150128976       7.50266984E-02   3.69045697E-02
  0.149107277       7.45024383E-02   3.66524905E-02
  0.148091003       7.39806816E-02   3.64022180E-02
  0.147078276       7.34615624E-02   3.61524485E-02
  0.146069929       7.29445741E-02   3.59050110E-02
  0.145065904       7.24308267E-02   3.56580466E-02
  0.144066855       7.19187036E-02   3.54129188E-02
  0.143070251       7.14097619E-02   3.51686701E-02
  0.142077982       7.09010735E-02   3.49262059E-02
  0.141089976       7.03964159E-02   3.46849114E-02
  0.140104264       6.98928162E-02   3.44447270E-02
  0.139124393       6.93921074E-02   3.42057832E-02
  0.138145924       6.88931048E-02   3.39678004E-02
  0.137170568       6.83955178E-02   3.37310843E-02
  0.136197269       6.78998306E-02   3.34943831E-02
  0.135228723       6.74070641E-02   3.32593508E-02
  0.134261385       6.69149905E-02   3.30253951E-02
  0.133296713       6.64256439E-02   3.27913202E-02
  0.132334813       6.59368113E-02   3.25591937E-02
  0.131374955       6.54500574E-02   3.23266834E-02
  0.130418003       6.49642125E-02   3.20962146E-02
  0.129461899       6.44801930E-02   3.18660513E-02
  0.128508210       6.39978349E-02   3.16361338E-02
  0.127555758       6.35159016E-02   3.14072147E-02
  0.126603559       6.30348176E-02   3.11786756E-02
  0.125654265       6.25561923E-02   3.09503190E-02
  0.124705873       6.20772801E-02   3.07223592E-02
  0.123758569       6.15999885E-02   3.04961763E-02
  0.122811705       6.11235388E-02   3.02686915E-02
  0.121865787       6.06478788E-02   3.00419126E-02
  0.120919839       6.01722673E-02   2.98155900E-02
  0.119974375       5.96977957E-02   2.95887515E-02
  0.119029321       5.92234023E-02   2.93629095E-02
  0.118085377       5.87497540E-02   2.91370340E-02
  0.117138937       5.82760647E-02   2.89110560E-02
  0.116192982       5.78026623E-02   2.86852140E-02
  0.115246460       5.73295653E-02   2.84584705E-02
  0.114298537       5.68565205E-02   2.82317977E-02
  0.113350995       5.63829578E-02   2.80056782E-02
  0.112401851       5.59095740E-02   2.77786646E-02
  0.111450315       5.54350503E-02   2.75515337E-02
  0.110497288       5.49608916E-02   2.73229964E-02
  0.109543905       5.44860512E-02   2.70958375E-02
  0.108587801       5.40106855E-02   2.68672369E-02
  0.107630149       5.35344705E-02   2.66382452E-02
  0.106668673       5.30568659E-02   2.64084227E-02
  0.105704784       5.25789633E-02   2.61772331E-02
  0.104739800       5.20992912E-02   2.59464793E-02
  0.103769712       5.16185202E-02   2.57140808E-02
  0.102798052       5.11367172E-02   2.54815295E-02
  0.101821959       5.06528541E-02   2.52477918E-02
  0.100842424       5.01683913E-02   2.50126179E-02
   9.98585522E-02   4.96810973E-02   2.47763135E-02
   9.88705754E-02   4.91922870E-02   2.45392099E-02
   9.78785008E-02   4.87015173E-02   2.43006889E-02
   9.68819410E-02   4.82085757E-02   2.40611155E-02
   9.58794057E-02   4.77130637E-02   2.38196105E-02
   9.48722139E-02   4.72148210E-02   2.35774796E-02
   9.38599780E-02   4.67149913E-02   2.33328938E-02
   9.28411409E-02   4.62113135E-02   2.30874140E-02
   9.18168649E-02   4.57055531E-02   2.28396598E-02
   9.07858610E-02   4.51963618E-02   2.25902703E-02
   8.97485390E-02   4.46834601E-02   2.23392900E-02
   8.87049139E-02   4.41677533E-02   2.20865663E-02
   8.76540691E-02   4.36486192E-02   2.18316242E-02
   8.65946263E-02   4.31254879E-02   2.15740036E-02
   8.55283588E-02   4.25986201E-02   2.13150494E-02
   8.44535008E-02   4.20676917E-02   2.10532378E-02
   8.33703130E-02   4.15326245E-02   2.07892805E-02
   8.22788253E-02   4.09928896E-02   2.05232482E-02
   8.11773762E-02   4.04490158E-02   2.02538352E-02
   8.00672621E-02   3.99001613E-02   1.99823640E-02
   7.89479762E-02   3.93465534E-02   1.97085384E-02
   7.78177008E-02   3.87876295E-02   1.94314066E-02
   7.66777024E-02   3.82234789E-02   1.91519074E-02
   7.55259320E-02   3.76535840E-02   1.88688338E-02
   7.43638277E-02   3.70780863E-02   1.85833294E-02
   7.31897876E-02   3.64970416E-02   1.82941798E-02
   7.20034391E-02   3.59094329E-02   1.80019028E-02
   7.08052292E-02   3.53154503E-02   1.77061651E-02
   6.95944279E-02   3.47152054E-02   1.74073242E-02
   6.83696121E-02   3.41081247E-02   1.71042085E-02
   6.71323314E-02   3.34943570E-02   1.67980660E-02
   6.58802837E-02   3.28731313E-02   1.64878387E-02
   6.46142066E-02   3.22446078E-02   1.61739569E-02
   6.33333102E-02   3.16085257E-02   1.58558078E-02
   6.20361790E-02   3.09645645E-02   1.55331502E-02
   6.07235841E-02   3.03120688E-02   1.52071444E-02
   5.93951046E-02   2.96514817E-02   1.48767838E-02
   5.80493510E-02   2.89825294E-02   1.45412106E-02
   5.66857047E-02   2.83045191E-02   1.42011521E-02
   5.53043969E-02   2.76173204E-02   1.38567043E-02
   5.39049841E-02   2.69204676E-02   1.35073960E-02
   5.24865054E-02   2.62145493E-02   1.31526887E-02
   5.10492027E-02   2.54984498E-02   1.27934208E-02
   4.95912880E-02   2.47721132E-02   1.24289086E-02
   4.81119752E-02   2.40349285E-02   1.20587973E-02
   4.66115251E-02   2.32873317E-02   1.16828373E-02
   4.50893566E-02   2.25283317E-02   1.13014895E-02
   4.35449630E-02   2.17578020E-02   1.09147616E-02
   4.19765487E-02   2.09757965E-02   1.05213318E-02
   4.03843336E-02   2.01813560E-02   1.01220664E-02
   3.87679078E-02   1.93744451E-02   9.71672777E-03
   3.71257812E-02   1.85549278E-02   9.30444896E-03
   3.54573354E-02   1.77219436E-02   8.88586976E-03
   3.37629691E-02   1.68760698E-02   8.46038479E-03
   3.20402421E-02   1.60155538E-02   8.02818593E-03
   3.02898083E-02   1.51412450E-02   7.58876419E-03
   2.85091791E-02   1.42516661E-02   7.14182155E-03
   2.66986713E-02   1.33471480E-02   6.68728398E-03
   2.48575285E-02   1.24272099E-02   6.22532284E-03
   2.29844265E-02   1.14909634E-02   5.75531041E-03
   2.10783202E-02   1.05384123E-02   5.27718663E-03
   1.91388149E-02   9.56908427E-03   4.79078153E-03
   1.71648283E-02   8.58235545E-03   4.29555960E-03
   1.51546234E-02   7.57746166E-03   3.79192620E-03
   1.31081613E-02   6.55418215E-03   3.27922544E-03
   1.10241482E-02   5.51249972E-03   2.75724428E-03
   8.90096277E-03   4.45105974E-03   2.22547096E-03
   6.73842710E-03   3.36970971E-03   1.68435776E-03
   4.53474419E-03   2.26803566E-03   1.13296800E-03
   2.28903093E-03   1.14486495E-03   5.71853016E-04
   0.00000000       0.00000000       0.00000000    
