   1.00000000    
   1.00000453    
   1.00000870    
   1.00001001    
   1.00000918    
   1.00000703    
   1.00000465    
   1.00000215    
  0.999999821    
  0.999997497    
  0.999995232    
  0.999992907    
  0.999990761    
  0.999988794    
  0.999986649    
  0.999984562    
  0.999982476    
  0.999980688    
  0.999979079    
  0.999977171    
  0.999975622    
  0.999974549    
  0.999973059    
  0.999971747    
  0.999970496    
  0.999969900    
  0.999968886    
  0.999968171    
  0.999967575    
  0.999967098    
  0.999966621    
  0.999966502    
  0.999966621    
  0.999966562    
  0.999966323    
  0.999966860    
  0.999967217    
  0.999967515    
  0.999968410    
  0.999969184    
  0.999969840    
  0.999970913    
  0.999971867    
  0.999972939    
  0.999973953    
  0.999975443    
  0.999977112    
  0.999978423    
  0.999980092    
  0.999981821    
  0.999983788    
  0.999985754    
  0.999987602    
  0.999989688    
  0.999991894    
  0.999994040    
  0.999996185    
  0.999998689    
   1.00000083    
   1.00000370    
   1.00000608    
   1.00000846    
   1.00001109    
   1.00001407    
   1.00001657    
   1.00001955    
   1.00002265    
   1.00002539    
   1.00002837    
   1.00003147    
   1.00003481    
   1.00003767    
   1.00004065    
   1.00004435    
   1.00004733    
   1.00005043    
   1.00005436    
   1.00005734    
   1.00006056    
   1.00006413    
   1.00006771    
   1.00007093    
   1.00007474    
   1.00007844    
   1.00008214    
   1.00008559    
   1.00008941    
   1.00009286    
   1.00009668    
   1.00010061    
   1.00010431    
   1.00010800    
   1.00011194    
   1.00011587    
   1.00011945    
   1.00012386    
   1.00012743    
   1.00013149    
   1.00013542    
   1.00013936    
   1.00014365    
   1.00014758    
   1.00015175    
   1.00015581    
   1.00015926    
   1.00016356    
   1.00016785    
   1.00017214    
   1.00017619    
   1.00018036    
   1.00018442    
   1.00018835    
   1.00019252    
   1.00019634    
   1.00020051    
   1.00020504    
   1.00020933    
   1.00021315    
   1.00021732    
   1.00022173    
   1.00022578    
   1.00023031    
   1.00023377    
   1.00023818    
   1.00024247    
   1.00024676    
   1.00025105    
   1.00025511    
   1.00025904    
   1.00026345    
   1.00026762    
   1.00027180    
   1.00027597    
   1.00028014    
   1.00028408    
   1.00028813    
   1.00029218    
   1.00029671    
   1.00030053    
   1.00030446    
   1.00030899    
   1.00031281    
   1.00031662    
   1.00032043    
   1.00032473    
   1.00032854    
   1.00033283    
   1.00033665    
   1.00034082    
   1.00034499    
   1.00034845    
   1.00035214    
   1.00035667    
   1.00036025    
   1.00036407    
   1.00036812    
   1.00037193    
   1.00037515    
   1.00037932    
   1.00038338    
   1.00038719    
   1.00039124    
   1.00039411    
   1.00039864    
   1.00040162    
   1.00040555    
   1.00040925    
   1.00041282    
   1.00041664    
   1.00042033    
   1.00042367    
   1.00042748    
   1.00043106    
   1.00043440    
   1.00043821    
   1.00044107    
   1.00044477    
   1.00044847    
   1.00045180    
   1.00045514    
   1.00045872    
   1.00046206    
   1.00046515    
   1.00046873    
   1.00047171    
   1.00047493    
   1.00047851    
   1.00048161    
   1.00048447    
   1.00048804    
   1.00049138    
   1.00049448    
   1.00049782    
   1.00050092    
   1.00050390    
   1.00050700    
   1.00051022    
   1.00051332    
   1.00051641    
   1.00051939    
   1.00052261    
   1.00052524    
   1.00052857    
   1.00053120    
   1.00053453    
   1.00053716    
   1.00054002    
   1.00054276    
   1.00054574    
   1.00054860    
   1.00055146    
   1.00055432    
   1.00055730    
   1.00055981    
   1.00056267    
   1.00056553    
   1.00056839    
   1.00057077    
   1.00057375    
   1.00057614    
   1.00057924    
   1.00058126    
   1.00058413    
   1.00058687    
   1.00058961    
   1.00059211    
   1.00059462    
   1.00059736    
   1.00059986    
   1.00060225    
   1.00060463    
   1.00060725    
   1.00060987    
   1.00061238    
   1.00061464    
   1.00061691    
   1.00061941    
   1.00062203    
   1.00062406    
   1.00062656    
   1.00062907    
   1.00063133    
   1.00063396    
   1.00063622    
   1.00063837    
   1.00064063    
   1.00064278    
   1.00064528    
   1.00064754    
   1.00064945    
   1.00065172    
   1.00065422    
   1.00065637    
   1.00065851    
   1.00066090    
   1.00066292    
   1.00066495    
   1.00066733    
   1.00066936    
   1.00067139    
   1.00067341    
   1.00067556    
   1.00067770    
   1.00067973    
   1.00068176    
   1.00068378    
   1.00068593    
   1.00068796    
   1.00068974    
   1.00069165    
   1.00069392    
   1.00069571    
   1.00069761    
   1.00069964    
   1.00070143    
   1.00070345    
   1.00070524    
   1.00070691    
   1.00070906    
   1.00071096    
   1.00071275    
   1.00071478    
   1.00071609    
   1.00071824    
   1.00071979    
   1.00072193    
   1.00072372    
   1.00072539    
   1.00072706    
   1.00072896    
   1.00073063    
   1.00073242    
   1.00073409    
   1.00073564    
   1.00073743    
   1.00073886    
   1.00074065    
   1.00074232    
   1.00074410    
   1.00074565    
   1.00074708    
   1.00074852    
   1.00075030    
   1.00075173    
   1.00075352    
   1.00075483    
   1.00075662    
   1.00075793    
   1.00075960    
   1.00076103    
   1.00076234    
   1.00076413    
   1.00076532    
   1.00076652    
   1.00076807    
   1.00076938    
   1.00077081    
   1.00077236    
   1.00077367    
   1.00077498    
   1.00077629    
   1.00077772    
   1.00077891    
   1.00078011    
   1.00078130    
   1.00078261    
   1.00078356    
   1.00078487    
   1.00078583    
   1.00078750    
   1.00078869    
   1.00078964    
   1.00079060    
   1.00079179    
   1.00079286    
   1.00079393    
   1.00079513    
   1.00079608    
   1.00079739    
   1.00079811    
   1.00079942    
   1.00080037    
   1.00080132    
   1.00080228    
   1.00080335    
   1.00080419    
   1.00080514    
   1.00080597    
   1.00080681    
   1.00080764    
   1.00080860    
   1.00080943    
   1.00081038    
   1.00081086    
   1.00081182    
   1.00081253    
   1.00081336    
   1.00081420    
   1.00081503    
   1.00081563    
   1.00081635    
   1.00081682    
   1.00081766    
   1.00081813    
   1.00081897    
   1.00081944    
   1.00082004    
   1.00082088    
   1.00082123    
   1.00082195    
   1.00082254    
   1.00082302    
   1.00082338    
   1.00082397    
   1.00082445    
   1.00082493    
   1.00082529    
   1.00082564    
   1.00082600    
   1.00082648    
   1.00082684    
   1.00082719    
   1.00082755    
   1.00082803    
   1.00082827    
   1.00082850    
   1.00082862    
   1.00082898    
   1.00082910    
   1.00082922    
   1.00082946    
   1.00082970    
   1.00082994    
   1.00082994    
   1.00083005    
   1.00083017    
   1.00083017    
   1.00083029    
   1.00083041    
   1.00083029    
   1.00083041    
