   0.00000000       0.00000000       0.00000000    
   9.45317079E-05   0.00000000       0.00000000    
   3.78123776E-04   0.00000000       0.00000000    
   8.50776967E-04   0.00000000       0.00000000    
   1.51249371E-03   0.00000000       0.00000000    
   2.36327131E-03   0.00000000       0.00000000    
   3.40311043E-03   0.00000000       0.00000000    
   4.63200780E-03   0.00000000       0.00000000    
   6.04996458E-03   0.00000000       0.00000000    
   7.65698310E-03   0.00000000       0.00000000    
   9.45306290E-03   0.00000000       0.00000000    
   1.14381993E-02   0.00000000       0.00000000    
   1.36123998E-02   0.00000000       0.00000000    
   1.59756597E-02   0.00000000       0.00000000    
   1.85279809E-02   0.00000000       0.00000000    
   2.12693568E-02   0.00000000       0.00000000    
   2.41997950E-02   0.00000000       0.00000000    
   2.73192916E-02   0.00000000       0.00000000    
   3.06278449E-02   0.00000000       0.00000000    
   3.41254547E-02   0.00000000       0.00000000    
   3.78121249E-02   0.00000000       0.00000000    
   4.16878499E-02   0.00000000       0.00000000    
   4.57526185E-02   0.00000000       0.00000000    
   5.00064492E-02   0.00000000       0.00000000    
   5.44493236E-02   0.00000000       0.00000000    
   5.90812415E-02   0.00000000       0.00000000    
   6.39021993E-02   0.00000000       0.00000000    
   6.89122006E-02   0.00000000       0.00000000    
   7.41112158E-02   0.00000000       0.00000000    
   7.94992223E-02   0.00000000       0.00000000    
   8.50761682E-02   0.00000000       0.00000000    
   9.08418149E-02   0.00000000       0.00000000    
   9.67954695E-02   0.00000000       0.00000000    
  0.102935590       0.00000000       0.00000000    
  0.109259903       0.00000000       0.00000000    
  0.115766123       0.00000000       0.00000000    
  0.122450709       0.00000000       0.00000000    
  0.129311025       0.00000000       0.00000000    
  0.136343360       0.00000000       0.00000000    
  0.143544987       0.00000000       0.00000000    
  0.150912121       0.00000000       0.00000000    
  0.158441514       0.00000000       0.00000000    
  0.166130468       0.00000000       0.00000000    
  0.173975274       0.00000000       0.00000000    
  0.181972697       0.00000000       0.00000000    
  0.190119624       0.00000000       0.00000000    
  0.198413387       0.00000000       0.00000000    
  0.206850365       0.00000000       0.00000000    
  0.215427443       0.00000000       0.00000000    
  0.224141568       0.00000000       0.00000000    
  0.232989669       0.00000000       0.00000000    
  0.241968721       0.00000000       0.00000000    
  0.251075715       0.00000000       0.00000000    
  0.260307729       0.00000000       0.00000000    
  0.269661725       0.00000000       0.00000000    
  0.279134810       0.00000000       0.00000000    
  0.288724035       0.00000000       0.00000000    
  0.298426539       0.00000000       0.00000000    
  0.308239430       0.00000000       0.00000000    
  0.318159878       0.00000000       0.00000000    
  0.328184992       0.00000000       0.00000000    
  0.338312030       0.00000000       0.00000000    
  0.348538160       0.00000000       0.00000000    
  0.358860582       0.00000000       0.00000000    
  0.369276583       0.00000000       0.00000000    
  0.379783362       0.00000000       0.00000000    
  0.390378267       0.00000000       0.00000000    
  0.401058555       0.00000000       0.00000000    
  0.411821514       0.00000000       0.00000000    
  0.422664464       0.00000000       0.00000000    
  0.433584780       0.00000000       0.00000000    
  0.444579720       0.00000000       0.00000000    
  0.455646843       0.00000000       0.00000000    
  0.466783315       0.00000000       0.00000000    
  0.477986664       0.00000000       0.00000000    
  0.489254653       0.00000000       0.00000000    
  0.500584304       0.00000000       0.00000000    
  0.511973917       0.00000000       0.00000000    
  0.523420513       0.00000000       0.00000000    
  0.534921050       0.00000000       0.00000000    
  0.546473742       0.00000000       0.00000000    
  0.558075905       0.00000000       0.00000000    
  0.569724441       0.00000000       0.00000000    
  0.581417620       0.00000000       0.00000000    
  0.593152583       0.00000000       0.00000000    
  0.604926467       0.00000000       0.00000000    
  0.616737068       0.00000000       0.00000000    
  0.628581583       0.00000000       0.00000000    
  0.640457511       0.00000000       0.00000000    
  0.652362883       0.00000000       0.00000000    
  0.664294660       0.00000000       0.00000000    
  0.676251292       0.00000000       0.00000000    
  0.688229859       0.00000000       0.00000000    
  0.700227559       0.00000000       0.00000000    
  0.712242723       0.00000000       0.00000000    
  0.724272609       0.00000000       0.00000000    
  0.736314178       0.00000000       0.00000000    
  0.748365045       0.00000000       0.00000000    
  0.760423362       0.00000000       0.00000000    
  0.772486150       0.00000000       0.00000000    
  0.784550905       0.00000000       0.00000000    
  0.796615183       0.00000000       0.00000000    
  0.808676779       0.00000000       0.00000000    
  0.820733428       0.00000000       0.00000000    
  0.832782328       0.00000000       0.00000000    
  0.844821036       0.00000000       0.00000000    
  0.856847584       0.00000000       0.00000000    
  0.868859112       0.00000000       0.00000000    
  0.880853236       0.00000000       0.00000000    
  0.892827749       0.00000000       0.00000000    
  0.904779911       0.00000000       0.00000000    
  0.916707158       0.00000000       0.00000000    
  0.928607285       0.00000000       0.00000000    
  0.940477431       0.00000000       0.00000000    
  0.952315807       0.00000000       0.00000000    
  0.964119554       0.00000000       0.00000000    
  0.975885928       0.00000000       0.00000000    
  0.987613082       0.00000000       0.00000000    
  0.999298096       0.00000000       0.00000000    
   1.01093841       0.00000000       0.00000000    
   1.02253187       0.00000000       0.00000000    
   1.03407562       0.00000000       0.00000000    
   1.04556715       0.00000000       0.00000000    
   1.05700421       0.00000000       0.00000000    
   1.06838393       0.00000000       0.00000000    
   1.07970381       0.00000000       0.00000000    
   1.09096098       0.00000000       0.00000000    
   1.10215318       0.00000000       0.00000000    
   1.11327815       0.00000000       0.00000000    
   1.12433267       0.00000000       0.00000000    
   1.13531435       0.00000000       0.00000000    
   1.14622080       0.00000000       0.00000000    
   1.15704906       0.00000000       0.00000000    
   1.16779649       0.00000000       0.00000000    
   1.17846084       0.00000000       0.00000000    
   1.18903875       0.00000000       0.00000000    
   1.19952774       0.00000000       0.00000000    
   1.20992494       0.00000000       0.00000000    
   1.22022772       0.00000000       0.00000000    
   1.23043358       0.00000000       0.00000000    
   1.24053955       0.00000000       0.00000000    
   1.25054264       0.00000000       0.00000000    
   1.26044059       0.00000000       0.00000000    
   1.27023017       0.00000000       0.00000000    
   1.27990818       0.00000000       0.00000000    
   1.28947270       0.00000000       0.00000000    
   1.29891992       0.00000000       0.00000000    
   1.30824709       0.00000000       0.00000000    
   1.31745124       0.00000000       0.00000000    
   1.32652950       0.00000000       0.00000000    
   1.33547878       0.00000000       0.00000000    
   1.34429610       0.00000000       0.00000000    
   1.35297847       0.00000000       0.00000000    
   1.36152315       0.00000000       0.00000000    
   1.36992681       0.00000000       0.00000000    
   1.37818623       0.00000000       0.00000000    
   1.38629878       0.00000000       0.00000000    
   1.39426064       0.00000000       0.00000000    
   1.40206909       0.00000000       0.00000000    
   1.40972114       0.00000000       0.00000000    
   1.41721296       0.00000000       0.00000000    
   1.42454147       0.00000000       0.00000000    
   1.43170393       0.00000000       0.00000000    
   1.43869650       0.00000000       0.00000000    
   1.44551587       0.00000000       0.00000000    
   1.45215976       0.00000000       0.00000000    
   1.45862412       0.00000000       0.00000000    
   1.46490622       0.00000000       0.00000000    
   1.47100317       0.00000000       0.00000000    
   1.47691309       0.00000000       0.00000000    
   1.48263466       0.00000000       0.00000000    
   1.48816741       0.00000000       0.00000000    
   1.49351108       0.00000000       0.00000000    
   1.49866593       0.00000000       0.00000000    
   1.50363171       0.00000000       0.00000000    
   1.50840855       0.00000000       0.00000000    
   1.51299632       0.00000000       0.00000000    
   1.51739502       0.00000000       0.00000000    
   1.52160466       0.00000000       0.00000000    
   1.52562535       0.00000000       0.00000000    
   1.52945673       0.00000000       0.00000000    
   1.53309929       0.00000000       0.00000000    
   1.53655279       0.00000000       0.00000000    
   1.53981709       0.00000000       0.00000000    
   1.54289246       0.00000000       0.00000000    
   1.54577863       0.00000000       0.00000000    
   1.54847586       0.00000000       0.00000000    
   1.55098391       0.00000000       0.00000000    
   1.55330312       0.00000000       0.00000000    
   1.55543315       0.00000000       0.00000000    
   1.55737412       0.00000000       0.00000000    
   1.55912602       0.00000000       0.00000000    
   1.56068885       0.00000000       0.00000000    
   1.56206262       0.00000000       0.00000000    
   1.56324732       0.00000000       0.00000000    
   1.56424308       0.00000000       0.00000000    
   1.56504965       0.00000000       0.00000000    
   1.56566715       0.00000000       0.00000000    
   1.56609571       0.00000000       0.00000000    
   1.56633508       0.00000000       0.00000000    
   1.56638539       0.00000000       0.00000000    
