   0.00000000       0.00000000       0.00000000    
   0.00000000       0.00000000       1.37500092E-02
   0.00000000       0.00000000       2.74997875E-02
   0.00000000       0.00000000       4.12497893E-02
   0.00000000       0.00000000       5.49998470E-02
   0.00000000       0.00000000       6.87496662E-02
   0.00000000       0.00000000       8.24995637E-02
   0.00000000       0.00000000       9.62492153E-02
   0.00000000       0.00000000      0.109999090    
   0.00000000       0.00000000      0.123749003    
   0.00000000       0.00000000      0.137498826    
   0.00000000       0.00000000      0.151248589    
   0.00000000       0.00000000      0.164998606    
   0.00000000       0.00000000      0.178748310    
   0.00000000       0.00000000      0.192498073    
   0.00000000       0.00000000      0.206247881    
   0.00000000       0.00000000      0.219997644    
   0.00000000       0.00000000      0.233747274    
   0.00000000       0.00000000      0.247496858    
   0.00000000       0.00000000      0.261246383    
   0.00000000       0.00000000      0.274996072    
   0.00000000       0.00000000      0.288745254    
   0.00000000       0.00000000      0.302494556    
   0.00000000       0.00000000      0.316243708    
   0.00000000       0.00000000      0.329992592    
   0.00000000       0.00000000      0.343741268    
   0.00000000       0.00000000      0.357489377    
   0.00000000       0.00000000      0.371236861    
   0.00000000       0.00000000      0.384982884    
   0.00000000       0.00000000      0.398726791    
   0.00000000       0.00000000      0.412461311    
   0.00000000       0.00000000      0.426167399    
   0.00000000       0.00000000      0.439795703    
   0.00000000       0.00000000      0.453283012    
   0.00000000       0.00000000      0.466617495    
   0.00000000       0.00000000      0.479702920    
   0.00000000       0.00000000      0.492600381    
   0.00000000       0.00000000      0.505226672    
   0.00000000       0.00000000      0.517617643    
   0.00000000       0.00000000      0.529811859    
   0.00000000       0.00000000      0.541730464    
   0.00000000       0.00000000      0.553414285    
   0.00000000       0.00000000      0.564902961    
   0.00000000       0.00000000      0.576119900    
   0.00000000       0.00000000      0.587105751    
   0.00000000       0.00000000      0.597862005    
   0.00000000       0.00000000      0.608428359    
   0.00000000       0.00000000      0.618730605    
   0.00000000       0.00000000      0.628808141    
   0.00000000       0.00000000      0.638663054    
   0.00000000       0.00000000      0.648297071    
   0.00000000       0.00000000      0.657711923    
   0.00000000       0.00000000      0.666908860    
   0.00000000       0.00000000      0.675890028    
   0.00000000       0.00000000      0.684656680    
   0.00000000       0.00000000      0.693210244    
   0.00000000       0.00000000      0.701552868    
   0.00000000       0.00000000      0.709685624    
   0.00000000       0.00000000      0.717610121    
   0.00000000       0.00000000      0.725327671    
   0.00000000       0.00000000      0.732839942    
   0.00000000       0.00000000      0.740148127    
   0.00000000       0.00000000      0.747253597    
   0.00000000       0.00000000      0.754157960    
   0.00000000       0.00000000      0.760862112    
   0.00000000       0.00000000      0.767367423    
   0.00000000       0.00000000      0.773675084    
   0.00000000       0.00000000      0.779786348    
   0.00000000       0.00000000      0.785702169    
   0.00000000       0.00000000      0.791423976    
   0.00000000       0.00000000      0.796952605    
   0.00000000       0.00000000      0.802289128    
   0.00000000       0.00000000      0.807434559    
   0.00000000       0.00000000      0.812389851    
   0.00000000       0.00000000      0.817187369    
   0.00000000       0.00000000      0.821765065    
   0.00000000       0.00000000      0.826186419    
   0.00000000       0.00000000      0.830452204    
   0.00000000       0.00000000      0.834469914    
   0.00000000       0.00000000      0.838333309    
   0.00000000       0.00000000      0.842042983    
   0.00000000       0.00000000      0.845507562    
   0.00000000       0.00000000      0.848819375    
   0.00000000       0.00000000      0.851979315    
   0.00000000       0.00000000      0.854896426    
   0.00000000       0.00000000      0.857662618    
   0.00000000       0.00000000      0.860217690    
   0.00000000       0.00000000      0.862592518    
   0.00000000       0.00000000      0.864817321    
   0.00000000       0.00000000      0.866832793    
   0.00000000       0.00000000      0.868699074    
   0.00000000       0.00000000      0.870416284    
   0.00000000       0.00000000      0.871895492    
   0.00000000       0.00000000      0.873226166    
   0.00000000       0.00000000      0.874408603    
   0.00000000       0.00000000      0.875354111    
   0.00000000       0.00000000      0.876122057    
   0.00000000       0.00000000      0.876742303    
   0.00000000       0.00000000      0.877155662    
   0.00000000       0.00000000      0.877391815    
   0.00000000       0.00000000      0.877450824    
   0.00000000       0.00000000      0.877332747    
   0.00000000       0.00000000      0.877067089    
   0.00000000       0.00000000      0.876594663    
   0.00000000       0.00000000      0.875944972    
   0.00000000       0.00000000      0.875147462    
   0.00000000       0.00000000      0.874142766    
   0.00000000       0.00000000      0.872960329    
   0.00000000       0.00000000      0.871629596    
   0.00000000       0.00000000      0.870090902    
   0.00000000       0.00000000      0.868373692    
   0.00000000       0.00000000      0.866477728    
   0.00000000       0.00000000      0.864402413    
   0.00000000       0.00000000      0.862177372    
   0.00000000       0.00000000      0.859742582    
   0.00000000       0.00000000      0.857127309    
   0.00000000       0.00000000      0.854361236    
   0.00000000       0.00000000      0.851383448    
   0.00000000       0.00000000      0.848223686    
   0.00000000       0.00000000      0.844911695    
   0.00000000       0.00000000      0.841385961    
   0.00000000       0.00000000      0.837676406    
   0.00000000       0.00000000      0.833812952    
   0.00000000       0.00000000      0.829733431    
   0.00000000       0.00000000      0.825467587    
   0.00000000       0.00000000      0.821014881    
   0.00000000       0.00000000      0.816374421    
   0.00000000       0.00000000      0.811577022    
   0.00000000       0.00000000      0.806558549    
   0.00000000       0.00000000      0.801349580    
   0.00000000       0.00000000      0.795981228    
   0.00000000       0.00000000      0.790388346    
   0.00000000       0.00000000      0.784601986    
   0.00000000       0.00000000      0.778653443    
   0.00000000       0.00000000      0.772476912    
   0.00000000       0.00000000      0.766103566    
   0.00000000       0.00000000      0.759531975    
   0.00000000       0.00000000      0.752761245    
   0.00000000       0.00000000      0.745823622    
   0.00000000       0.00000000      0.738650680    
   0.00000000       0.00000000      0.731274724    
   0.00000000       0.00000000      0.723728538    
   0.00000000       0.00000000      0.715942085    
   0.00000000       0.00000000      0.707948446    
   0.00000000       0.00000000      0.699780941    
   0.00000000       0.00000000      0.691368282    
   0.00000000       0.00000000      0.682743669    
   0.00000000       0.00000000      0.673905730    
   0.00000000       0.00000000      0.664852977    
   0.00000000       0.00000000      0.655583680    
   0.00000000       0.00000000      0.646095932    
   0.00000000       0.00000000      0.636388361    
   0.00000000       0.00000000      0.626459301    
   0.00000000       0.00000000      0.616344035    
   0.00000000       0.00000000      0.605966568    
   0.00000000       0.00000000      0.595362544    
   0.00000000       0.00000000      0.584567964    
   0.00000000       0.00000000      0.573505282    
   0.00000000       0.00000000      0.562211156    
   0.00000000       0.00000000      0.550722599    
   0.00000000       0.00000000      0.538960695    
   0.00000000       0.00000000      0.526963472    
   0.00000000       0.00000000      0.514769197    
   0.00000000       0.00000000      0.502299607    
   0.00000000       0.00000000      0.489595592    
   0.00000000       0.00000000      0.476699144    
   0.00000000       0.00000000      0.463540852    
   0.00000000       0.00000000      0.450175792    
   0.00000000       0.00000000      0.436635882    
   0.00000000       0.00000000      0.422974229    
   0.00000000       0.00000000      0.409253716    
   0.00000000       0.00000000      0.395514727    
   0.00000000       0.00000000      0.381770402    
   0.00000000       0.00000000      0.368023843    
   0.00000000       0.00000000      0.354276240    
   0.00000000       0.00000000      0.340527952    
   0.00000000       0.00000000      0.326779246    
   0.00000000       0.00000000      0.313030303    
   0.00000000       0.00000000      0.299281150    
   0.00000000       0.00000000      0.285531849    
   0.00000000       0.00000000      0.271782428    
   0.00000000       0.00000000      0.258032918    
   0.00000000       0.00000000      0.244283319    
   0.00000000       0.00000000      0.230533674    
   0.00000000       0.00000000      0.216783985    
   0.00000000       0.00000000      0.203034282    
   0.00000000       0.00000000      0.189284489    
   0.00000000       0.00000000      0.175534710    
   0.00000000       0.00000000      0.161784872    
   0.00000000       0.00000000      0.148035049    
   0.00000000       0.00000000      0.134285167    
   0.00000000       0.00000000      0.120535314    
   0.00000000       0.00000000      0.106785417    
   0.00000000       0.00000000       9.30355266E-02
   0.00000000       0.00000000       7.92856142E-02
   0.00000000       0.00000000       6.55357093E-02
   0.00000000       0.00000000       5.17858155E-02
   0.00000000       0.00000000       3.80358994E-02
   0.00000000       0.00000000       2.42859758E-02
   0.00000000       0.00000000       1.05360523E-02
   0.00000000       3.05556995E-03  -9.22215171E-04
