   0.00000000       0.00000000       0.00000000       1.00000000    
   0.00000000       0.00000000       4.72658539E-05   1.00000000    
   0.00000000       0.00000000       1.89061888E-04   1.00000000    
   0.00000000       0.00000000       4.25388484E-04  0.999999940    
   0.00000000       0.00000000       7.56246736E-04  0.999999762    
   0.00000000       0.00000000       1.18163542E-03  0.999999344    
   0.00000000       0.00000000       1.70155428E-03  0.999998569    
   0.00000000       0.00000000       2.31600180E-03  0.999997318    
   0.00000000       0.00000000       3.02497786E-03  0.999995410    
   0.00000000       0.00000000       3.82848224E-03  0.999992669    
   0.00000000       0.00000000       4.72651329E-03  0.999988854    
   0.00000000       0.00000000       5.71906893E-03  0.999983668    
   0.00000000       0.00000000       6.80614728E-03  0.999976873    
   0.00000000       0.00000000       7.98774511E-03  0.999968112    
   0.00000000       0.00000000       9.26385727E-03  0.999957085    
   0.00000000       0.00000000       1.06344782E-02  0.999943435    
   0.00000000       0.00000000       1.20996023E-02  0.999926805    
   0.00000000       0.00000000       1.36592211E-02  0.999906719    
   0.00000000       0.00000000       1.53133245E-02  0.999882758    
   0.00000000       0.00000000       1.70619003E-02  0.999854445    
   0.00000000       0.00000000       1.89049356E-02  0.999821305    
   0.00000000       0.00000000       2.08424143E-02  0.999782801    
   0.00000000       0.00000000       2.28743143E-02  0.999738395    
   0.00000000       0.00000000       2.50006169E-02  0.999687493    
   0.00000000       0.00000000       2.72212960E-02  0.999629498    
   0.00000000       0.00000000       2.95363236E-02  0.999563754    
   0.00000000       0.00000000       3.19456644E-02  0.999489665    
   0.00000000       0.00000000       3.44492793E-02  0.999406517    
   0.00000000       0.00000000       3.70471254E-02  0.999313593    
   0.00000000       0.00000000       3.97391394E-02  0.999210179    
   0.00000000       0.00000000       4.25252505E-02  0.999095500    
   0.00000000       0.00000000       4.54052873E-02  0.998968780    
   0.00000000       0.00000000       4.83788364E-02  0.998829186    
   0.00000000       0.00000000       5.14450707E-02  0.998675942    
   0.00000000       0.00000000       5.46027794E-02  0.998508275    
   0.00000000       0.00000000       5.78507371E-02  0.998325348    
   0.00000000       0.00000000       6.11871034E-02  0.998126447    
   0.00000000       0.00000000       6.46104738E-02  0.997910678    
   0.00000000       0.00000000       6.81188852E-02  0.997677326    
   0.00000000       0.00000000       7.17108846E-02  0.997425556    
   0.00000000       0.00000000       7.53844678E-02  0.997154653    
   0.00000000       0.00000000       7.91379064E-02  0.996863782    
   0.00000000       0.00000000       8.29697400E-02  0.996552169    
   0.00000000       0.00000000       8.68779644E-02  0.996219039    
   0.00000000       0.00000000       9.08608586E-02  0.995863676    
   0.00000000       0.00000000       9.49167013E-02  0.995485306    
   0.00000000       0.00000000       9.90440324E-02  0.995083153    
   0.00000000       0.00000000      0.103240885      0.994656503    
   0.00000000       0.00000000      0.107505545      0.994204581    
   0.00000000       0.00000000      0.111836322      0.993726730    
   0.00000000       0.00000000      0.116231509      0.993222237    
   0.00000000       0.00000000      0.120689422      0.992690384    
   0.00000000       0.00000000      0.125208378      0.992130518    
   0.00000000       0.00000000      0.129786700      0.991541982    
   0.00000000       0.00000000      0.134422705      0.990924120    
   0.00000000       0.00000000      0.139114723      0.990276337    
   0.00000000       0.00000000      0.143861100      0.989597976    
   0.00000000       0.00000000      0.148660183      0.988888443    
   0.00000000       0.00000000      0.153510302      0.988147140    
   0.00000000       0.00000000      0.158409819      0.987373531    
   0.00000000       0.00000000      0.163357079      0.986567080    
   0.00000000       0.00000000      0.168350458      0.985727251    
   0.00000000       0.00000000      0.173388317      0.984853566    
   0.00000000       0.00000000      0.178469032      0.983945549    
   0.00000000       0.00000000      0.183590978      0.983002722    
   0.00000000       0.00000000      0.188752532      0.982024670    
   0.00000000       0.00000000      0.193952084      0.981010973    
   0.00000000       0.00000000      0.199188024      0.979961276    
   0.00000000       0.00000000      0.204458758      0.978875160    
   0.00000000       0.00000000      0.209762678      0.977752328    
   0.00000000       0.00000000      0.215098202      0.976592422    
   0.00000000       0.00000000      0.220463738      0.975395143    
   0.00000000       0.00000000      0.225857720      0.974160254    
   0.00000000       0.00000000      0.231278569      0.972887516    
   0.00000000       0.00000000      0.236724705      0.971576691    
   0.00000000       0.00000000      0.242194787      0.970227599    
   0.00000000       0.00000000      0.247687042      0.968840063    
   0.00000000       0.00000000      0.253200352      0.967413843    
   0.00000000       0.00000000      0.258732945      0.965948880    
   0.00000000       0.00000000      0.264283091      0.964445114    
   0.00000000       0.00000000      0.269849658      0.962902427    
   0.00000000       0.00000000      0.275430948      0.961320817    
   0.00000000       0.00000000      0.281025231      0.959700346    
   0.00000000       0.00000000      0.286631376      0.958040893    
   0.00000000       0.00000000      0.292247713      0.956342578    
   0.00000000       0.00000000      0.297872543      0.954605579    
   0.00000000       0.00000000      0.303504556      0.952829897    
   0.00000000       0.00000000      0.309142113      0.951015770    
   0.00000000       0.00000000      0.314783722      0.949163318    
   0.00000000       0.00000000      0.320428163      0.947272718    
   0.00000000       0.00000000      0.326073766      0.945344210    
   0.00000000       0.00000000      0.331719458      0.943377972    
   0.00000000       0.00000000      0.337363660      0.941374302    
   0.00000000       0.00000000      0.343004733      0.939333558    
   0.00000000       0.00000000      0.348641634      0.937255979    
   0.00000000       0.00000000      0.354272813      0.935141981    
   0.00000000       0.00000000      0.359896660      0.932992041    
   0.00000000       0.00000000      0.365511805      0.930806577    
   0.00000000       0.00000000      0.371117085      0.928585947    
   0.00000000       0.00000000      0.376710951      0.926330745    
   0.00000000       0.00000000      0.382292032      0.924041450    
   0.00000000       0.00000000      0.387859017      0.921718597    
   0.00000000       0.00000000      0.393410593      0.919362783    
   0.00000000       0.00000000      0.398945630      0.916974485    
   0.00000000       0.00000000      0.404462636      0.914554417    
   0.00000000       0.00000000      0.409960330      0.912103236    
   0.00000000       0.00000000      0.415437609      0.909621537    
   0.00000000       0.00000000      0.420893073      0.907110095    
   0.00000000       0.00000000      0.426325440      0.904569685    
   0.00000000       0.00000000      0.431733668      0.902000964    
   0.00000000       0.00000000      0.437116355      0.899404824    
   0.00000000       0.00000000      0.442472279      0.896782041    
   0.00000000       0.00000000      0.447800279      0.894133449    
   0.00000000       0.00000000      0.453099161      0.891459942    
   0.00000000       0.00000000      0.458367914      0.888762355    
   0.00000000       0.00000000      0.463605225      0.886041701    
   0.00000000       0.00000000      0.468809962      0.883298874    
   0.00000000       0.00000000      0.473981172      0.880534768    
   0.00000000       0.00000000      0.479117572      0.877750516    
   0.00000000       0.00000000      0.484218061      0.874947131    
   0.00000000       0.00000000      0.489281744      0.872125566    
   0.00000000       0.00000000      0.494307369      0.869286954    
   0.00000000       0.00000000      0.499293894      0.866432428    
   0.00000000       0.00000000      0.504240453      0.863563061    
   0.00000000       0.00000000      0.509145796      0.860680044    
   0.00000000       0.00000000      0.514008999      0.857784569    
   0.00000000       0.00000000      0.518828988      0.854877830    
   0.00000000       0.00000000      0.523604810      0.851961076    
   0.00000000       0.00000000      0.528335690      0.849035382    
   0.00000000       0.00000000      0.533020437      0.846102178    
   0.00000000       0.00000000      0.537658155      0.843162715    
   0.00000000       0.00000000      0.542248130      0.840218186    
   0.00000000       0.00000000      0.546789229      0.837270081    
   0.00000000       0.00000000      0.551280558      0.834319711    
   0.00000000       0.00000000      0.555721402      0.831368387    
   0.00000000       0.00000000      0.560110688      0.828417599    
   0.00000000       0.00000000      0.564447582      0.825468719    
   0.00000000       0.00000000      0.568731248      0.822523236    
   0.00000000       0.00000000      0.572960794      0.819582582    
   0.00000000       0.00000000      0.577135623      0.816648126    
   0.00000000       0.00000000      0.581254721      0.813721478    
   0.00000000       0.00000000      0.585317314      0.810804129    
   0.00000000       0.00000000      0.589322805      0.807897508    
   0.00000000       0.00000000      0.593270183      0.805003285    
   0.00000000       0.00000000      0.597158670      0.802123010    
   0.00000000       0.00000000      0.600987732      0.799258113    
   0.00000000       0.00000000      0.604756415      0.796410382    
   0.00000000       0.00000000      0.608463943      0.793581367    
   0.00000000       0.00000000      0.612109661      0.790772736    
   0.00000000       0.00000000      0.615692735      0.787986159    
   0.00000000       0.00000000      0.619212508      0.785223246    
   0.00000000       0.00000000      0.622668266      0.782485723    
   0.00000000       0.00000000      0.626059294      0.779775262    
   0.00000000       0.00000000      0.629385054      0.777093410    
   0.00000000       0.00000000      0.632644713      0.774442017    
   0.00000000       0.00000000      0.635837495      0.771822810    
   0.00000000       0.00000000      0.638962984      0.769237339    
   0.00000000       0.00000000      0.642020226      0.766687512    
   0.00000000       0.00000000      0.645008624      0.764175117    
   0.00000000       0.00000000      0.647927642      0.761701763    
   0.00000000       0.00000000      0.650776386      0.759269357    
   0.00000000       0.00000000      0.653554142      0.756879687    
   0.00000000       0.00000000      0.656260490      0.754534304    
   0.00000000       0.00000000      0.658894539      0.752235234    
   0.00000000       0.00000000      0.661455631      0.749984205    
   0.00000000       0.00000000      0.663943350      0.747782767    
   0.00000000       0.00000000      0.666356862      0.745632887    
   0.00000000       0.00000000      0.668695629      0.743536174    
   0.00000000       0.00000000      0.670959175      0.741494238    
   0.00000000       0.00000000      0.673147321      0.739508331    
   0.00000000       0.00000000      0.675260127      0.737579584    
   0.00000000       0.00000000      0.677297950      0.735708714    
   0.00000000       0.00000000      0.679261267      0.733896375    
   0.00000000       0.00000000      0.681150556      0.732143223    
   0.00000000       0.00000000      0.682966292      0.730449736    
   0.00000000       0.00000000      0.684708953      0.728816450    
   0.00000000       0.00000000      0.686378956      0.727243900    
   0.00000000       0.00000000      0.687976778      0.725732565    
   0.00000000       0.00000000      0.689502776      0.724282861    
   0.00000000       0.00000000      0.690957427      0.722895265    
   0.00000000       0.00000000      0.692341030      0.721570253    
   0.00000000       0.00000000      0.693654060      0.720308125    
   0.00000000       0.00000000      0.694896817      0.719109297    
   0.00000000       0.00000000      0.696069598      0.717974126    
   0.00000000       0.00000000      0.697172761      0.716902971    
   0.00000000       0.00000000      0.698206604      0.715896130    
   0.00000000       0.00000000      0.699171424      0.714953899    
   0.00000000       0.00000000      0.700067461      0.714076519    
   0.00000000       0.00000000      0.700895011      0.713264287    
   0.00000000       0.00000000      0.701654255      0.712517440    
   0.00000000       0.00000000      0.702345431      0.711836159    
   0.00000000       0.00000000      0.702968717      0.711220682    
   0.00000000       0.00000000      0.703524232      0.710671127    
   0.00000000       0.00000000      0.704012215      0.710187733    
   0.00000000       0.00000000      0.704432786      0.709770560    
   0.00000000       0.00000000      0.704786062      0.709419787    
   0.00000000       0.00000000      0.705072105      0.709135473    
   0.00000000       0.00000000      0.705291033      0.708917737    
   0.00000000       0.00000000      0.705442905      0.708766639    
   0.00000000       0.00000000      0.705527723      0.708682179    
   0.00000000       0.00000000      0.705545545      0.708664417    
