   0.00000000       0.00000000       1.00000477    
   0.00000000       0.00000000      0.999980927    
   0.00000000       0.00000000      0.999998510    
   0.00000000       0.00000000       1.00000823    
   0.00000000       0.00000000      0.999984920    
   0.00000000       0.00000000      0.999996901    
   0.00000000       0.00000000      0.999971390    
   0.00000000       0.00000000      0.999990404    
   0.00000000       0.00000000      0.999994218    
   0.00000000       0.00000000      0.999988735    
   0.00000000       0.00000000      0.999978483    
   0.00000000       0.00000000       1.00000656    
   0.00000000       0.00000000      0.999977350    
   0.00000000       0.00000000      0.999981701    
   0.00000000       0.00000000      0.999986053    
   0.00000000       0.00000000      0.999984920    
   0.00000000       0.00000000      0.999973059    
   0.00000000       0.00000000      0.999969840    
   0.00000000       0.00000000      0.999966562    
   0.00000000       0.00000000      0.999979556    
   0.00000000       0.00000000      0.999938369    
   0.00000000       0.00000000      0.999949217    
   0.00000000       0.00000000      0.999940515    
   0.00000000       0.00000000      0.999921024    
   0.00000000       0.00000000      0.999903679    
   0.00000000       0.00000000      0.999871194    
   0.00000000       0.00000000      0.999816954    
   0.00000000       0.00000000      0.999741137    
   0.00000000       0.00000000      0.999556899    
   0.00000000       0.00000000      0.999125540    
   0.00000000       0.00000000      0.997617006    
   0.00000000       0.00000000      0.992755473    
   0.00000000       0.00000000      0.983119011    
   0.00000000       0.00000000      0.969780564    
   0.00000000       0.00000000      0.954400420    
   0.00000000       0.00000000      0.937997222    
   0.00000000       0.00000000      0.921125829    
   0.00000000       0.00000000      0.904022574    
   0.00000000       0.00000000      0.886856437    
   0.00000000       0.00000000      0.869655609    
   0.00000000       0.00000000      0.852576196    
   0.00000000       0.00000000      0.835518420    
   0.00000000       0.00000000      0.818581998    
   0.00000000       0.00000000      0.801758349    
   0.00000000       0.00000000      0.785038710    
   0.00000000       0.00000000      0.768440425    
   0.00000000       0.00000000      0.751980841    
   0.00000000       0.00000000      0.735612333    
   0.00000000       0.00000000      0.719404221    
   0.00000000       0.00000000      0.703317463    
   0.00000000       0.00000000      0.687360764    
   0.00000000       0.00000000      0.671486437    
   0.00000000       0.00000000      0.655776799    
   0.00000000       0.00000000      0.640162528    
   0.00000000       0.00000000      0.624634981    
   0.00000000       0.00000000      0.609280825    
   0.00000000       0.00000000      0.594000399    
   0.00000000       0.00000000      0.578836977    
   0.00000000       0.00000000      0.563768923    
   0.00000000       0.00000000      0.548822224    
   0.00000000       0.00000000      0.533966601    
   0.00000000       0.00000000      0.519201994    
   0.00000000       0.00000000      0.504563093    
   0.00000000       0.00000000      0.489984870    
   0.00000000       0.00000000      0.475510687    
   0.00000000       0.00000000      0.461123198    
   0.00000000       0.00000000      0.446826756    
   0.00000000       0.00000000      0.432595342    
   0.00000000       0.00000000      0.418476611    
   0.00000000       0.00000000      0.404414266    
   0.00000000       0.00000000      0.390429944    
   0.00000000       0.00000000      0.376519293    
   0.00000000       0.00000000      0.362678021    
   0.00000000       0.00000000      0.348910421    
   0.00000000       0.00000000      0.335199177    
   0.00000000       0.00000000      0.321552962    
   0.00000000       0.00000000      0.307976127    
   0.00000000       0.00000000      0.294442624    
   0.00000000       0.00000000      0.280974120    
   0.00000000       0.00000000      0.267557651    
   0.00000000       0.00000000      0.254193217    
   0.00000000       0.00000000      0.240859121    
   0.00000000       0.00000000      0.227603048    
   0.00000000       0.00000000      0.214351311    
   0.00000000       0.00000000      0.201177597    
   0.00000000       0.00000000      0.188008219    
   0.00000000       0.00000000      0.174895197    
   0.00000000       0.00000000      0.161803856    
   0.00000000       0.00000000      0.148751512    
   0.00000000       0.00000000      0.135729536    
   0.00000000       0.00000000      0.122720547    
   0.00000000       0.00000000      0.109737568    
   0.00000000       0.00000000       9.67762694E-02
   0.00000000       0.00000000       8.38409737E-02
   0.00000000       0.00000000       7.09143579E-02
   0.00000000       0.00000000       5.80007397E-02
   0.00000000       0.00000000       4.51087952E-02
   0.00000000       0.00000000       3.22081819E-02
   0.00000000       0.00000000       1.93249099E-02
   0.00000000       0.00000000       6.43730164E-03
   0.00000000       0.00000000      -6.44163648E-03
   0.00000000       0.00000000      -1.93205755E-02
   0.00000000       0.00000000      -3.22125182E-02
   0.00000000       0.00000000      -4.51001264E-02
   0.00000000       0.00000000      -5.80007397E-02
   0.00000000       0.00000000      -7.09143579E-02
   0.00000000       0.00000000      -8.38409737E-02
   0.00000000       0.00000000      -9.67806056E-02
   0.00000000       0.00000000     -0.109741904    
   0.00000000       0.00000000     -0.122720547    
   0.00000000       0.00000000     -0.135716528    
   0.00000000       0.00000000     -0.148755848    
   0.00000000       0.00000000     -0.161821187    
   0.00000000       0.00000000     -0.174890861    
   0.00000000       0.00000000     -0.188008219    
   0.00000000       0.00000000     -0.201168925    
   0.00000000       0.00000000     -0.214364305    
   0.00000000       0.00000000     -0.227585703    
   0.00000000       0.00000000     -0.240872130    
   0.00000000       0.00000000     -0.254188895    
   0.00000000       0.00000000     -0.267549008    
   0.00000000       0.00000000     -0.280978471    
   0.00000000       0.00000000     -0.294433951    
   0.00000000       0.00000000     -0.307980448    
   0.00000000       0.00000000     -0.321557313    
   0.00000000       0.00000000     -0.335207850    
   0.00000000       0.00000000     -0.348901749    
   0.00000000       0.00000000     -0.362673670    
   0.00000000       0.00000000     -0.376514941    
   0.00000000       0.00000000     -0.390425593    
   0.00000000       0.00000000     -0.404414266    
   0.00000000       0.00000000     -0.418467969    
   0.00000000       0.00000000     -0.432621360    
   0.00000000       0.00000000     -0.446818084    
   0.00000000       0.00000000     -0.461114526    
   0.00000000       0.00000000     -0.475523680    
   0.00000000       0.00000000     -0.489989191    
   0.00000000       0.00000000     -0.504554391    
   0.00000000       0.00000000     -0.519210637    
   0.00000000       0.00000000     -0.533957899    
   0.00000000       0.00000000     -0.548813581    
   0.00000000       0.00000000     -0.563781917    
   0.00000000       0.00000000     -0.578823984    
   0.00000000       0.00000000     -0.594000399    
   0.00000000       0.00000000     -0.609263480    
   0.00000000       0.00000000     -0.624661028    
   0.00000000       0.00000000     -0.640158236    
   0.00000000       0.00000000     -0.655763805    
   0.00000000       0.00000000     -0.671486437    
   0.00000000       0.00000000     -0.687356412    
   0.00000000       0.00000000     -0.703326166    
   0.00000000       0.00000000     -0.719408572    
   0.00000000       0.00000000     -0.735638380    
   0.00000000       0.00000000     -0.751980841    
   0.00000000       0.00000000     -0.768436074    
   0.00000000       0.00000000     -0.785043001    
   0.00000000       0.00000000     -0.801758349    
   0.00000000       0.00000000     -0.818564653    
   0.00000000       0.00000000     -0.835518420    
   0.00000000       0.00000000     -0.852558851    
   0.00000000       0.00000000     -0.869659960    
   0.00000000       0.00000000     -0.886860788    
   0.00000000       0.00000000     -0.904031217    
   0.00000000       0.00000000     -0.921112835    
   0.00000000       0.00000000     -0.938005865    
   0.00000000       0.00000000     -0.954402566    
   0.00000000       0.00000000     -0.969782770    
   0.00000000       0.00000000     -0.983110368    
   0.00000000       0.00000000     -0.992768466    
   0.00000000       0.00000000     -0.997601867    
   0.00000000       0.00000000     -0.999127746    
   0.00000000       0.00000000     -0.999556899    
   0.00000000       0.00000000     -0.999736786    
   0.00000000       0.00000000     -0.999816954    
   0.00000000       0.00000000     -0.999871194    
   0.00000000       0.00000000     -0.999901533    
   0.00000000       0.00000000     -0.999921024    
   0.00000000       0.00000000     -0.999940515    
   0.00000000       0.00000000     -0.999947011    
   0.00000000       0.00000000     -0.999955714    
   0.00000000       0.00000000     -0.999966562    
   0.00000000       0.00000000     -0.999969840    
   0.00000000       0.00000000     -0.999973059    
   0.00000000       0.00000000     -0.999978483    
   0.00000000       0.00000000     -0.999977350    
   0.00000000       0.00000000     -0.999984920    
   0.00000000       0.00000000     -0.999982834    
   0.00000000       0.00000000     -0.999988198    
   0.00000000       0.00000000     -0.999986053    
   0.00000000       0.00000000     -0.999991477    
   0.00000000       0.00000000     -0.999988735    
   0.00000000       0.00000000     -0.999992549    
   0.00000000       0.00000000     -0.999991477    
   0.00000000       0.00000000     -0.999993563    
   0.00000000       0.00000000     -0.999993563    
   0.00000000       0.00000000     -0.999991775    
   0.00000000       0.00000000     -0.999993920    
   0.00000000       0.00000000     -0.999994457    
   0.00000000       0.00000000     -0.999994457    
   0.00000000       0.00000000     -0.999994218    
