   0.00000000       0.00000000       0.00000000    
   9.46963846E-05   0.00000000       0.00000000    
   3.78364872E-04   0.00000000       0.00000000    
   8.51137564E-04   0.00000000       0.00000000    
   1.51296624E-03   0.00000000       0.00000000    
   2.36363453E-03   0.00000000       0.00000000    
   3.40381777E-03   0.00000000       0.00000000    
   4.63290419E-03   0.00000000       0.00000000    
   6.05045306E-03   0.00000000       0.00000000    
   7.65771419E-03   0.00000000       0.00000000    
   9.45341866E-03   0.00000000       0.00000000    
   1.14388075E-02   0.00000000       0.00000000    
   1.36128748E-02   0.00000000       0.00000000    
   1.59766302E-02   0.00000000       0.00000000    
   1.85291208E-02   0.00000000       0.00000000    
   2.12696735E-02   0.00000000       0.00000000    
   2.42005959E-02   0.00000000       0.00000000    
   2.73197610E-02   0.00000000       0.00000000    
   3.06287762E-02   0.00000000       0.00000000    
   3.41265611E-02   0.00000000       0.00000000    
   3.78132612E-02   0.00000000       0.00000000    
   4.16889228E-02   0.00000000       0.00000000    
   4.57536578E-02   0.00000000       0.00000000    
   5.00079021E-02   0.00000000       0.00000000    
   5.44500239E-02   0.00000000       0.00000000    
   5.90823740E-02   0.00000000       0.00000000    
   6.39033467E-02   0.00000000       0.00000000    
   6.89131841E-02   0.00000000       0.00000000    
   7.41123781E-02   0.00000000       0.00000000    
   7.95001835E-02   0.00000000       0.00000000    
   8.50778148E-02   0.00000000       0.00000000    
   9.08428729E-02   0.00000000       0.00000000    
   9.67975035E-02   0.00000000       0.00000000    
  0.102937363       0.00000000       0.00000000    
  0.109263025       0.00000000       0.00000000    
  0.115770340       0.00000000       0.00000000    
  0.122456536       0.00000000       0.00000000    
  0.129318520       0.00000000       0.00000000    
  0.136352271       0.00000000       0.00000000    
  0.143556073       0.00000000       0.00000000    
  0.150925547       0.00000000       0.00000000    
  0.158457801       0.00000000       0.00000000    
  0.166149691       0.00000000       0.00000000    
  0.173998103       0.00000000       0.00000000    
  0.181999370       0.00000000       0.00000000    
  0.190151274       0.00000000       0.00000000    
  0.198449641       0.00000000       0.00000000    
  0.206891537       0.00000000       0.00000000    
  0.215474099       0.00000000       0.00000000    
  0.224194705       0.00000000       0.00000000    
  0.233049423       0.00000000       0.00000000    
  0.242035583       0.00000000       0.00000000    
  0.251150161       0.00000000       0.00000000    
  0.260390490       0.00000000       0.00000000    
  0.269753039       0.00000000       0.00000000    
  0.279235393       0.00000000       0.00000000    
  0.288834274       0.00000000       0.00000000    
  0.298547089       0.00000000       0.00000000    
  0.308370173       0.00000000       0.00000000    
  0.318301678       0.00000000       0.00000000    
  0.328338504       0.00000000       0.00000000    
  0.338477254       0.00000000       0.00000000    
  0.348715931       0.00000000       0.00000000    
  0.359051585       0.00000000       0.00000000    
  0.369480699       0.00000000       0.00000000    
  0.380001247       0.00000000       0.00000000    
  0.390610099       0.00000000       0.00000000    
  0.401305020       0.00000000       0.00000000    
  0.412083209       0.00000000       0.00000000    
  0.422942072       0.00000000       0.00000000    
  0.433878571       0.00000000       0.00000000    
  0.444889575       0.00000000       0.00000000    
  0.455973744       0.00000000       0.00000000    
  0.467127353       0.00000000       0.00000000    
  0.478348672       0.00000000       0.00000000    
  0.489634365       0.00000000       0.00000000    
  0.500982225       0.00000000       0.00000000    
  0.512389898       0.00000000       0.00000000    
  0.523854196       0.00000000       0.00000000    
  0.535372615       0.00000000       0.00000000    
  0.546942949       0.00000000       0.00000000    
  0.558562994       0.00000000       0.00000000    
  0.570229769       0.00000000       0.00000000    
  0.581940889       0.00000000       0.00000000    
  0.593693256       0.00000000       0.00000000    
  0.605485439       0.00000000       0.00000000    
  0.617313981       0.00000000       0.00000000    
  0.629177570       0.00000000       0.00000000    
  0.641072512       0.00000000       0.00000000    
  0.652996659       0.00000000       0.00000000    
  0.664947689       0.00000000       0.00000000    
  0.676923633       0.00000000       0.00000000    
  0.688920915       0.00000000       0.00000000    
  0.700937927       0.00000000       0.00000000    
  0.712971866       0.00000000       0.00000000    
  0.725020826       0.00000000       0.00000000    
  0.737081707       0.00000000       0.00000000    
  0.749152422       0.00000000       0.00000000    
  0.761230350       0.00000000       0.00000000    
  0.773313463       0.00000000       0.00000000    
  0.785398722       0.00000000       0.00000000    
  0.797484040       0.00000000       0.00000000    
  0.809566736       0.00000000       0.00000000    
  0.821644902       0.00000000       0.00000000    
  0.833715916       0.00000000       0.00000000    
  0.845776200       0.00000000       0.00000000    
  0.857825518       0.00000000       0.00000000    
  0.869859397       0.00000000       0.00000000    
  0.881876588       0.00000000       0.00000000    
  0.893874168       0.00000000       0.00000000    
  0.905849576       0.00000000       0.00000000    
  0.917800784       0.00000000       0.00000000    
  0.929724813       0.00000000       0.00000000    
  0.941619873       0.00000000       0.00000000    
  0.953482866       0.00000000       0.00000000    
  0.965311706       0.00000000       0.00000000    
  0.977103710       0.00000000       0.00000000    
  0.988856256       0.00000000       0.00000000    
   1.00056720       0.00000000       0.00000000    
   1.01223350       0.00000000       0.00000000    
   1.02385390       0.00000000       0.00000000    
   1.03542423       0.00000000       0.00000000    
   1.04694307       0.00000000       0.00000000    
   1.05840755       0.00000000       0.00000000    
   1.06981504       0.00000000       0.00000000    
   1.08116269       0.00000000       0.00000000    
   1.09244847       0.00000000       0.00000000    
   1.10366929       0.00000000       0.00000000    
   1.11482310       0.00000000       0.00000000    
   1.12590694       0.00000000       0.00000000    
   1.13691843       0.00000000       0.00000000    
   1.14785480       0.00000000       0.00000000    
   1.15871370       0.00000000       0.00000000    
   1.16949177       0.00000000       0.00000000    
   1.18018639       0.00000000       0.00000000    
   1.19079542       0.00000000       0.00000000    
   1.20131624       0.00000000       0.00000000    
   1.21174502       0.00000000       0.00000000    
   1.22208059       0.00000000       0.00000000    
   1.23231888       0.00000000       0.00000000    
   1.24245799       0.00000000       0.00000000    
   1.25249457       0.00000000       0.00000000    
   1.26242590       0.00000000       0.00000000    
   1.27224970       0.00000000       0.00000000    
   1.28196192       0.00000000       0.00000000    
   1.29156077       0.00000000       0.00000000    
   1.30104256       0.00000000       0.00000000    
   1.31040525       0.00000000       0.00000000    
   1.31964540       0.00000000       0.00000000    
   1.32875991       0.00000000       0.00000000    
   1.33774614       0.00000000       0.00000000    
   1.34660113       0.00000000       0.00000000    
   1.35532105       0.00000000       0.00000000    
   1.36390352       0.00000000       0.00000000    
   1.37234581       0.00000000       0.00000000    
   1.38064432       0.00000000       0.00000000    
   1.38879561       0.00000000       0.00000000    
   1.39679730       0.00000000       0.00000000    
   1.40464520       0.00000000       0.00000000    
   1.41233730       0.00000000       0.00000000    
   1.41986954       0.00000000       0.00000000    
   1.42723882       0.00000000       0.00000000    
   1.43444240       0.00000000       0.00000000    
   1.44147635       0.00000000       0.00000000    
   1.44833839       0.00000000       0.00000000    
   1.45502388       0.00000000       0.00000000    
   1.46153104       0.00000000       0.00000000    
   1.46785629       0.00000000       0.00000000    
   1.47399688       0.00000000       0.00000000    
   1.47995079       0.00000000       0.00000000    
   1.48571599       0.00000000       0.00000000    
   1.49129283       0.00000000       0.00000000    
   1.49668074       0.00000000       0.00000000    
   1.50187957       0.00000000       0.00000000    
   1.50688994       0.00000000       0.00000000    
   1.51171005       0.00000000       0.00000000    
   1.51634228       0.00000000       0.00000000    
   1.52078485       0.00000000       0.00000000    
   1.52503908       0.00000000       0.00000000    
   1.52910328       0.00000000       0.00000000    
   1.53297865       0.00000000       0.00000000    
   1.53666556       0.00000000       0.00000000    
   1.54016221       0.00000000       0.00000000    
   1.54347110       0.00000000       0.00000000    
   1.54659021       0.00000000       0.00000000    
   1.54952097       0.00000000       0.00000000    
   1.55226219       0.00000000       0.00000000    
   1.55481458       0.00000000       0.00000000    
   1.55717778       0.00000000       0.00000000    
   1.55935168       0.00000000       0.00000000    
   1.56133711       0.00000000       0.00000000    
   1.56313181       0.00000000       0.00000000    
   1.56473887       0.00000000       0.00000000    
   1.56615853       0.00000000       0.00000000    
   1.56738615       0.00000000       0.00000000    
   1.56842911       0.00000000       0.00000000    
   1.56927824       0.00000000       0.00000000    
   1.56993961       0.00000000       0.00000000    
   1.57041383       0.00000000       0.00000000    
   1.57070136       0.00000000       0.00000000    
   1.57079995       0.00000000       0.00000000    
