   0.00000000       0.00000000       0.00000000    
   0.00000000       0.00000000       1.37500651E-02
   0.00000000       0.00000000       2.74998024E-02
   0.00000000       0.00000000       4.12497818E-02
   0.00000000       0.00000000       5.49998954E-02
   0.00000000       0.00000000       6.87496886E-02
   0.00000000       0.00000000       8.24996457E-02
   0.00000000       0.00000000       9.62492526E-02
   0.00000000       0.00000000      0.109999120    
   0.00000000       0.00000000      0.123749040    
   0.00000000       0.00000000      0.137498885    
   0.00000000       0.00000000      0.151248589    
   0.00000000       0.00000000      0.164998680    
   0.00000000       0.00000000      0.178748369    
   0.00000000       0.00000000      0.192498118    
   0.00000000       0.00000000      0.206247926    
   0.00000000       0.00000000      0.219997719    
   0.00000000       0.00000000      0.233747348    
   0.00000000       0.00000000      0.247496933    
   0.00000000       0.00000000      0.261246473    
   0.00000000       0.00000000      0.274996191    
   0.00000000       0.00000000      0.288745344    
   0.00000000       0.00000000      0.302494645    
   0.00000000       0.00000000      0.316243827    
   0.00000000       0.00000000      0.329992741    
   0.00000000       0.00000000      0.343741417    
   0.00000000       0.00000000      0.357489645    
   0.00000000       0.00000000      0.371237129    
   0.00000000       0.00000000      0.384983569    
   0.00000000       0.00000000      0.398727477    
   0.00000000       0.00000000      0.412465453    
   0.00000000       0.00000000      0.426182687    
   0.00000000       0.00000000      0.439833075    
   0.00000000       0.00000000      0.453350961    
   0.00000000       0.00000000      0.466685444    
   0.00000000       0.00000000      0.479808450    
   0.00000000       0.00000000      0.492705911    
   0.00000000       0.00000000      0.505371392    
   0.00000000       0.00000000      0.517801702    
   0.00000000       0.00000000      0.529995978    
   0.00000000       0.00000000      0.541953743    
   0.00000000       0.00000000      0.553676665    
   0.00000000       0.00000000      0.565165043    
   0.00000000       0.00000000      0.576420546    
   0.00000000       0.00000000      0.587444723    
   0.00000000       0.00000000      0.598239005    
   0.00000000       0.00000000      0.608805060    
   0.00000000       0.00000000      0.619144797    
   0.00000000       0.00000000      0.629259467    
   0.00000000       0.00000000      0.639151275    
   0.00000000       0.00000000      0.648821890    
   0.00000000       0.00000000      0.658273101    
   0.00000000       0.00000000      0.667506039    
   0.00000000       0.00000000      0.676522970    
   0.00000000       0.00000000      0.685325205    
   0.00000000       0.00000000      0.693913937    
   0.00000000       0.00000000      0.702291548    
   0.00000000       0.00000000      0.710459054    
   0.00000000       0.00000000      0.718418062    
   0.00000000       0.00000000      0.726169884    
   0.00000000       0.00000000      0.733716190    
   0.00000000       0.00000000      0.741058230    
   0.00000000       0.00000000      0.748197258    
   0.00000000       0.00000000      0.755135000    
   0.00000000       0.00000000      0.761872292    
   0.00000000       0.00000000      0.768410563    
   0.00000000       0.00000000      0.774751008    
   0.00000000       0.00000000      0.780894876    
   0.00000000       0.00000000      0.786843061    
   0.00000000       0.00000000      0.792597115    
   0.00000000       0.00000000      0.798157811    
   0.00000000       0.00000000      0.803526223    
   0.00000000       0.00000000      0.808703363    
   0.00000000       0.00000000      0.813690186    
   0.00000000       0.00000000      0.818487704    
   0.00000000       0.00000000      0.823096693    
   0.00000000       0.00000000      0.827518046    
   0.00000000       0.00000000      0.831752717    
   0.00000000       0.00000000      0.835801303    
   0.00000000       0.00000000      0.839664698    
   0.00000000       0.00000000      0.843343616    
   0.00000000       0.00000000      0.846838772    
   0.00000000       0.00000000      0.850150585    
   0.00000000       0.00000000      0.853280127    
   0.00000000       0.00000000      0.856227458    
   0.00000000       0.00000000      0.858993649    
   0.00000000       0.00000000      0.861578763    
   0.00000000       0.00000000      0.863983572    
   0.00000000       0.00000000      0.866208375    
   0.00000000       0.00000000      0.868253708    
   0.00000000       0.00000000      0.870119989    
   0.00000000       0.00000000      0.871807396    
   0.00000000       0.00000000      0.873316288    
   0.00000000       0.00000000      0.874646962    
   0.00000000       0.00000000      0.875799775    
   0.00000000       0.00000000      0.876774848    
   0.00000000       0.00000000      0.877572358    
   0.00000000       0.00000000      0.878192604    
   0.00000000       0.00000000      0.878635466    
   0.00000000       0.00000000      0.878901184    
   0.00000000       0.00000000      0.878989697    
   0.00000000       0.00000000      0.878901124    
   0.00000000       0.00000000      0.878635466    
   0.00000000       0.00000000      0.878192544    
   0.00000000       0.00000000      0.877572417    
   0.00000000       0.00000000      0.876774907    
   0.00000000       0.00000000      0.875799835    
   0.00000000       0.00000000      0.874647021    
   0.00000000       0.00000000      0.873316288    
   0.00000000       0.00000000      0.871807337    
   0.00000000       0.00000000      0.870119929    
   0.00000000       0.00000000      0.868253827    
   0.00000000       0.00000000      0.866208434    
   0.00000000       0.00000000      0.863983393    
   0.00000000       0.00000000      0.861578643    
   0.00000000       0.00000000      0.858993530    
   0.00000000       0.00000000      0.856227458    
   0.00000000       0.00000000      0.853279948    
   0.00000000       0.00000000      0.850150645    
   0.00000000       0.00000000      0.846838653    
   0.00000000       0.00000000      0.843343556    
   0.00000000       0.00000000      0.839664757    
   0.00000000       0.00000000      0.835801303    
   0.00000000       0.00000000      0.831752837    
   0.00000000       0.00000000      0.827518106    
   0.00000000       0.00000000      0.823096693    
   0.00000000       0.00000000      0.818487585    
   0.00000000       0.00000000      0.813690186    
   0.00000000       0.00000000      0.808703423    
   0.00000000       0.00000000      0.803526342    
   0.00000000       0.00000000      0.798157990    
   0.00000000       0.00000000      0.792597294    
   0.00000000       0.00000000      0.786843359    
   0.00000000       0.00000000      0.780894816    
   0.00000000       0.00000000      0.774751067    
   0.00000000       0.00000000      0.768410742    
   0.00000000       0.00000000      0.761872292    
   0.00000000       0.00000000      0.755134940    
   0.00000000       0.00000000      0.748197317    
   0.00000000       0.00000000      0.741058171    
   0.00000000       0.00000000      0.733716249    
   0.00000000       0.00000000      0.726170063    
   0.00000000       0.00000000      0.718418062    
   0.00000000       0.00000000      0.710459232    
   0.00000000       0.00000000      0.702291727    
   0.00000000       0.00000000      0.693914354    
   0.00000000       0.00000000      0.685325265    
   0.00000000       0.00000000      0.676523089    
   0.00000000       0.00000000      0.667506337    
   0.00000000       0.00000000      0.658273399    
   0.00000000       0.00000000      0.648822248    
   0.00000000       0.00000000      0.639151514    
   0.00000000       0.00000000      0.629259646    
   0.00000000       0.00000000      0.619144619    
   0.00000000       0.00000000      0.608804882    
   0.00000000       0.00000000      0.598238885    
   0.00000000       0.00000000      0.587444544    
   0.00000000       0.00000000      0.576420367    
   0.00000000       0.00000000      0.565165102    
   0.00000000       0.00000000      0.553676724    
   0.00000000       0.00000000      0.541954041    
   0.00000000       0.00000000      0.529996216    
   0.00000000       0.00000000      0.517801881    
   0.00000000       0.00000000      0.505371451    
   0.00000000       0.00000000      0.492706150    
   0.00000000       0.00000000      0.479808569    
   0.00000000       0.00000000      0.466685534    
   0.00000000       0.00000000      0.453351021    
   0.00000000       0.00000000      0.439833254    
   0.00000000       0.00000000      0.426182687    
   0.00000000       0.00000000      0.412465662    
   0.00000000       0.00000000      0.398727655    
   0.00000000       0.00000000      0.384983748    
   0.00000000       0.00000000      0.371237367    
   0.00000000       0.00000000      0.357489884    
   0.00000000       0.00000000      0.343741655    
   0.00000000       0.00000000      0.329993010    
   0.00000000       0.00000000      0.316244096    
   0.00000000       0.00000000      0.302494913    
   0.00000000       0.00000000      0.288745642    
   0.00000000       0.00000000      0.274996251    
   0.00000000       0.00000000      0.261246711    
   0.00000000       0.00000000      0.247497126    
   0.00000000       0.00000000      0.233747497    
   0.00000000       0.00000000      0.219997793    
   0.00000000       0.00000000      0.206248105    
   0.00000000       0.00000000      0.192498311    
   0.00000000       0.00000000      0.178748548    
   0.00000000       0.00000000      0.164998710    
   0.00000000       0.00000000      0.151248902    
   0.00000000       0.00000000      0.137499020    
   0.00000000       0.00000000      0.123749174    
   0.00000000       0.00000000      0.109999277    
   0.00000000       0.00000000       9.62493941E-02
   0.00000000       0.00000000       8.24994817E-02
   0.00000000       0.00000000       6.87495694E-02
   0.00000000       0.00000000       5.49996831E-02
   0.00000000       0.00000000       4.12497669E-02
   0.00000000       0.00000000       2.74998434E-02
   0.00000000       0.00000000       1.37499198E-02
   0.00000000       0.00000000       0.00000000    
