   1.00000000    
  0.968337297    
  0.400372654    
  0.369128942    
  0.318303883    
  0.207218111    
  0.161573365    
  0.141490400    
  0.124913901    
  0.111193575    
   9.97168943E-02
   9.03222635E-02
   8.58444124E-02
   8.52616131E-02
   8.32410678E-02
   7.92488158E-02
   7.06995651E-02
   6.23469800E-02
   5.53254150E-02
   5.22324927E-02
   4.96819168E-02
   4.73776683E-02
   4.52766865E-02
   4.33358774E-02
   4.16063964E-02
   3.99812348E-02
   3.84852365E-02
   3.70909385E-02
   3.57871354E-02
   3.45821418E-02
   3.34495828E-02
   3.23974900E-02
   3.13973166E-02
   3.04539464E-02
   2.95769218E-02
   2.87487153E-02
   2.79652122E-02
   2.72088423E-02
   2.65037194E-02
   2.58212276E-02
   2.51951572E-02
   2.45842878E-02
   2.39959285E-02
   2.34445613E-02
   2.29167528E-02
   2.24005710E-02
   2.19239052E-02
   2.14579944E-02
   2.10117251E-02
   2.05827020E-02
   2.01763045E-02
   1.97781976E-02
   1.94022525E-02
   1.90339368E-02
   1.86863281E-02
   1.83443036E-02
   1.80196017E-02
   1.76996645E-02
   1.73983332E-02
   1.71034280E-02
   1.68164726E-02
   1.65360421E-02
   1.62709020E-02
   1.60154011E-02
   1.57609489E-02
   1.55164590E-02
   1.52831562E-02
   1.50567899E-02
   1.48346229E-02
   1.46181658E-02
   1.44075714E-02
   1.42062753E-02
   1.40071949E-02
   1.38191171E-02
   1.36303417E-02
   1.34458607E-02
   1.32688954E-02
   1.30940098E-02
   1.29254609E-02
   1.27623910E-02
   1.26040988E-02
   1.24470433E-02
   1.22943157E-02
   1.21449362E-02
   1.19996630E-02
   1.18573830E-02
   1.17180636E-02
   1.15815643E-02
   1.14487447E-02
   1.13197910E-02
   1.11947767E-02
   1.10710599E-02
   1.09509388E-02
   1.08319614E-02
   1.07155032E-02
   1.06029613E-02
   1.04912026E-02
   1.03829149E-02
   1.02756452E-02
   1.01717506E-02
   1.00696012E-02
   9.96967684E-03
   9.87150799E-03
   9.77553986E-03
   9.68121737E-03
   9.58925858E-03
   9.49774403E-03
   9.40796454E-03
   9.32095852E-03
   9.23448242E-03
   9.15078167E-03
   9.06801783E-03
   8.98659509E-03
   8.90638772E-03
   8.82788189E-03
   8.75029434E-03
   8.67448002E-03
   8.60087294E-03
   8.52780044E-03
   8.45562387E-03
   9.41964705E-03
   8.31479393E-03
   8.24612938E-03
   8.17841012E-03
   8.11241753E-03
   8.04696232E-03
   7.98300747E-03
   7.91986287E-03
   7.85750058E-03
   7.79645704E-03
   7.73598719E-03
   7.67676113E-03
   7.61805382E-03
   7.56063964E-03
   7.50369206E-03
   7.44759757E-03
   7.39278598E-03
   7.33871339E-03
   7.28531601E-03
   7.23253097E-03
   7.18067680E-03
   7.12934742E-03
   7.07870862E-03
   7.02877669E-03
   6.97970344E-03
   6.93129748E-03
   6.88354438E-03
   6.83630863E-03
   6.79005403E-03
   6.74427999E-03
   6.69907546E-03
   6.65454939E-03
   6.61054021E-03
   6.56721368E-03
   6.52424898E-03
   6.48213550E-03
   6.44025998E-03
   6.39903173E-03
   6.35822210E-03
   6.31805137E-03
   6.27846364E-03
   6.23932248E-03
   6.20069588E-03
   6.16252609E-03
   6.12464501E-03
   6.08722772E-03
   6.05028588E-03
   6.01389864E-03
   5.97784016E-03
   5.94228553E-03
   5.90707967E-03
   5.87236136E-03
   5.83816180E-03
   5.80430729E-03
   5.77083230E-03
   5.73763205E-03
   5.70499850E-03
   5.67258848E-03
   5.64064132E-03
   5.60891442E-03
   5.57771837E-03
   5.54676261E-03
   5.51615562E-03
   5.48586063E-03
   5.45595260E-03
   5.42633934E-03
   5.39697381E-03
   5.36790676E-03
   5.33916941E-03
   5.31088840E-03
   5.28280530E-03
   5.25501790E-03
   5.22755785E-03
   5.20030176E-03
   5.17342798E-03
   5.14689460E-03
   5.12047205E-03
   5.09431958E-03
   5.06843347E-03
   5.04289428E-03
   5.01752784E-03
   4.99246595E-03
   4.96771140E-03
   4.94315522E-03
   4.91885236E-03
   4.89475485E-03
   4.87086549E-03
   4.84726857E-03
   4.82385606E-03
   4.80072293E-03
   4.77786502E-03
   4.75520827E-03
   4.73264977E-03
   4.71031060E-03
   4.68825968E-03
   4.66635218E-03
   4.64468496E-03
   4.62326547E-03
   4.60194517E-03
   4.58086189E-03
   4.55999700E-03
   9.85972397E-03
   7.02666026E-03
   4.49847477E-03
   4.47833398E-03
   4.45840880E-03
   4.43857536E-03
   4.41892771E-03
   4.39955248E-03
   4.38029272E-03
   4.36115684E-03
   4.34229011E-03
   4.32350487E-03
   4.30491520E-03
   4.28642286E-03
   4.26808838E-03
   4.24994854E-03
   4.23192466E-03
   5.06234448E-03
   4.19639843E-03
   4.17882530E-03
   5.54610183E-03
   4.14422434E-03
   4.12715925E-03
   4.11020685E-03
   4.09338856E-03
   4.07666713E-03
   4.06010915E-03
   4.04371694E-03
   4.02745698E-03
   4.01135022E-03
   3.99534497E-03
   3.97947617E-03
   3.96367162E-03
   3.94802308E-03
   3.93246673E-03
   3.91705474E-03
   3.90175893E-03
   3.88663448E-03
   3.87157057E-03
   6.74569327E-03
   3.84187722E-03
   3.82715813E-03
   3.81262833E-03
   3.79815372E-03
   3.78375500E-03
   3.76947387E-03
   3.75532499E-03
   3.74129065E-03
   3.72732827E-03
   3.71346110E-03
   3.69972968E-03
   3.68606718E-03
   3.67252575E-03
   3.65910400E-03
   3.64574371E-03
   3.63250449E-03
   3.61934141E-03
   3.60628567E-03
   3.59342829E-03
   3.58061865E-03
   3.56787257E-03
   3.55520891E-03
   3.54259182E-03
   3.53006390E-03
   3.51762469E-03
   3.50539340E-03
   3.49316210E-03
   3.48098134E-03
   3.46892397E-03
   3.45698814E-03
   3.44505790E-03
   3.43327480E-03
   3.42150754E-03
   4.43464797E-03
   3.93935386E-03
   3.38688050E-03
   3.37542919E-03
   3.36411083E-03
   3.35281249E-03
   3.34170111E-03
   3.33056762E-03
   3.31949722E-03
   3.30850366E-03
   3.29757552E-03
   3.28671932E-03
   3.27593484E-03
   3.26522067E-03
   3.25458008E-03
   3.24404822E-03
   3.23354150E-03
   3.22312047E-03
   3.21276649E-03
   3.20246117E-03
   3.19236354E-03
   3.18218861E-03
   3.52439960E-03
   3.16220382E-03
   3.15222703E-03
   3.14230635E-03
   3.13249999E-03
   3.12270294E-03
   3.11296689E-03
   3.76075273E-03
   3.09372065E-03
   3.08427727E-03
   3.07477918E-03
   3.06537352E-03
   3.05608613E-03
   3.04676080E-03
   3.03749228E-03
   3.02828010E-03
   3.01913358E-03
   3.01007577E-03
   3.00102890E-03
   2.99203629E-03
   2.98311375E-03
   2.97424803E-03
   2.96548405E-03
   2.95670284E-03
   2.94797355E-03
   2.93933181E-03
   2.93076667E-03
   2.92218989E-03
   2.91371834E-03
   2.90524424E-03
   2.89686746E-03
   2.88855843E-03
   2.88022356E-03
   2.87197484E-03
   2.86379247E-03
   2.85562500E-03
   2.84752622E-03
   2.83944188E-03
   2.83143157E-03
   2.82341661E-03
   2.81550619E-03
   2.80761532E-03
   2.79974658E-03
   2.79191905E-03
   2.78416905E-03
   2.77645886E-03
   2.76878267E-03
   2.76120077E-03
   2.75358115E-03
   2.74600927E-03
   2.84790364E-03
   2.73105362E-03
   2.72360817E-03
   2.71623931E-03
   2.70887138E-03
   2.70154607E-03
   2.69429060E-03
   2.68703816E-03
   2.67987838E-03
   2.67270603E-03
   2.66557233E-03
   2.65845889E-03
   2.65149795E-03
   2.64447671E-03
   2.63749575E-03
   2.63054832E-03
   2.62365513E-03
   2.61678058E-03
   2.60994188E-03
   2.60313903E-03
   2.59645050E-03
   2.58971774E-03
   2.58301990E-03
   2.57635931E-03
   2.56981817E-03
   2.56328471E-03
   2.55677919E-03
   2.55025038E-03
   2.54378305E-03
   2.53734295E-03
   2.53091590E-03
   2.52452097E-03
   2.51819449E-03
   2.51190295E-03
   2.50563445E-03
   2.49940250E-03
   2.49316334E-03
   2.48695514E-03
   2.48081610E-03
   2.47471873E-03
   2.46862671E-03
   2.46256171E-03
   2.45650765E-03
   2.45057535E-03
   2.44458020E-03
   2.43861158E-03
   2.43268791E-03
   2.42682802E-03
   2.42099375E-03
   2.41513969E-03
   2.40931404E-03
   2.40351632E-03
   2.39777286E-03
   2.39203568E-03
   2.69413926E-03
   2.38069054E-03
   2.37511634E-03
   2.36948696E-03
   2.36388692E-03
   2.35830550E-03
   2.35275039E-03
   2.34722672E-03
   2.34175217E-03
   2.33628787E-03
   2.33083591E-03
   2.32544774E-03
   2.32009776E-03
   2.31472612E-03
   2.30939733E-03
   2.30412115E-03
   2.29888153E-03
   2.29361281E-03
   2.28837575E-03
   2.28315010E-03
   2.27794331E-03
   2.27278029E-03
   2.26763822E-03
   2.26253178E-03
   2.25741859E-03
   2.25234823E-03
   2.24729325E-03
   2.24224851E-03
   2.23727105E-03
   2.23228848E-03
   4.09513153E-03
   2.25885026E-03
   2.21750978E-03
   2.21263221E-03
   2.20775907E-03
   2.20291177E-03
   2.19806447E-03
   2.19327211E-03
   3.12460563E-03
   3.11485771E-03
   3.09616816E-03
   2.17422238E-03
   2.16950011E-03
   2.16484629E-03
   2.16016965E-03
   2.33859825E-03
   2.34407373E-03
   2.34957482E-03
   5.77777717E-03
   2.13713548E-03
   2.13257316E-03
   2.12808652E-03
   2.12357193E-03
   2.11912091E-03
   2.11464427E-03
   2.11018673E-03
   2.10575247E-03
   2.10133218E-03
   2.09695380E-03
   2.09259102E-03
   2.08823290E-03
   2.08389736E-03
   2.07955902E-03
   2.07526190E-03
   2.07098480E-03
   2.06670049E-03
   2.06242688E-03
   2.05817749E-03
   2.05397955E-03
   2.04976485E-03
   2.08005426E-03
   2.04143045E-03
   2.03726720E-03
   2.03312095E-03
   6.02929015E-03
   3.96854896E-03
   2.02082773E-03
   2.01676576E-03
   2.01272476E-03
   2.00868887E-03
   2.00468465E-03
   2.00066972E-03
   1.99668668E-03
   1.99270411E-03
   1.98877230E-03
   1.98484515E-03
   1.98092056E-03
   1.97700015E-03
   1.97309791E-03
   1.96923455E-03
   1.96539727E-03
   1.96153601E-03
   1.95772247E-03
   1.95389381E-03
   1.95007969E-03
   1.94630853E-03
   1.94252422E-03
   1.93878438E-03
   1.93505688E-03
   1.93131808E-03
   1.92759163E-03
   1.92391779E-03
   1.92022207E-03
   1.91656989E-03
   1.91291294E-03
   1.90927403E-03
   1.90563209E-03
   2.61073047E-03
   1.89842761E-03
   1.89482281E-03
   4.16347664E-03
   2.88821990E-03
   2.86044786E-03
   2.86080898E-03
   1.87711988E-03
   1.87360181E-03
   1.87009480E-03
   1.86660688E-03
   1.86314026E-03
   1.85967435E-03
   1.85621914E-03
   1.85277883E-03
   1.84934924E-03
   1.84594851E-03
   1.84257468E-03
   1.83918269E-03
   1.83581735E-03
   1.83245633E-03
   1.82913779E-03
   1.82580331E-03
   3.57388682E-03
   2.59485608E-03
   2.58813170E-03
   2.76330858E-03
   2.86079082E-03
   8.81894678E-03
   5.99713717E-03
   1.79963582E-03
   1.79640402E-03
   1.79318374E-03
   1.78997114E-03
   1.78677007E-03
   1.78358040E-03
   1.78042555E-03
   1.77725859E-03
   1.77410280E-03
   1.77095807E-03
   1.76782464E-03
   1.76470215E-03
   1.76163320E-03
   1.75853260E-03
   1.75544294E-03
   2.51651229E-03
   1.74932834E-03
   1.74629188E-03
   1.74327567E-03
   1.74023921E-03
   1.73721532E-03
   1.73420005E-03
   1.73119514E-03
   1.72820070E-03
   1.72523735E-03
   1.72232580E-03
   1.71936187E-03
   1.71641202E-03
   1.71348732E-03
   1.71057438E-03
   1.70766586E-03
   2.04148353E-03
   1.70188386E-03
   3.08248447E-03
   3.07299756E-03
   3.06356861E-03
   6.65447582E-03
   1.68759713E-03
   1.68475905E-03
   1.68194878E-03
   1.67912222E-03
   1.67631253E-03
   1.67352322E-03
   1.67072483E-03
   1.66796322E-03
   1.66518532E-03
   1.66242023E-03
   1.65968062E-03
   1.65694836E-03
   1.65420515E-03
   1.65147276E-03
   1.64876389E-03
   1.64608925E-03
   1.64338178E-03
   1.64068327E-03
   1.63801515E-03
   1.63533434E-03
   1.63266214E-03
   1.62999879E-03
   1.62734592E-03
   1.62469980E-03
   1.62210141E-03
   1.61950081E-03
   1.61688018E-03
   1.61427504E-03
   1.61167129E-03
   1.60910422E-03
   1.60653458E-03
   1.60395575E-03
   1.60138868E-03
   1.59883150E-03
   1.59628782E-03
   1.59375928E-03
   1.59124564E-03
   2.25227932E-03
   1.58624747E-03
   1.58373849E-03
   1.58124790E-03
   1.57874962E-03
   1.57626416E-03
   1.57379534E-03
   1.57132046E-03
   1.56886876E-03
   1.95576111E-03
   1.65574264E-03
   1.56157347E-03
   1.78036129E-03
   2.04631267E-03
   1.55434757E-03
   1.55193347E-03
   1.54952682E-03
   1.54714461E-03
   1.54477486E-03
   1.54239533E-03
   1.54002325E-03
   1.53765338E-03
   1.53530261E-03
   1.53295917E-03
   1.53061596E-03
   1.52829336E-03
   1.52596284E-03
   1.52364781E-03
   1.52133137E-03
   1.51903043E-03
   1.51672482E-03
   1.51443772E-03
   1.51214597E-03
   1.50988426E-03
   1.50763092E-03
   1.50535966E-03
   1.50311668E-03
   1.50085904E-03
   1.49860652E-03
   1.90562359E-03
   1.49413978E-03
   1.80275936E-03
   1.48971588E-03
   1.53095683E-03
   1.48531480E-03
   1.48311036E-03
   2.95643602E-03
   2.91863363E-03
   2.80134054E-03
   1.47441868E-03
   1.47224637E-03
   1.47008838E-03
   1.46794016E-03
   1.46578858E-03
   1.46364153E-03
   1.46152009E-03
   1.45939365E-03
   1.45727175E-03
   2.58889096E-03
   6.44969940E-03
   4.43886174E-03
   1.44885993E-03
   1.44679553E-03
   1.74631970E-03
   1.44263869E-03
   1.44057325E-03
   1.43850420E-03
   1.43644749E-03
   1.73096673E-03
   1.43232965E-03
   2.27153464E-03
   2.27670046E-03
   2.35779048E-03
   1.42420945E-03
   1.42220431E-03
   1.42018928E-03
   1.41817995E-03
   1.41617493E-03
   1.41417235E-03
   1.41217385E-03
   1.41018548E-03
   1.40819838E-03
   1.40622910E-03
   1.40425307E-03
   1.40228705E-03
   1.40032195E-03
   1.39836234E-03
   1.39642658E-03
   1.39448862E-03
   1.39254553E-03
   3.01227998E-03
   1.96604826E-03
   1.38680113E-03
   1.38487923E-03
   1.38296268E-03
   1.38105138E-03
   1.37916487E-03
   1.53841730E-03
   1.49629614E-03
   2.32756091E-03
   1.87180785E-03
   1.86402118E-03
   1.36790250E-03
   1.36603718E-03
   1.36417232E-03
   1.92682864E-03
   4.22287500E-03
   3.11142416E-03
   1.35680102E-03
   1.35496282E-03
   1.35314604E-03
   1.35132356E-03
   1.34949863E-03
   1.34769653E-03
   1.34588149E-03
   1.34407275E-03
   1.34228508E-03
   1.34048448E-03
   1.33868877E-03
   1.33691553E-03
   1.36500667E-03
   1.33336696E-03
   1.33160921E-03
   1.32983725E-03
   1.32807577E-03
   1.32631452E-03
   1.32456096E-03
   1.32282497E-03
   1.32107630E-03
   1.31933216E-03
   1.31759269E-03
   2.35343887E-03
   1.31414901E-03
   2.25557573E-03
   1.69412314E-03
   2.03535310E-03
   1.96158071E-03
   1.98830757E-03
   1.30392401E-03
   1.30222493E-03
   1.31185073E-03
   1.31013081E-03
   1.30841543E-03
   1.73164287E-03
   1.29381951E-03
   1.29215932E-03
   1.29050063E-03
   2.70144222E-03
   1.61744514E-03
   1.61483116E-03
   1.28389709E-03
   2.73582968E-03
   2.60711508E-03
   2.73886230E-03
   2.73137121E-03
   2.79349508E-03
   1.27411389E-03
   1.27249293E-03
   1.27087487E-03
   2.29013548E-03
   1.26767147E-03
   1.26607798E-03
   1.26447598E-03
   1.26287946E-03
   1.26128574E-03
   1.25970133E-03
   1.25811540E-03
   4.85741626E-03
   3.08665540E-03
   3.20906937E-03
   3.29898437E-03
   1.25029625E-03
   1.24873407E-03
   1.24718121E-03
   1.40143384E-03
   1.24408701E-03
   1.24254031E-03
   4.93184151E-03
   2.32833088E-03
   2.42349319E-03
   2.40565673E-03
   2.41145049E-03
   3.58547783E-03
   6.03173440E-03
   2.39645201E-03
   2.39077397E-03
   2.38506496E-03
   7.17780646E-03
   4.76935459E-03
   1.22286938E-03
   1.22137484E-03
   1.21988403E-03
   1.21839682E-03
   1.21692265E-03
   1.21544395E-03
   3.07300198E-03
   3.54454829E-03
   4.14824719E-03
   6.06353953E-03
   4.15973924E-03
   5.06351143E-03
   2.36743479E-03
   2.36444129E-03
   1.31339044E-03
   1.41758134E-03
   1.33781426E-03
   5.54527529E-03
   1.19662145E-03
   5.93079021E-03
   1.19378499E-03
   1.19236077E-03
   1.19093980E-03
   1.18952885E-03
   1.18811475E-03
   1.18670519E-03
   1.68419641E-03
   1.98165374E-03
   6.16020337E-03
   4.11333656E-03
   3.68972076E-03
   1.52468716E-03
   1.52701361E-03
   1.52934715E-03
   3.44073493E-03
   1.62737758E-03
   3.67325614E-03
   1.17011496E-03
   1.16874662E-03
   1.16738130E-03
   1.16603216E-03
   1.16467336E-03
   1.16331771E-03
   5.83183998E-03
   3.34378635E-03
   3.35498597E-03
   4.20771213E-03
   1.96074066E-03
   2.75785686E-03
   1.15396094E-03
   1.15264277E-03
   1.15131494E-03
   1.14999770E-03
   1.14867720E-03
   1.14735845E-03
   1.14604901E-03
   1.14474387E-03
   1.14344666E-03
   1.96469878E-03
   1.14085607E-03
   1.13956397E-03
   1.13827502E-03
   1.13698747E-03
   2.27528787E-03
   2.71621556E-03
   6.02907315E-03
   2.23858049E-03
   2.27413489E-03
   1.94654893E-03
   1.26177189E-03
   2.68338388E-03
   3.75301344E-03
   2.03480246E-03
   2.03894707E-03
   2.21866136E-03
   3.11707612E-03
   2.68800138E-03
   2.68078572E-03
   2.50318693E-03
   2.38902750E-03
   2.65999115E-03
   2.11762451E-03
   4.30890033E-03
   2.49216403E-03
   1.33914698E-03
   1.60585786E-03
   1.10687688E-03
   1.10565848E-03
   1.10443670E-03
   1.20382791E-03
   1.92045968E-03
   1.10080047E-03
   1.20426831E-03
   1.09839183E-03
   1.09718600E-03
   1.09599601E-03
   1.09480508E-03
   1.09360705E-03
   1.09241169E-03
   2.08002166E-03
   1.09003601E-03
   1.08884845E-03
   1.08766346E-03
   1.08648115E-03
   1.19641016E-03
   2.35151802E-03
   1.74201711E-03
   1.08180323E-03
   1.08063698E-03
   1.45087775E-03
   1.43339369E-03
   1.07716327E-03
   4.86046216E-03
   2.81599304E-03
   1.07371877E-03
   1.07257359E-03
   1.07142376E-03
   1.24117651E-03
   1.06914435E-03
   1.06801314E-03
   1.06687227E-03
   1.06573466E-03
   3.03818844E-03
   1.06348190E-03
   1.06235500E-03
   1.06122694E-03
   1.06010365E-03
   1.05898269E-03
   1.05786999E-03
   1.05676032E-03
   1.05564226E-03
   1.05453853E-03
   1.05342583E-03
   1.05232524E-03
   1.05122535E-03
   1.35046546E-03
   1.07662287E-03
   3.44907679E-03
   2.55732704E-03
   1.04573742E-03
   1.04464439E-03
   1.04355370E-03
   1.04247092E-03
   1.04139606E-03
   1.04032236E-03
   1.03924179E-03
   1.03817263E-03
   1.30312715E-03
   1.03602826E-03
   1.03496003E-03
   1.03388936E-03
   1.03282440E-03
   1.03176606E-03
   1.03070552E-03
   1.02964381E-03
   1.48942019E-03
   1.28823309E-03
   1.02648255E-03
   1.39149069E-03
   1.42199418E-03
   1.02334539E-03
   1.02229870E-03
   1.38377852E-03
   1.02021790E-03
   1.01917749E-03
   1.75952911E-03
   3.40130902E-03
   2.49064574E-03
   1.85773696E-03
   1.74486334E-03
   5.86437434E-03
   2.76170997E-03
   1.01097615E-03
   1.00995461E-03
   1.00893620E-03
   1.00791978E-03
   1.00690441E-03
   1.73075392E-03
   1.14084966E-03
   1.00388797E-03
   1.00288668E-03
   1.75040215E-03
   3.50313983E-03
   8.75647925E-03
   5.92217967E-03
   9.97900032E-04
   9.96912364E-04
   9.95925511E-04
   9.94934118E-04
   9.93951107E-04
   9.92963673E-04
   2.61095981E-03
   5.64455707E-03
   5.81846153E-03
   1.69437367E-03
   1.85806211E-03
   5.45505947E-03
   3.51294712E-03
   3.14995111E-03
   1.99233741E-03
   5.36581129E-03
   9.82282683E-04
   1.15381530E-03
   1.11402606E-03
   4.89791064E-03
   3.02571431E-03
   9.77488933E-04
   9.76541254E-04
   9.75594565E-04
   1.02261931E-03
   9.73700138E-04
   9.72760026E-04
   9.71812115E-04
   9.70869209E-04
   1.29947462E-03
   1.05802133E-03
   1.14362931E-03
   1.23315677E-03
   9.66192631E-04
   9.65267012E-04
   9.64338833E-04
   9.63409373E-04
   9.62490216E-04
   9.61565180E-04
   9.60648351E-04
   1.95105269E-03
   1.43446028E-03
   1.33888400E-03
   9.56973585E-04
   1.38850394E-03
   9.55161348E-04
   9.54251620E-04
   9.53342475E-04
   9.52435075E-04
   9.51536640E-04
   9.50637914E-04
   9.49743961E-04
   9.48846457E-04
   9.47948778E-04
   9.47050576E-04
   9.46154178E-04
   1.00576633E-03
   1.00677845E-03
   1.32773863E-03
   1.30673754E-03
   4.31515742E-03
   2.75558070E-03
   2.74861744E-03
   2.69776164E-03
   2.61276006E-03
   2.77421367E-03
   2.76652817E-03
   2.81889224E-03
   2.96227844E-03
   2.81300023E-03
   2.59334734E-03
   8.01444333E-03
   5.36320964E-03
   9.30364360E-04
   9.29501140E-04
   9.28637572E-04
   9.27783723E-04
   9.61101439E-04
   9.60426230E-04
   9.25219560E-04
   9.24363907E-04
   9.23515938E-04
   9.22663428E-04
   9.21819475E-04
   9.20970109E-04
   9.20124410E-04
   1.14130357E-03
   3.01888166E-03
   2.04654504E-03
   9.79983131E-04
   9.15924669E-04
   1.71918666E-03
   1.23012334E-03
   1.37198565E-03
   1.21916994E-03
   9.11760144E-04
   1.40495854E-03
   2.32790853E-03
   1.99027825E-03
   1.67657074E-03
   5.23698563E-03
   3.79641470E-03
   9.06005094E-04
   9.05184541E-04
   9.04365559E-04
   9.03551991E-04
   9.02735977E-04
   9.01921419E-04
   9.01108317E-04
   9.00301617E-04
   8.99494393E-04
   8.98685714E-04
   8.97879479E-04
   8.97073653E-04
   9.06904170E-04
   8.95479985E-04
   8.94688303E-04
   1.55634142E-03
   8.93098302E-04
   8.92301032E-04
   3.43299890E-03
   1.79035903E-03
   1.56728667E-03
   2.44752667E-03
   1.64369924E-03
   1.73040864E-03
   9.15811281E-04
   1.79748132E-03
   1.80071522E-03
   2.60255672E-03
   2.57651811E-03
   3.38760577E-03
   2.32645799E-03
   2.25566491E-03
   2.23127054E-03
   2.06859922E-03
   8.79019324E-04
   8.78248946E-04
   8.77481769E-04
   8.76712147E-04
   8.75943922E-04
   8.75183672E-04
   8.74420919E-04
   8.73655663E-04
   8.72892735E-04
   8.72136850E-04
   8.71376542E-04
   8.70617572E-04
   8.69863899E-04
   8.69108364E-04
   8.68359057E-04
   8.67605384E-04
   8.66852934E-04
   8.66110378E-04
   8.65360547E-04
   8.64612055E-04
   2.02070456E-03
   1.15602254E-03
   8.62397777E-04
   8.61656328E-04
   8.60917033E-04
   8.60178028E-04
   8.59440304E-04
   8.58704792E-04
   8.57967767E-04
   8.57238541E-04
   9.05849796E-04
   8.87237955E-04
   1.32495130E-03
   1.37270964E-03
   1.74460688E-03
   3.03234672E-03
   8.52149155E-04
   8.51426972E-04
   8.50702403E-04
   1.10622938E-03
   1.25494238E-03
   1.22327090E-03
   1.31361966E-03
   1.30128651E-03
   1.29959418E-03
   1.35097257E-03
   1.62664242E-03
   5.27983950E-03
   3.96538014E-03
   8.42836977E-04
   8.42126843E-04
   8.41420726E-04
   8.40713037E-04
   8.40006571E-04
   8.39304004E-04
   8.38605338E-04
   8.37908941E-04
   8.37209052E-04
   8.36511201E-04
   8.35812651E-04
   8.35117069E-04
   8.34421604E-04
   8.33730330E-04
   8.33035505E-04
   2.32354598E-03
   1.21317233E-03
   1.21464510E-03
   3.30816000E-03
   2.39444873E-03
   8.28905148E-04
   8.28222896E-04
   8.27543554E-04
   1.15017837E-03
   8.26179225E-04
   8.25496914E-04
   1.72721106E-03
   8.24140210E-04
   8.23462207E-04
   8.22787930E-04
   8.22111208E-04
   8.21435591E-04
   8.20761081E-04
   8.20094894E-04
   8.19428009E-04
   8.18756816E-04
   1.64730544E-03
   1.32351113E-03
   2.02891580E-03
   3.57285514E-03
   1.85993651E-03
   1.87559263E-03
   5.58041129E-03
   3.75780975E-03
   3.77099449E-03
   3.75760510E-03
   8.11485515E-04
   8.10827245E-04
   8.10173573E-04
   8.09522811E-04
   8.08867684E-04
   8.08214652E-04
   8.07561679E-04
   8.06909811E-04
   8.36065854E-04
   2.72230827E-03
   2.72972928E-03
   1.26597076E-03
   1.26436062E-03
   9.42975632E-04
   9.43865220E-04
   9.44756495E-04
   8.01103713E-04
   8.00462207E-04
   7.99821748E-04
   7.99182337E-04
   7.98543857E-04
   7.97907356E-04
   8.84588284E-04
   7.96641689E-04
   7.96007342E-04
   1.89266400E-03
   1.70180947E-03
   7.94115418E-04
   1.49755110E-03
   1.51469209E-03
   7.92237697E-04
   2.26085843E-03
   4.98030800E-03
   7.45210517E-03
   6.10624673E-03
   2.33495119E-03
   2.20709154E-03
   7.87892495E-04
   7.87272002E-04
   8.01904686E-03
   4.43647057E-03
   3.24578257E-03
   7.84816861E-04
   1.11295166E-03
   1.11419102E-03
   1.11543317E-03
   7.82363291E-04
   1.31032139E-03
   1.31203944E-03
   1.46931072E-03
   2.04089307E-03
   1.41879916E-03
   1.32031029E-03
   1.28001801E-03
   6.50074333E-03
   4.08789888E-03
   4.77506313E-03
   3.37679219E-03
   1.13792391E-03
   2.28937063E-03
   2.28413544E-03
   7.73328706E-04
   7.72730913E-04
   7.72134052E-04
   7.71538122E-04
   7.70943065E-04
   4.50170785E-03
   4.41701664E-03
   5.78619493E-03
   5.81977237E-03
   6.43351628E-03
   9.92615358E-04
   1.79539202E-03
   4.61541116E-03
   3.24381795E-03
   1.69895182E-03
   5.13490476E-03
   5.24587557E-03
   7.63325254E-04
   7.62742769E-04
   7.62165349E-04
   7.61584728E-04
   2.16343557E-03
   2.17144145E-03
   1.26128085E-03
   5.11674909E-03
   1.67237816E-03
   1.66958361E-03
   1.24255475E-03
   7.56981666E-04
   1.69721653E-03
   2.13137874E-03
   5.27563738E-03
   3.60546145E-03
   3.28503619E-03
   2.56502465E-03
   1.93072122E-03
   1.91500830E-03
   3.27578443E-03
   7.51308689E-04
   7.78871239E-04
   3.96929681E-03
   3.67737259E-03
   2.57003307E-03
   2.75186030E-03
   3.62562691E-03
   2.96346541E-03
   1.86644634E-03
   1.86296599E-03
   1.85950682E-03
   2.83921813E-03
   7.44626392E-04
   1.84302486E-03
   3.23273381E-03
   1.22683763E-03
   1.22533343E-03
   1.22383283E-03
   1.22233585E-03
   1.22084271E-03
   2.29301420E-03
   7.39682233E-04
   1.83292397E-03
   3.46011505E-03
   4.04228037E-03
   1.26413209E-03
   1.24323834E-03
   1.33800867E-03
   1.77202991E-03
   1.77517277E-03
   1.07046484E-03
   1.12723757E-03
   1.12596760E-03
   1.24019000E-03
   8.39127973E-03
   4.97739529E-03
   5.49742486E-03
   5.44172991E-03
   5.41219814E-03
   5.58407838E-03
   4.93124360E-03
   5.05431416E-03
   9.14643402E-04
   9.90909175E-04
   9.89927794E-04
   7.35633727E-03
   4.06939955E-03
   7.25779508E-04
   7.25252961E-04
   7.24732759E-04
   7.24207668E-04
   7.23684148E-04
   7.23162608E-04
   1.44894794E-03
   9.10862116E-04
   1.04620226E-03
   1.29201473E-03
   7.20565731E-04
   1.76189421E-03
   1.32023985E-03
   7.19019910E-04
   7.18503143E-04
   7.17987074E-04
   7.17471761E-04
   7.16959126E-04
   7.16445269E-04
   7.15936883E-04
   7.15424540E-04
   7.14916736E-04
   7.14405847E-04
   2.01430870E-03
   1.18050864E-03
   1.18190318E-03
   3.55841988E-03
   2.48259236E-03
   2.46952241E-03
   2.70540081E-03
   7.10360764E-04
   7.09856278E-04
   7.09352549E-04
   7.08849519E-04
   7.08350330E-04
   7.07848754E-04
   7.07347819E-04
   7.06847699E-04
   2.79673189E-03
   7.05859507E-04
   7.05361483E-04
   7.04864098E-04
   7.20098265E-04
   7.20831042E-04
   7.21383782E-04
   7.21904333E-04
   7.22425641E-04
   5.19680465E-03
   3.03607457E-03
   3.05966334E-03
   3.05031589E-03
   5.84790623E-03
   5.88220498E-03
   1.48643006E-03
   1.46505656E-03
   1.53886608E-03
   1.53649983E-03
   2.27527181E-03
   2.28045462E-03
   4.06404678E-03
   2.52595264E-03
   2.51405174E-03
   2.50773923E-03
   6.94130082E-04
   5.73248789E-03
   1.27167394E-03
   1.27005775E-03
   1.26844563E-03
   8.85255693E-04
   1.69658498E-03
   1.53574487E-03
   1.53338828E-03
   6.89835229E-04
   6.15326315E-03
   6.88888191E-04
   5.69393020E-03
   2.80661252E-03
   2.69792089E-03
   2.69065192E-03
   6.86530955E-04
   9.25649237E-03
   6.57469500E-03
   6.85131759E-04
   2.75186938E-03
   2.83060083E-03
   2.83862441E-03
   5.07297320E-03
   4.89362190E-03
   3.43988603E-03
   1.37552491E-03
   2.08954094E-03
   2.05489411E-03
   6.80486264E-04
   8.83916568E-04
   9.02550179E-04
   1.06819149E-03
   2.18206062E-03
   1.47012761E-03
   1.12497259E-03
   1.12370774E-03
   2.17866548E-03
   1.01027009E-03
   9.90199507E-04
   9.89219523E-04
   2.67448672E-03
   1.92365877E-03
   6.34868443E-03
   3.80073441E-03
   3.25867999E-03
   3.47582484E-03
   3.41106812E-03
   1.64542440E-03
   1.66174804E-03
   8.20612186E-04
   2.25743977E-03
   1.90802442E-03
   1.88537571E-03
   2.65679928E-03
   2.64465110E-03
   3.24473134E-03
   3.23422020E-03
   1.00332126E-02
   6.47245860E-03
   1.20111532E-03
   1.19967351E-03
   2.40642694E-03
   8.60693923E-04
   2.03978969E-03
   9.32744704E-04
   9.31875082E-04
   4.05323273E-03
   4.06969478E-03
   9.78503097E-03
   4.60187253E-03
   4.37268103E-03
   4.06639325E-03
   6.60760212E-04
   1.35735376E-03
   1.35919743E-03
   2.25268048E-03
   2.24761153E-03
   1.08767790E-03
   1.10798818E-03
   7.84017029E-04
   7.84631935E-04
   3.71455681E-03
   6.56430086E-04
   6.55999349E-04
   6.82273088E-03
   2.77003041E-03
   1.14844018E-03
   3.60198901E-03
   3.58903804E-03
   5.52038150E-03
   5.55094006E-03
   5.57469158E-03
   2.91245966E-03
   6.51745475E-04
   1.18269923E-03
   1.18409889E-03
   1.01337745E-03
   1.01440481E-03
   3.99950612E-03
   9.13665281E-04
   9.71534115E-04
   4.15968802E-03
   6.47958426E-04
   6.47539506E-04
   6.47123088E-04
   6.46705215E-04
   6.46291417E-04
   6.45873835E-04
   1.32856506E-03
   7.51702406E-04
   6.44629996E-04
   6.44214568E-04
   6.43802457E-04
   6.43388135E-04
   9.78969852E-04
   6.42563798E-04
   6.42150349E-04
   6.41738123E-04
   6.41327875E-04
   6.40916696E-04
   1.04416453E-03
   2.31761974E-03
   1.62695337E-03
   6.39284262E-04
   1.29717344E-03
   7.65448320E-04
   6.38067839E-04
   6.37660793E-04
   6.37254328E-04
   6.36852521E-04
   6.36447105E-04
   6.36042212E-04
   6.35637785E-04
   6.35235221E-04
   2.18663621E-03
   8.72448843E-04
   9.00684507E-04
   2.91619892E-03
   9.99757205E-04
   1.01818633E-03
   6.32433977E-04
   6.32034149E-04
   6.31634844E-04
   1.11718161E-03
   2.22611264E-03
   5.04070520E-03
   3.93265067E-03
   3.89133953E-03
   3.61555861E-03
   6.28869922E-04
   1.52248447E-03
   1.52016839E-03
   1.51785917E-03
   3.88234458E-03
   6.26900815E-04
   6.26509311E-04
   6.26116875E-04
   1.20995450E-03
   1.67949218E-03
   1.00232323E-03
   9.08057787E-04
   8.89378833E-04
   4.68078488E-03
   2.94966483E-03
   6.23008294E-04
   6.22621621E-04
   6.22234074E-04
   6.21849787E-04
   6.21463172E-04
   6.21080457E-04
   6.20698207E-04
   8.43293790E-04
   7.06646650E-04
   6.86739513E-04
   6.19161234E-04
   2.11148872E-03
   2.11595162E-03
   1.04393275E-03
   1.04284356E-03
   7.04660721E-04
   6.28553506E-04
   6.28158508E-04
   8.67322320E-04
   1.14066014E-03
   1.14196201E-03
   6.14982855E-04
   6.14604738E-04
   6.14227145E-04
   6.13850018E-04
   6.13473239E-04
   3.59855872E-03
   2.49529560E-03
   6.12354605E-04
   6.11979747E-04
   1.46405713E-03
   2.21291510E-03
   4.40746080E-03
   5.98005531E-03
   2.76843994E-03
   2.89908727E-03
   3.02086654E-03
   3.01175471E-03
   2.36374489E-03
   2.36933888E-03
   3.03620729E-03
   5.38138673E-03
   3.56687885E-03
   3.55417887E-03
   3.37725249E-03
   3.21248593E-03
   3.22282268E-03
   6.61807181E-03
   3.24361352E-03
   1.03710303E-02
   6.87145349E-03
   6.03883935E-04
   6.03519380E-04
   6.03155233E-04
   1.01757352E-03
   1.47246907E-03
   1.47463882E-03
   8.02588533E-04
   2.47448776E-03
   7.70895800E-04
   7.71490333E-04
   7.52595544E-04
   3.73212271E-03
   1.29462709E-03
   1.29630428E-03
   1.96780940E-03
   5.18388581E-03
   4.90041962E-03
   5.97763865E-04
   7.31516338E-04
   7.12559675E-04
   7.13067653E-04
   7.13576330E-04
   1.46536296E-03
   1.49256899E-03
   1.49479846E-03
   7.51722464E-03
   1.21398910E-03
   1.81806448E-03
   1.84086955E-03
   1.72714179E-03
   2.02922453E-03
   5.92816854E-04
   5.92465512E-04
   5.92114578E-04
   5.91764110E-04
   5.91414049E-04
   5.91069518E-04
   5.90720272E-04
   1.85245287E-03
   1.84902456E-03
   2.83207977E-03
   2.79919966E-03
   2.98814732E-03
   3.32159689E-03
   3.24063818E-03
   3.10871331E-03
   7.27648800E-03
   3.93578550E-03
   3.92032508E-03
   9.12252255E-03
   5.86235081E-04
   5.85891481E-04
   4.32358775E-03
   4.48527513E-03
   4.59512416E-03
   5.03409468E-03
   5.05950116E-03
   1.78257488E-02
   2.42011137E-02
   1.59956142E-02
   6.30011829E-03
   3.23946634E-03
   2.49334518E-02
   1.41362846E-02
   6.93163252E-04
   1.01725780E-03
   1.01622345E-03
   1.01519132E-03
   8.01268208E-04
   8.00626469E-04
   4.60192328E-03
   4.58389893E-03
   1.41800623E-02
   3.02110170E-03
   2.03621648E-02
   1.32633159E-02
   1.29899513E-02
   1.53275421E-02
   9.01523791E-03
   4.01462335E-03
   2.57659727E-03
   1.58953685E-02
   9.59777460E-03
   9.69033595E-03
   1.58655755E-02
   1.46120470E-02
   2.11909949E-03
   2.14307103E-03
   2.22775852E-03
   2.22280133E-03
   4.09684004E-03
   4.06080764E-03
   5.20158326E-03
   3.29248840E-03
   3.39186494E-03
   3.40338913E-03
   1.47688121E-03
   1.47470157E-03
   1.23949395E-03
   4.91057336E-03
   4.25654184E-03
   3.25344806E-03
   5.07381931E-03
   5.09962812E-03
   5.35417115E-03
   4.94056707E-03
   4.56961244E-03
   8.40273313E-03
   1.02766883E-03
   1.02661329E-03
   1.02555985E-03
   3.89037142E-03
   1.63208821E-03
   5.65413269E-04
   5.65095455E-04
   1.51291594E-03
   1.51062873E-03
   1.50834839E-03
   9.80196800E-03
   4.75283852E-03
   4.73030284E-03
   9.05239396E-03
   5.11861360E-03
   4.76455316E-03
   5.01311012E-03
   7.65748555E-04
   7.66335113E-04
   7.66922603E-04
   7.67510966E-04
   4.50894842E-03
   5.60046348E-04
   5.59732784E-04
   5.59419568E-04
   5.59106702E-04
   5.58794185E-04
   5.58484520E-04
   5.58172644E-04
   5.57861174E-04
   5.57553663E-04
   5.57244697E-04
   5.56934276E-04
   5.56624844E-04
   5.56318089E-04
   5.56008657E-04
   5.55702019E-04
   9.05882102E-04
   9.05061897E-04
   9.04243148E-04
   7.64981203E-04
   7.64396333E-04
   7.63812219E-04
   1.46218820E-03
   1.46432780E-03
   1.46647380E-03
   4.09176620E-03
   9.86184925E-04
   1.95206143E-03
   5.51729696E-04
   5.51425386E-04
   5.51124394E-04
   2.43992638E-03
   5.51738963E-03
   3.94955417E-03
   3.79764033E-03
   2.06373073E-03
   2.04854202E-03
   2.44852901E-03
   7.12798676E-03
   1.07528688E-02
   6.92482805E-03
   2.77612428E-03
   7.37435184E-03
   2.27744225E-03
   9.05436464E-04
   9.06256668E-04
   6.70816924E-04
   6.71267102E-04
   1.90658250E-03
   1.90295093E-03
   5.70395309E-03
   3.79418582E-03
   3.09149292E-03
   3.06222984E-03
   3.05286678E-03
   4.24273498E-03
   2.07789917E-03
   2.07358599E-03
   3.02444189E-03
   3.03360284E-03
   4.11705067E-03
   5.41893765E-04
   5.41600224E-04
   3.53165087E-03
   3.70847178E-03
   3.69474408E-03
   4.41021472E-03
   1.34862342E-03
   5.39852423E-04
   5.39562257E-04
   5.39271219E-04
   5.92901837E-04
   5.93253470E-04
   5.93605568E-04
   5.38111897E-04
   5.37822372E-04
   2.16412963E-03
   1.04055589E-03
   1.04163913E-03
   1.04272470E-03
   1.33165508E-03
   1.38807495E-03
   5.35808736E-04
   5.35524625E-04
   9.50613641E-04
   8.38769716E-04
   2.20114342E-03
   1.72767136E-03
   1.73065870E-03
   5.80356224E-03
   2.51893187E-03
   2.52528489E-03
   2.47268402E-03
   5.32684091E-04
   5.32402191E-04
   5.32118778E-04
   8.84434266E-04
   5.31556434E-04
   5.31273952E-04
   5.30991820E-04
   2.72622961E-03
   9.69704066E-04
   5.30152814E-04
   5.29871846E-04
   6.81480975E-04
   6.71785325E-04
   6.72236783E-04
   5.28751407E-04
   4.37247381E-03
   2.70188320E-03
   1.26352429E-03
   3.22752260E-03
   8.14260449E-04
   4.43472154E-03
   2.57306942E-03
   2.49375799E-03
   1.05674274E-03
   1.05785998E-03
   1.43838429E-03
   1.44045474E-03
   3.89981573E-03
   2.45566759E-03
   2.46170536E-03
   1.98929710E-03
   1.98534364E-03
   4.97623486E-03
   2.78589129E-03
   2.79745343E-03
   7.66224111E-04
   7.66811427E-04
   7.67399673E-04
   1.37478963E-03
   1.28984544E-03
   1.28818280E-03
   1.04230049E-03
   6.94982591E-04
   1.12121366E-03
   1.10297650E-03
   1.48483145E-03
   5.19978581E-04
   5.19708265E-04
   5.19438239E-04
   5.19171183E-04
   5.18901739E-04
   5.71736251E-04
   5.18367044E-04
   1.42417359E-03
   5.70864417E-04
   5.70538570E-04
   5.70213189E-04
   4.85261483E-03
   2.16284650E-03
   2.15817383E-03
   1.05339009E-03
   1.89018436E-03
   1.89376064E-03
   1.89735030E-03
   1.42698700E-03
   1.42502284E-03
   1.42299361E-03
   1.42097007E-03
   3.97169916E-03
   5.13851410E-04
   5.13587438E-04
   5.13323757E-04
   5.13060833E-04
   5.12798782E-04
   5.12535917E-04
   1.61881919E-03
   1.62695034E-03
   1.61008572E-03
   1.61268003E-03
   3.60408076E-03
   5.10972342E-04
   5.10711281E-04
   1.44623895E-03
   1.44833222E-03
   2.57913512E-03
   1.20350684E-03
   2.39084172E-03
   1.93486747E-03
   5.08899626E-04
   5.08640718E-04
   5.08382451E-04
   5.08124067E-04
   5.07865916E-04
   5.07608638E-04
   5.07353980E-04
   5.07096644E-04
   5.06839540E-04
   8.26084346E-04
   8.26767122E-04
   2.90102465E-03
   1.28140626E-03
   1.27976539E-03
   5.12195344E-04
   5.12457744E-04
   6.29923714E-04
   2.39042705E-03
   2.38471967E-03
   7.64053641E-03
   5.52411145E-03
   5.49367955E-03
   6.02404447E-03
   5.03030780E-04
   5.02778334E-04
   5.02525596E-04
   5.02273149E-04
   1.01562869E-03
   2.09255423E-03
   1.33911322E-03
   1.33732113E-03
   1.33553392E-03
   9.19197279E-04
   9.20042570E-04
   9.20889433E-04
   1.04583369E-03
   1.23891258E-03
   1.50425499E-03
   1.50651939E-03
   9.29834379E-04
   4.98776499E-04
