   1.00000000    
   1.00000024    
   1.00000024    
   1.00000012    
   1.00000000    
   1.00000012    
   1.00000012    
   1.00000012    
   1.00000036    
   1.00000024    
   1.00000012    
   1.00000024    
   1.00000036    
   1.00000036    
   1.00000048    
   1.00000036    
   1.00000024    
   1.00000036    
   1.00000048    
   1.00000048    
   1.00000060    
   1.00000048    
   1.00000060    
   1.00000060    
   1.00000072    
   1.00000060    
   1.00000083    
   1.00000060    
   1.00000095    
   1.00000083    
   1.00000095    
   1.00000107    
   1.00000107    
   1.00000095    
   1.00000107    
   1.00000119    
   1.00000143    
   1.00000143    
   1.00000131    
   1.00000143    
   1.00000143    
   1.00000143    
   1.00000143    
   1.00000167    
   1.00000143    
   1.00000155    
   1.00000155    
   1.00000143    
   1.00000167    
   1.00000155    
   1.00000155    
   1.00000167    
   1.00000155    
   1.00000167    
   1.00000179    
   1.00000179    
   1.00000191    
   1.00000179    
   1.00000179    
   1.00000179    
   1.00000191    
   1.00000191    
   1.00000191    
   1.00000203    
   1.00000203    
   1.00000203    
   1.00000203    
   1.00000191    
   1.00000203    
   1.00000215    
   1.00000215    
   1.00000179    
   1.00000203    
   1.00000203    
   1.00000203    
   1.00000191    
   1.00000203    
   1.00000215    
   1.00000215    
   1.00000203    
   1.00000191    
   1.00000203    
   1.00000179    
   1.00000203    
   1.00000191    
   1.00000191    
   1.00000191    
   1.00000191    
   1.00000191    
   1.00000203    
   1.00000191    
   1.00000191    
   1.00000167    
   1.00000155    
   1.00000167    
   1.00000167    
   1.00000155    
   1.00000155    
   1.00000167    
   1.00000179    
   1.00000155    
   1.00000179    
   1.00000143    
   1.00000155    
   1.00000143    
   1.00000095    
   1.00000167    
   1.00000119    
   1.00000107    
   1.00000131    
   1.00000095    
   1.00000095    
   1.00000107    
   1.00000107    
   1.00000119    
   1.00000083    
   1.00000107    
   1.00000072    
   1.00000060    
   1.00000072    
   1.00000107    
   1.00000095    
   1.00000107    
   1.00000119    
   1.00000107    
   1.00000083    
   1.00000107    
   1.00000095    
   1.00000095    
   1.00000060    
   1.00000095    
   1.00000060    
   1.00000048    
   1.00000095    
   1.00000060    
   1.00000000    
   1.00000024    
   1.00000000    
   1.00000024    
   1.00000012    
   1.00000036    
  0.999999821    
   1.00000012    
   1.00000048    
   1.00000012    
   1.00000024    
  0.999999762    
  0.999999583    
  0.999999642    
  0.999999642    
  0.999999642    
  0.999999642    
  0.999999285    
  0.999999285    
  0.999999166    
  0.999999464    
  0.999999583    
  0.999999523    
  0.999999166    
  0.999998808    
  0.999998450    
  0.999998629    
  0.999998748    
  0.999998510    
  0.999998569    
  0.999998033    
  0.999998212    
  0.999997795    
  0.999998033    
  0.999997854    
  0.999997735    
  0.999997318    
  0.999997556    
  0.999997616    
  0.999997616    
  0.999997139    
  0.999997079    
  0.999996662    
  0.999997258    
  0.999996662    
  0.999996543    
  0.999996483    
  0.999995947    
  0.999996424    
  0.999996066    
  0.999995947    
  0.999995887    
  0.999996006    
  0.999995947    
  0.999995828    
  0.999995947    
  0.999995053    
  0.999995112    
  0.999995649    
  0.999994993    
  0.999996424    
  0.999995708    
  0.999995291    
  0.999996185    
  0.999997973    
   1.00000000    
