   0.00000000       0.00000000       0.00000000       1.00000000    
   0.00000000       0.00000000       4.73481850E-05   1.00000012    
   0.00000000       0.00000000       1.89182407E-04   1.00000012    
   0.00000000       0.00000000       4.25568782E-04  0.999999940    
   0.00000000       0.00000000       7.56483059E-04  0.999999702    
   0.00000000       0.00000000       1.18181703E-03  0.999999344    
   0.00000000       0.00000000       1.70190784E-03  0.999998629    
   0.00000000       0.00000000       2.31644977E-03  0.999997377    
   0.00000000       0.00000000       3.02522141E-03  0.999995589    
   0.00000000       0.00000000       3.82884732E-03  0.999992788    
   0.00000000       0.00000000       4.72669117E-03  0.999988914    
   0.00000000       0.00000000       5.71937161E-03  0.999983788    
   0.00000000       0.00000000       6.80638384E-03  0.999976993    
   0.00000000       0.00000000       7.98822846E-03  0.999968290    
   0.00000000       0.00000000       9.26442631E-03  0.999957323    
   0.00000000       0.00000000       1.06346346E-02  0.999943614    
   0.00000000       0.00000000       1.21000009E-02  0.999926925    
   0.00000000       0.00000000       1.36594530E-02  0.999906898    
   0.00000000       0.00000000       1.53137855E-02  0.999882996    
   0.00000000       0.00000000       1.70624480E-02  0.999854684    
   0.00000000       0.00000000       1.89055000E-02  0.999821544    
   0.00000000       0.00000000       2.08429471E-02  0.999782979    
   0.00000000       0.00000000       2.28748266E-02  0.999738634    
   0.00000000       0.00000000       2.50013359E-02  0.999687731    
   0.00000000       0.00000000       2.72216387E-02  0.999629796    
   0.00000000       0.00000000       2.95368824E-02  0.999563992    
   0.00000000       0.00000000       3.19462232E-02  0.999490023    
   0.00000000       0.00000000       3.44497636E-02  0.999406755    
   0.00000000       0.00000000       3.70476916E-02  0.999313951    
   0.00000000       0.00000000       3.97396088E-02  0.999210477    
   0.00000000       0.00000000       4.25260626E-02  0.999095798    
   0.00000000       0.00000000       4.54057977E-02  0.998969138    
   0.00000000       0.00000000       4.83798347E-02  0.998829544    
   0.00000000       0.00000000       5.14459312E-02  0.998676300    
   0.00000000       0.00000000       5.46043105E-02  0.998508632    
   0.00000000       0.00000000       5.78528158E-02  0.998325706    
   0.00000000       0.00000000       6.11899719E-02  0.998126864    
   0.00000000       0.00000000       6.46141693E-02  0.997911036    
   0.00000000       0.00000000       6.81232885E-02  0.997677565    
   0.00000000       0.00000000       7.17163682E-02  0.997425795    
   0.00000000       0.00000000       7.53911138E-02  0.997154772    
   0.00000000       0.00000000       7.91459754E-02  0.996863782    
   0.00000000       0.00000000       8.29792619E-02  0.996551991    
   0.00000000       0.00000000       8.68892819E-02  0.996218801    
   0.00000000       0.00000000       9.08740759E-02  0.995863140    
   0.00000000       0.00000000       9.49323848E-02  0.995484531    
   0.00000000       0.00000000       9.90620106E-02  0.995082021    
   0.00000000       0.00000000      0.103261299      0.994655013    
   0.00000000       0.00000000      0.107528664      0.994202793    
   0.00000000       0.00000000      0.111862652      0.993724465    
   0.00000000       0.00000000      0.116261110      0.993219495    
   0.00000000       0.00000000      0.120722517      0.992687166    
   0.00000000       0.00000000      0.125245214      0.992126584    
   0.00000000       0.00000000      0.129827634      0.991537392    
   0.00000000       0.00000000      0.134467825      0.990918875    
   0.00000000       0.00000000      0.139164418      0.990270197    
   0.00000000       0.00000000      0.143915534      0.989590943    
   0.00000000       0.00000000      0.148719668      0.988880336    
   0.00000000       0.00000000      0.153574780      0.988137901    
   0.00000000       0.00000000      0.158479691      0.987363160    
   0.00000000       0.00000000      0.163432658      0.986555457    
   0.00000000       0.00000000      0.168431774      0.985714257    
   0.00000000       0.00000000      0.173475713      0.984839141    
   0.00000000       0.00000000      0.178562835      0.983929515    
   0.00000000       0.00000000      0.183691144      0.982985020    
   0.00000000       0.00000000      0.188859344      0.982005179    
   0.00000000       0.00000000      0.194065616      0.980989575    
   0.00000000       0.00000000      0.199308604      0.979937732    
   0.00000000       0.00000000      0.204586655      0.978849471    
   0.00000000       0.00000000      0.209898189      0.977724314    
   0.00000000       0.00000000      0.215241447      0.976561964    
   0.00000000       0.00000000      0.220614642      0.975362003    
   0.00000000       0.00000000      0.226016760      0.974124432    
   0.00000000       0.00000000      0.231445715      0.972848833    
   0.00000000       0.00000000      0.236900344      0.971534967    
   0.00000000       0.00000000      0.242378756      0.970182717    
   0.00000000       0.00000000      0.247879565      0.968791902    
   0.00000000       0.00000000      0.253401309      0.967362344    
   0.00000000       0.00000000      0.258942157      0.965893924    
   0.00000000       0.00000000      0.264500618      0.964386582    
   0.00000000       0.00000000      0.270075321      0.962840199    
   0.00000000       0.00000000      0.275664836      0.961254835    
   0.00000000       0.00000000      0.281267464      0.959630370    
   0.00000000       0.00000000      0.286881775      0.957967043    
   0.00000000       0.00000000      0.292506009      0.956264675    
   0.00000000       0.00000000      0.298139066      0.954523444    
   0.00000000       0.00000000      0.303779125      0.952743471    
   0.00000000       0.00000000      0.309425205      0.950924814    
   0.00000000       0.00000000      0.315075308      0.949067652    
   0.00000000       0.00000000      0.320728064      0.947172403    
   0.00000000       0.00000000      0.326382130      0.945238948    
   0.00000000       0.00000000      0.332036316      0.943267584    
   0.00000000       0.00000000      0.337688655      0.941258788    
   0.00000000       0.00000000      0.343338102      0.939212739    
   0.00000000       0.00000000      0.348983049      0.937129915    
   0.00000000       0.00000000      0.354622364      0.935010493    
   0.00000000       0.00000000      0.360254437      0.932854891    
   0.00000000       0.00000000      0.365877926      0.930663705    
   0.00000000       0.00000000      0.371491462      0.928437293    
   0.00000000       0.00000000      0.377093852      0.926176012    
   0.00000000       0.00000000      0.382683456      0.923880398    
   0.00000000       0.00000000      0.388259143      0.921551168    
   0.00000000       0.00000000      0.393819451      0.919188619    
   0.00000000       0.00000000      0.399363279      0.916793585    
   0.00000000       0.00000000      0.404889256      0.914366543    
   0.00000000       0.00000000      0.410395712      0.911908090    
   0.00000000       0.00000000      0.415882051      0.909419477    
   0.00000000       0.00000000      0.421346486      0.906900406    
   0.00000000       0.00000000      0.426788032      0.904352307    
   0.00000000       0.00000000      0.432205319      0.901775956    
   0.00000000       0.00000000      0.437597126      0.899171710    
   0.00000000       0.00000000      0.442962408      0.896540761    
   0.00000000       0.00000000      0.448299676      0.893883944    
   0.00000000       0.00000000      0.453608125      0.891201854    
   0.00000000       0.00000000      0.458886236      0.888495684    
   0.00000000       0.00000000      0.464133143      0.885765910    
   0.00000000       0.00000000      0.469347507      0.883014143    
   0.00000000       0.00000000      0.474528253      0.880240679    
   0.00000000       0.00000000      0.479674309      0.877446949    
   0.00000000       0.00000000      0.484784424      0.874634087    
   0.00000000       0.00000000      0.489857912      0.871802926    
   0.00000000       0.00000000      0.494893253      0.868954301    
   0.00000000       0.00000000      0.499889672      0.866089702    
   0.00000000       0.00000000      0.504846036      0.863210082    
   0.00000000       0.00000000      0.509761333      0.860316455    
   0.00000000       0.00000000      0.514634430      0.857410192    
   0.00000000       0.00000000      0.519464433      0.854492664    
   0.00000000       0.00000000      0.524250329      0.851564765    
   0.00000000       0.00000000      0.528991282      0.848627806    
   0.00000000       0.00000000      0.533686161      0.845682979    
   0.00000000       0.00000000      0.538334131      0.842732012    
   0.00000000       0.00000000      0.542934299      0.839775503    
   0.00000000       0.00000000      0.547485769      0.836815298    
   0.00000000       0.00000000      0.551987410      0.833853006    
   0.00000000       0.00000000      0.556438386      0.830889225    
   0.00000000       0.00000000      0.560838044      0.827925563    
   0.00000000       0.00000000      0.565185487      0.824964046    
   0.00000000       0.00000000      0.569479525      0.822005510    
   0.00000000       0.00000000      0.573719800      0.819051802    
   0.00000000       0.00000000      0.577905118      0.816104054    
   0.00000000       0.00000000      0.582034945      0.813163996    
   0.00000000       0.00000000      0.586108327      0.810232580    
   0.00000000       0.00000000      0.590124428      0.807312369    
   0.00000000       0.00000000      0.594082713      0.804404259    
   0.00000000       0.00000000      0.597981989      0.801509619    
   0.00000000       0.00000000      0.601821840      0.798630476    
   0.00000000       0.00000000      0.605601311      0.795768082    
   0.00000000       0.00000000      0.609319925      0.792924225    
   0.00000000       0.00000000      0.612976789      0.790100694    
   0.00000000       0.00000000      0.616571128      0.787298977    
   0.00000000       0.00000000      0.620102286      0.784520745    
   0.00000000       0.00000000      0.623569667      0.781767547    
   0.00000000       0.00000000      0.626972258      0.779041111    
   0.00000000       0.00000000      0.630309522      0.776343465    
   0.00000000       0.00000000      0.633580923      0.773675859    
   0.00000000       0.00000000      0.636785626      0.771040559    
   0.00000000       0.00000000      0.639922857      0.768438876    
   0.00000000       0.00000000      0.642992079      0.765872478    
   0.00000000       0.00000000      0.645992398      0.763343275    
   0.00000000       0.00000000      0.648923516      0.760852873    
   0.00000000       0.00000000      0.651784360      0.758403301    
   0.00000000       0.00000000      0.654574394      0.755996704    
   0.00000000       0.00000000      0.657293081      0.753634214    
   0.00000000       0.00000000      0.659939528      0.751317739    
   0.00000000       0.00000000      0.662513435      0.749049067    
   0.00000000       0.00000000      0.665013611      0.746829927    
   0.00000000       0.00000000      0.667439938      0.744662404    
   0.00000000       0.00000000      0.669791698      0.742547572    
   0.00000000       0.00000000      0.672068357      0.740487754    
   0.00000000       0.00000000      0.674269795      0.738483667    
   0.00000000       0.00000000      0.676395774      0.736536801    
   0.00000000       0.00000000      0.678446889      0.734647632    
   0.00000000       0.00000000      0.680423558      0.732817411    
   0.00000000       0.00000000      0.682326138      0.731046259    
   0.00000000       0.00000000      0.684155405      0.729334652    
   0.00000000       0.00000000      0.685911179      0.727683306    
   0.00000000       0.00000000      0.687594712      0.726092696    
   0.00000000       0.00000000      0.689205885      0.724563241    
   0.00000000       0.00000000      0.690745533      0.723096013    
   0.00000000       0.00000000      0.692213535      0.721690476    
   0.00000000       0.00000000      0.693610668      0.720347643    
   0.00000000       0.00000000      0.694937408      0.719067812    
   0.00000000       0.00000000      0.696193516      0.717851341    
   0.00000000       0.00000000      0.697380185      0.716698885    
   0.00000000       0.00000000      0.698497057      0.715610147    
   0.00000000       0.00000000      0.699544966      0.714585781    
   0.00000000       0.00000000      0.700523734      0.713626206    
   0.00000000       0.00000000      0.701433897      0.712731719    
   0.00000000       0.00000000      0.702275574      0.711902380    
   0.00000000       0.00000000      0.703048944      0.711138546    
   0.00000000       0.00000000      0.703754544      0.710440338    
   0.00000000       0.00000000      0.704391778      0.709807932    
   0.00000000       0.00000000      0.704961896      0.709241748    
   0.00000000       0.00000000      0.705465198      0.708741486    
   0.00000000       0.00000000      0.705900073      0.708307922    
   0.00000000       0.00000000      0.706269324      0.707940698    
   0.00000000       0.00000000      0.706569850      0.707640290    
   0.00000000       0.00000000      0.706803799      0.707406282    
   0.00000000       0.00000000      0.706971526      0.707239330    
   0.00000000       0.00000000      0.707073212      0.707138896    
   0.00000000       0.00000000      0.707108080      0.707105517    
