   0.00000000    
   1.37499999E-02
   2.74999999E-02
   4.12500016E-02
   5.49999997E-02
   6.87500015E-02
   8.25000033E-02
   9.62499976E-02
  0.109999999    
  0.123750001    
  0.137500003    
  0.151250005    
  0.165000007    
  0.178749993    
  0.192499995    
  0.206249997    
  0.219999999    
  0.233750001    
  0.247500002    
  0.261249989    
  0.275000006    
  0.288749993    
  0.302500010    
  0.316249996    
  0.330000013    
  0.343750000    
  0.357499987    
  0.371250004    
  0.384999990    
  0.398750007    
  0.412499994    
  0.426250011    
  0.439999998    
  0.453750014    
  0.467500001    
  0.481249988    
  0.495000005    
  0.508750021    
  0.522499979    
  0.536249995    
  0.550000012    
  0.563750029    
  0.577499986    
  0.591250002    
  0.605000019    
  0.618749976    
  0.632499993    
  0.646250010    
  0.660000026    
  0.673749983    
  0.687500000    
  0.701250017    
  0.714999974    
  0.728749990    
  0.742500007    
  0.756250024    
  0.769999981    
  0.783749998    
  0.797500014    
  0.811249971    
  0.824999988    
  0.838750005    
  0.852500021    
  0.866249979    
  0.879999995    
  0.893750012    
  0.907500029    
  0.921249986    
  0.935000002    
  0.948750019    
  0.962499976    
  0.976249993    
  0.990000010    
   1.00374997    
   1.01750004    
   1.03125000    
   1.04499996    
   1.05875003    
   1.07249999    
   1.08624995    
   1.10000002    
   1.11374998    
   1.12750006    
   1.14125001    
   1.15499997    
   1.16875005    
   1.18250000    
   1.19624996    
   1.21000004    
   1.22375000    
   1.23749995    
   1.25125003    
   1.26499999    
   1.27874994    
   1.29250002    
   1.30624998    
   1.32000005    
   1.33375001    
   1.34749997    
   1.36125004    
   1.37500000    
   1.38874996    
   1.40250003    
   1.41624999    
   1.42999995    
   1.44375002    
   1.45749998    
   1.47125006    
   1.48500001    
   1.49874997    
   1.51250005    
   1.52625000    
   1.53999996    
   1.55375004    
   1.56750000    
   1.58124995    
   1.59500003    
   1.60874999    
   1.62249994    
   1.63625002    
   1.64999998    
   1.66375005    
   1.67750001    
   1.69124997    
   1.70500004    
   1.71875000    
   1.73249996    
   1.74625003    
   1.75999999    
   1.77374995    
   1.78750002    
   1.80124998    
   1.81500006    
   1.82875001    
   1.84249997    
   1.85625005    
   1.87000000    
   1.88374996    
   1.89750004    
   1.91125000    
   1.92499995    
   1.93875003    
   1.95249999    
   1.96624994    
   1.98000002    
   1.99374998    
   2.00749993    
   2.02125001    
   2.03500009    
   2.04874992    
   2.06250000    
   2.07625008    
   2.08999991    
   2.10374999    
   2.11750007    
   2.13124990    
   2.14499998    
   2.15875006    
   2.17249990    
   2.18624997    
   2.20000005    
   2.21374989    
   2.22749996    
   2.24125004    
   2.25500011    
   2.26874995    
   2.28250003    
   2.29625010    
   2.30999994    
   2.32375002    
   2.33750010    
   2.35124993    
   2.36500001    
   2.37875009    
   2.39249992    
   2.40625000    
   2.42000008    
   2.43374991    
   2.44749999    
   2.46125007    
   2.47499990    
   2.48874998    
   2.50250006    
   2.51624990    
   2.52999997    
   2.54375005    
   2.55749989    
   2.57124996    
   2.58500004    
   2.59875011    
   2.61249995    
   2.62625003    
   2.64000010    
   2.65374994    
   2.66750002    
   2.68125010    
   2.69499993    
   2.70875001    
   2.72250009    
   2.73624992    
   2.75000000    
