   0.00000000       0.00000000       0.00000000    
   0.00000000       0.00000000       1.25334524E-02
   0.00000000       0.00000000       2.50665732E-02
   0.00000000       0.00000000       3.75991054E-02
   0.00000000       0.00000000       5.01313135E-02
   0.00000000       0.00000000       6.26630411E-02
   0.00000000       0.00000000       7.51942545E-02
   0.00000000       0.00000000       8.77251029E-02
   0.00000000       0.00000000      0.100255460    
   0.00000000       0.00000000      0.112785399    
   0.00000000       0.00000000      0.125314698    
   0.00000000       0.00000000      0.137843445    
   0.00000000       0.00000000      0.150371939    
   0.00000000       0.00000000      0.162899569    
   0.00000000       0.00000000      0.175426811    
   0.00000000       0.00000000      0.187953398    
   0.00000000       0.00000000      0.200479656    
   0.00000000       0.00000000      0.213005081    
   0.00000000       0.00000000      0.225529999    
   0.00000000       0.00000000      0.238054350    
   0.00000000       0.00000000      0.250577927    
   0.00000000       0.00000000      0.263100863    
   0.00000000       0.00000000      0.275623500    
   0.00000000       0.00000000      0.288144827    
   0.00000000       0.00000000      0.300665855    
   0.00000000       0.00000000      0.313186347    
   0.00000000       0.00000000      0.325706005    
   0.00000000       0.00000000      0.338224471    
   0.00000000       0.00000000      0.350742966    
   0.00000000       0.00000000      0.363259763    
   0.00000000       0.00000000      0.375776291    
   0.00000000       0.00000000      0.388291746    
   0.00000000       0.00000000      0.400807142    
   0.00000000       0.00000000      0.413320422    
   0.00000000       0.00000000      0.425833344    
   0.00000000       0.00000000      0.438345313    
   0.00000000       0.00000000      0.450856477    
   0.00000000       0.00000000      0.463366330    
   0.00000000       0.00000000      0.475875556    
   0.00000000       0.00000000      0.488383174    
   0.00000000       0.00000000      0.500889957    
   0.00000000       0.00000000      0.513395548    
   0.00000000       0.00000000      0.525900126    
   0.00000000       0.00000000      0.538403988    
   0.00000000       0.00000000      0.550905704    
   0.00000000       0.00000000      0.563405752    
   0.00000000       0.00000000      0.575905442    
   0.00000000       0.00000000      0.588402987    
   0.00000000       0.00000000      0.600898981    
   0.00000000       0.00000000      0.613394737    
   0.00000000       0.00000000      0.625888288    
   0.00000000       0.00000000      0.638379812    
   0.00000000       0.00000000      0.650869727    
   0.00000000       0.00000000      0.663358152    
   0.00000000       0.00000000      0.675845027    
   0.00000000       0.00000000      0.688329697    
   0.00000000       0.00000000      0.700812042    
   0.00000000       0.00000000      0.713292003    
   0.00000000       0.00000000      0.725770235    
   0.00000000       0.00000000      0.738246083    
   0.00000000       0.00000000      0.750719428    
   0.00000000       0.00000000      0.763190269    
   0.00000000       0.00000000      0.775658250    
   0.00000000       0.00000000      0.788123548    
   0.00000000       0.00000000      0.800584733    
   0.00000000       0.00000000      0.813044310    
   0.00000000       0.00000000      0.825499535    
   0.00000000       0.00000000      0.837951303    
   0.00000000       0.00000000      0.850400984    
   0.00000000       0.00000000      0.862844825    
   0.00000000       0.00000000      0.875285625    
   0.00000000       0.00000000      0.887721121    
   0.00000000       0.00000000      0.900149167    
   0.00000000       0.00000000      0.912575781    
   0.00000000       0.00000000      0.924994588    
   0.00000000       0.00000000      0.937408268    
   0.00000000       0.00000000      0.949814916    
   0.00000000       0.00000000      0.962212861    
   0.00000000       0.00000000      0.974610865    
   0.00000000       0.00000000      0.986984909    
   0.00000000       0.00000000      0.999362588    
   0.00000000       0.00000000       1.01172900    
   0.00000000       0.00000000       1.02407956    
   0.00000000       0.00000000       1.03642344    
   0.00000000       0.00000000       1.04873967    
   0.00000000       0.00000000       1.06105447    
   0.00000000       0.00000000       1.07334197    
   0.00000000       0.00000000       1.08562207    
   0.00000000       0.00000000       1.09786296    
   0.00000000       0.00000000       1.11008096    
   0.00000000       0.00000000       1.12226260    
   0.00000000       0.00000000       1.13442743    
   0.00000000       0.00000000       1.14650095    
   0.00000000       0.00000000       1.15857899    
   0.00000000       0.00000000       1.17048240    
   0.00000000       0.00000000       1.18240476    
   0.00000000       0.00000000       1.19402552    
   0.00000000       0.00000000       1.20560241    
   0.00000000       0.00000000       1.21612799    
   0.00000000       0.00000000       1.22700047    
   0.00000000       0.00000000       1.23152089    
   0.00000000       0.00000000       1.22700238    
   0.00000000       0.00000000       1.21612835    
   0.00000000       0.00000000       1.20560360    
   0.00000000       0.00000000       1.19402671    
   0.00000000       0.00000000       1.18240559    
   0.00000000       0.00000000       1.17048478    
   0.00000000       0.00000000       1.15858078    
   0.00000000       0.00000000       1.14650059    
   0.00000000       0.00000000       1.13442767    
   0.00000000       0.00000000       1.12226224    
   0.00000000       0.00000000       1.11008310    
   0.00000000       0.00000000       1.09786415    
   0.00000000       0.00000000       1.08562338    
   0.00000000       0.00000000       1.07334363    
   0.00000000       0.00000000       1.06105638    
   0.00000000       0.00000000       1.04874146    
   0.00000000       0.00000000       1.03642583    
   0.00000000       0.00000000       1.02408350    
   0.00000000       0.00000000       1.01173198    
   0.00000000       0.00000000      0.999365628    
   0.00000000       0.00000000      0.986988544    
   0.00000000       0.00000000      0.974613965    
   0.00000000       0.00000000      0.962215304    
   0.00000000       0.00000000      0.949817300    
   0.00000000       0.00000000      0.937410235    
   0.00000000       0.00000000      0.924997032    
   0.00000000       0.00000000      0.912577569    
   0.00000000       0.00000000      0.900150478    
   0.00000000       0.00000000      0.887722611    
   0.00000000       0.00000000      0.875287712    
   0.00000000       0.00000000      0.862846971    
   0.00000000       0.00000000      0.850402772    
   0.00000000       0.00000000      0.837954462    
   0.00000000       0.00000000      0.825502038    
   0.00000000       0.00000000      0.813045979    
   0.00000000       0.00000000      0.800588131    
   0.00000000       0.00000000      0.788125992    
   0.00000000       0.00000000      0.775660515    
   0.00000000       0.00000000      0.763192415    
   0.00000000       0.00000000      0.750721991    
   0.00000000       0.00000000      0.738247573    
   0.00000000       0.00000000      0.725772738    
   0.00000000       0.00000000      0.713294744    
   0.00000000       0.00000000      0.700814307    
   0.00000000       0.00000000      0.688332021    
   0.00000000       0.00000000      0.675847411    
   0.00000000       0.00000000      0.663359821    
   0.00000000       0.00000000      0.650871813    
   0.00000000       0.00000000      0.638381600    
   0.00000000       0.00000000      0.625889361    
   0.00000000       0.00000000      0.613396168    
   0.00000000       0.00000000      0.600901127    
   0.00000000       0.00000000      0.588405371    
   0.00000000       0.00000000      0.575906515    
   0.00000000       0.00000000      0.563407600    
   0.00000000       0.00000000      0.550906658    
   0.00000000       0.00000000      0.538405359    
   0.00000000       0.00000000      0.525901914    
   0.00000000       0.00000000      0.513397455    
   0.00000000       0.00000000      0.500891566    
   0.00000000       0.00000000      0.488384813    
   0.00000000       0.00000000      0.475876808    
   0.00000000       0.00000000      0.463367909    
   0.00000000       0.00000000      0.450857580    
   0.00000000       0.00000000      0.438346595    
   0.00000000       0.00000000      0.425834537    
   0.00000000       0.00000000      0.413321733    
   0.00000000       0.00000000      0.400807470    
   0.00000000       0.00000000      0.388292372    
   0.00000000       0.00000000      0.375777245    
   0.00000000       0.00000000      0.363260716    
   0.00000000       0.00000000      0.350743473    
   0.00000000       0.00000000      0.338225305    
   0.00000000       0.00000000      0.325706542    
   0.00000000       0.00000000      0.313186646    
   0.00000000       0.00000000      0.300666422    
   0.00000000       0.00000000      0.288145363    
   0.00000000       0.00000000      0.275623590    
   0.00000000       0.00000000      0.263101190    
   0.00000000       0.00000000      0.250578314    
   0.00000000       0.00000000      0.238054514    
   0.00000000       0.00000000      0.225530177    
   0.00000000       0.00000000      0.213005215    
   0.00000000       0.00000000      0.200479776    
   0.00000000       0.00000000      0.187953576    
   0.00000000       0.00000000      0.175426960    
   0.00000000       0.00000000      0.162899718    
   0.00000000       0.00000000      0.150371864    
   0.00000000       0.00000000      0.137843519    
   0.00000000       0.00000000      0.125314817    
   0.00000000       0.00000000      0.112785339    
   0.00000000       0.00000000      0.100255474    
   0.00000000       0.00000000       8.77252147E-02
   0.00000000       0.00000000       7.51942545E-02
   0.00000000       0.00000000       6.26629889E-02
   0.00000000       0.00000000       5.01313172E-02
   0.00000000       0.00000000       3.75991277E-02
   0.00000000       0.00000000       2.50665434E-02
   0.00000000       0.00000000       1.25334887E-02
   0.00000000       0.00000000       0.00000000    
