   0.00000000       0.00000000      0.996695995    
   0.00000000       0.00000000      0.996669650    
   0.00000000       0.00000000      0.996622801    
   0.00000000       0.00000000      0.996596992    
   0.00000000       0.00000000      0.996558785    
   0.00000000       0.00000000      0.996517956    
   0.00000000       0.00000000      0.996488929    
   0.00000000       0.00000000      0.996449769    
   0.00000000       0.00000000      0.996416628    
   0.00000000       0.00000000      0.996365726    
   0.00000000       0.00000000      0.996321797    
   0.00000000       0.00000000      0.996301591    
   0.00000000       0.00000000      0.996232986    
   0.00000000       0.00000000      0.996202111    
   0.00000000       0.00000000      0.996149957    
   0.00000000       0.00000000      0.996123970    
   0.00000000       0.00000000      0.996057630    
   0.00000000       0.00000000      0.996017218    
   0.00000000       0.00000000      0.995972276    
   0.00000000       0.00000000      0.995910645    
   0.00000000       0.00000000      0.995859683    
   0.00000000       0.00000000      0.995835960    
   0.00000000       0.00000000      0.995731711    
   0.00000000       0.00000000      0.995707989    
   0.00000000       0.00000000      0.995665312    
   0.00000000       0.00000000      0.995598972    
   0.00000000       0.00000000      0.995504200    
   0.00000000       0.00000000      0.995506525    
   0.00000000       0.00000000      0.995371461    
   0.00000000       0.00000000      0.995350122    
   0.00000000       0.00000000      0.995264828    
   0.00000000       0.00000000      0.995260060    
   0.00000000       0.00000000      0.995091796    
   0.00000000       0.00000000      0.995063365    
   0.00000000       0.00000000      0.994987547    
   0.00000000       0.00000000      0.994923532    
   0.00000000       0.00000000      0.994819283    
   0.00000000       0.00000000      0.994769514    
   0.00000000       0.00000000      0.994641483    
   0.00000000       0.00000000      0.994575143    
   0.00000000       0.00000000      0.994480371    
   0.00000000       0.00000000      0.994399786    
   0.00000000       0.00000000      0.994342864    
   0.00000000       0.00000000      0.994172275    
   0.00000000       0.00000000      0.994039536    
   0.00000000       0.00000000      0.994011104    
   0.00000000       0.00000000      0.993840456    
   0.00000000       0.00000000      0.993717194    
   0.00000000       0.00000000      0.993698239    
   0.00000000       0.00000000      0.993522882    
   0.00000000       0.00000000      0.993361712    
   0.00000000       0.00000000      0.993233740    
   0.00000000       0.00000000      0.993115246    
   0.00000000       0.00000000      0.992991984    
   0.00000000       0.00000000      0.992816627    
   0.00000000       0.00000000      0.992631793    
   0.00000000       0.00000000      0.992442191    
   0.00000000       0.00000000      0.992304742    
   0.00000000       0.00000000      0.992115140    
   0.00000000       0.00000000      0.991916060    
   0.00000000       0.00000000      0.991716981    
   0.00000000       0.00000000      0.991489470    
   0.00000000       0.00000000      0.991276145    
   0.00000000       0.00000000      0.990949094    
   0.00000000       0.00000000      0.990821123    
   0.00000000       0.00000000      0.990475118    
   0.00000000       0.00000000      0.990200162    
   0.00000000       0.00000000      0.990034282    
   0.00000000       0.00000000      0.989569783    
   0.00000000       0.00000000      0.989328027    
   0.00000000       0.00000000      0.988906205    
   0.00000000       0.00000000      0.988313675    
   0.00000000       0.00000000      0.988199949    
   0.00000000       0.00000000      0.987578988    
   0.00000000       0.00000000      0.987171352    
   0.00000000       0.00000000      0.986612082    
   0.00000000       0.00000000      0.985920012    
   0.00000000       0.00000000      0.985924780    
   0.00000000       0.00000000      0.984019339    
   0.00000000       0.00000000      0.984308481    
   0.00000000       0.00000000      0.983412623    
   0.00000000       0.00000000      0.982151806    
   0.00000000       0.00000000      0.981620908    
   0.00000000       0.00000000      0.979421616    
   0.00000000       0.00000000      0.979307830    
   0.00000000       0.00000000      0.977136910    
   0.00000000       0.00000000      0.976549208    
   0.00000000       0.00000000      0.973430336    
   0.00000000       0.00000000      0.971610188    
   0.00000000       0.00000000      0.968718827    
   0.00000000       0.00000000      0.967382133    
   0.00000000       0.00000000      0.960120559    
   0.00000000       0.00000000      0.960480809    
   0.00000000       0.00000000      0.946592808    
   0.00000000       0.00000000      0.948100090    
   0.00000000       0.00000000      0.924116075    
   0.00000000       0.00000000      0.920627475    
   0.00000000       0.00000000      0.837024570    
   0.00000000       0.00000000      0.864610970    
   0.00000000       0.00000000      0.359476417    
   0.00000000       0.00000000     -0.359324753    
   0.00000000       0.00000000     -0.864734173    
   0.00000000       0.00000000     -0.836958170    
   0.00000000       0.00000000     -0.920627475    
   0.00000000       0.00000000     -0.924144506    
   0.00000000       0.00000000     -0.947976887    
   0.00000000       0.00000000     -0.946640193    
   0.00000000       0.00000000     -0.960651457    
   0.00000000       0.00000000     -0.960073173    
   0.00000000       0.00000000     -0.967429578    
   0.00000000       0.00000000     -0.968519747    
   0.00000000       0.00000000     -0.971686006    
   0.00000000       0.00000000     -0.973420858    
   0.00000000       0.00000000     -0.976520777    
   0.00000000       0.00000000     -0.977117956    
   0.00000000       0.00000000     -0.979317307    
   0.00000000       0.00000000     -0.979374170    
   0.00000000       0.00000000     -0.981497705    
   0.00000000       0.00000000     -0.982227623    
   0.00000000       0.00000000     -0.983407855    
   0.00000000       0.00000000     -0.984261036    
   0.00000000       0.00000000     -0.984061956    
   0.00000000       0.00000000     -0.985976934    
   0.00000000       0.00000000     -0.985924780    
   0.00000000       0.00000000     -0.986645222    
   0.00000000       0.00000000     -0.987133443    
   0.00000000       0.00000000     -0.987631142    
   0.00000000       0.00000000     -0.988237858    
   0.00000000       0.00000000     -0.988299489    
   0.00000000       0.00000000     -0.988858819    
   0.00000000       0.00000000     -0.989323318    
   0.00000000       0.00000000     -0.989598215    
   0.00000000       0.00000000     -0.989925265    
   0.00000000       0.00000000     -0.990252316    
   0.00000000       0.00000000     -0.990541458    
   0.00000000       0.00000000     -0.990683675    
   0.00000000       0.00000000     -0.991024911    
   0.00000000       0.00000000     -0.991290390    
   0.00000000       0.00000000     -0.991498947    
   0.00000000       0.00000000     -0.991683781    
   0.00000000       0.00000000     -0.992001355    
   0.00000000       0.00000000     -0.992034554    
   0.00000000       0.00000000     -0.992285788    
   0.00000000       0.00000000     -0.992480099    
   0.00000000       0.00000000     -0.992627025    
   0.00000000       0.00000000     -0.992811918    
   0.00000000       0.00000000     -0.993048906    
   0.00000000       0.00000000     -0.993082047    
   0.00000000       0.00000000     -0.993257463    
   0.00000000       0.00000000     -0.993418634    
   0.00000000       0.00000000     -0.993494451    
   0.00000000       0.00000000     -0.993641376    
   0.00000000       0.00000000     -0.993698239    
   0.00000000       0.00000000     -0.993944764    
   0.00000000       0.00000000     -0.993949473    
   0.00000000       0.00000000     -0.994110644    
   0.00000000       0.00000000     -0.994139075    
   0.00000000       0.00000000     -0.994309723    
   0.00000000       0.00000000     -0.994390309    
   0.00000000       0.00000000     -0.994504035    
   0.00000000       0.00000000     -0.994572759    
   0.00000000       0.00000000     -0.994672298    
   0.00000000       0.00000000     -0.994743407    
   0.00000000       0.00000000     -0.994857192    
   0.00000000       0.00000000     -0.994909286    
   0.00000000       0.00000000     -0.994994640    
   0.00000000       0.00000000     -0.995053887    
   0.00000000       0.00000000     -0.995169997    
   0.00000000       0.00000000     -0.995236397    
   0.00000000       0.00000000     -0.995238721    
   0.00000000       0.00000000     -0.995350122    
   0.00000000       0.00000000     -0.995406985    
   0.00000000       0.00000000     -0.995480478    
   0.00000000       0.00000000     -0.995527864    
   0.00000000       0.00000000     -0.995617926    
   0.00000000       0.00000000     -0.995643973    
   0.00000000       0.00000000     -0.995710373    
   0.00000000       0.00000000     -0.995767236    
   0.00000000       0.00000000     -0.995817006    
   0.00000000       0.00000000     -0.995854914    
   0.00000000       0.00000000     -0.995928407    
   0.00000000       0.00000000     -0.995971084    
   0.00000000       0.00000000     -0.996020854    
   0.00000000       0.00000000     -0.996058762    
   0.00000000       0.00000000     -0.996119201    
   0.00000000       0.00000000     -0.996152401    
   0.00000000       0.00000000     -0.996202111    
   0.00000000       0.00000000     -0.996250689    
   0.00000000       0.00000000     -0.996289849    
   0.00000000       0.00000000     -0.996318281    
   0.00000000       0.00000000     -0.996379912    
   0.00000000       0.00000000     -0.996410668    
   0.00000000       0.00000000     -0.996442139    
   0.00000000       0.00000000     -0.996497750    
   0.00000000       0.00000000     -0.996522129    
   0.00000000       0.00000000     -0.996554375    
   0.00000000       0.00000000     -0.996595502    
   0.00000000       0.00000000     -0.996626973    
   0.00000000       0.00000000     -0.996664345    
   0.00000000       0.00000000     -0.996698856    
